"event","trial","time","trialtype","subject_id","task","startTime","totalTime","trial_type","trial_index","time_elapsed","internal_node_id","view_history","rt","success","stimulus","key_press","sureOffer","riskyOffer","riskyLeft","sureAmt","riskyAmt","chosen"
"focus","0","0","focusevent","60ed200c728ab881912aac11","bdp_rd","Mon Mar 27 2023 00:15:45 GMT-0400 (Eastern Daylight Time)","236868","","","","","","","","","","","","","","",""
"","","","","60ed200c728ab881912aac11","bdp_rd","Mon Mar 27 2023 00:15:45 GMT-0400 (Eastern Daylight Time)","236868","pavlovia","0","10","0.0-0.0","","","","","","","","","","",""
"","","","","60ed200c728ab881912aac11","bdp_rd","Mon Mar 27 2023 00:15:45 GMT-0400 (Eastern Daylight Time)","236868","instructions","1","2839","0.0-1.0","[{""page_index"":0,""viewing_time"":2817}]","2817","","","","","","","","",""
"fullscreenexit","2","7287","fullscreenexit","60ed200c728ab881912aac11","bdp_rd","Mon Mar 27 2023 00:15:45 GMT-0400 (Eastern Daylight Time)","236868","","","","","","","","","","","","","","",""
"","","","","60ed200c728ab881912aac11","bdp_rd","Mon Mar 27 2023 00:15:45 GMT-0400 (Eastern Daylight Time)","236868","fullscreen","2","8022","0.0-2.0","","","true","","","","","","","",""
"","","","fullscreenfail","60ed200c728ab881912aac11","bdp_rd","Mon Mar 27 2023 00:15:45 GMT-0400 (Eastern Daylight Time)","236868","image-keyboard-response","3","12045","0.0-3.0-0.0","","4012","","","32","","","","","",""
"","","","","60ed200c728ab881912aac11","bdp_rd","Mon Mar 27 2023 00:15:45 GMT-0400 (Eastern Daylight Time)","236868","instructions","4","49328","0.0-4.0","[{""page_index"":0,""viewing_time"":19856},{""page_index"":1,""viewing_time"":10175},{""page_index"":2,""viewing_time"":6991}]","37022","","","","","","","","",""
"","","","FIX","60ed200c728ab881912aac11","bdp_rd","Mon Mar 27 2023 00:15:45 GMT-0400 (Eastern Daylight Time)","236868","html-keyboard-response","5","49835","0.0-5.0-1.0","","null","","<div class='trialBorder'><div class='vertical-center'><img style='vertical-align:center; align:center' src=img/fixation3.jpg></div></div>","null","","","","","",""
"","","","offer","60ed200c728ab881912aac11","bdp_rd","Mon Mar 27 2023 00:15:45 GMT-0400 (Eastern Daylight Time)","236868","html-keyboard-response","6","56636","0.0-5.0-2.0","","6794","","<div class='trialBorder'><div class='vertical-center'><img style='vertical-align:center; align:center' src=img/fixation3.jpg></div><div class='cl'><div class='vertical-center'>$12<br>with a<br>50% chance</div></div><div class='cr'><div class='vertical-center'>$3<br>for<br>sure</div></div><div class='respDivL'><div class='vertical-center'>(E)</div></div><div class='respDivR'><div class='vertical-center'>(I)</div></div></div>","I","$3","$12","1","3","12","SURE"
"","","","offerFB","60ed200c728ab881912aac11","bdp_rd","Mon Mar 27 2023 00:15:45 GMT-0400 (Eastern Daylight Time)","236868","html-keyboard-response","7","56897","0.0-5.0-3.0","","null","","<div class='trialBorder'><div class='vertical-center'><img style='vertical-align:center; align:center' src=img/fixation3.jpg></div><div class='cl'><div class='vertical-center'>$12<br>with a<br>50% chance</div></div><div class='cr'><div class='vertical-center'><font style='color:orange'>$3<br>for<br>sure</font></div></div><div class='respDivL'><div class='vertical-center'>(E)</div></div><div class='respDivR'><div class='vertical-center'><font style='color:orange'>(I)</font></div></div></div>","null","$3","$12","1","3","12",""
"","","","FIX","60ed200c728ab881912aac11","bdp_rd","Mon Mar 27 2023 00:15:45 GMT-0400 (Eastern Daylight Time)","236868","html-keyboard-response","8","57414","0.0-5.0-1.1","","null","","<div class='trialBorder'><div class='vertical-center'><img style='vertical-align:center; align:center' src=img/fixation3.jpg></div></div>","null","","","","","",""
"","","","offer","60ed200c728ab881912aac11","bdp_rd","Mon Mar 27 2023 00:15:45 GMT-0400 (Eastern Daylight Time)","236868","html-keyboard-response","9","61742","0.0-5.0-2.1","","4325","","<div class='trialBorder'><div class='vertical-center'><img style='vertical-align:center; align:center' src=img/fixation3.jpg></div><div class='cl'><div class='vertical-center'>$26<br>for<br>sure</div></div><div class='cr'><div class='vertical-center'>$92<br>with a<br>50% chance</div></div><div class='respDivL'><div class='vertical-center'>(E)</div></div><div class='respDivR'><div class='vertical-center'>(I)</div></div></div>","E","$26","$92","0","26","92","SURE"
"","","","offerFB","60ed200c728ab881912aac11","bdp_rd","Mon Mar 27 2023 00:15:45 GMT-0400 (Eastern Daylight Time)","236868","html-keyboard-response","10","62008","0.0-5.0-3.1","","null","","<div class='trialBorder'><div class='vertical-center'><img style='vertical-align:center; align:center' src=img/fixation3.jpg></div><div class='cl'><div class='vertical-center'><font style='color:orange'>$26<br>for<br>sure</font></div></div><div class='cr'><div class='vertical-center'>$92<br>with a<br>50% chance</div></div><div class='respDivL'><div class='vertical-center'><font style='color:orange'>(E)</font></div></div><div class='respDivR'><div class='vertical-center'>(I)</div></div></div>","null","$26","$92","0","26","92",""
"","","","FIX","60ed200c728ab881912aac11","bdp_rd","Mon Mar 27 2023 00:15:45 GMT-0400 (Eastern Daylight Time)","236868","html-keyboard-response","11","62522","0.0-5.0-1.2","","null","","<div class='trialBorder'><div class='vertical-center'><img style='vertical-align:center; align:center' src=img/fixation3.jpg></div></div>","null","","","","","",""
"","","","offer","60ed200c728ab881912aac11","bdp_rd","Mon Mar 27 2023 00:15:45 GMT-0400 (Eastern Daylight Time)","236868","html-keyboard-response","12","64686","0.0-5.0-2.2","","2160","","<div class='trialBorder'><div class='vertical-center'><img style='vertical-align:center; align:center' src=img/fixation3.jpg></div><div class='cl'><div class='vertical-center'>$13<br>for<br>sure</div></div><div class='cr'><div class='vertical-center'>$41<br>with a<br>50% chance</div></div><div class='respDivL'><div class='vertical-center'>(E)</div></div><div class='respDivR'><div class='vertical-center'>(I)</div></div></div>","E","$13","$41","0","13","41","SURE"
"","","","offerFB","60ed200c728ab881912aac11","bdp_rd","Mon Mar 27 2023 00:15:45 GMT-0400 (Eastern Daylight Time)","236868","html-keyboard-response","13","64944","0.0-5.0-3.2","","null","","<div class='trialBorder'><div class='vertical-center'><img style='vertical-align:center; align:center' src=img/fixation3.jpg></div><div class='cl'><div class='vertical-center'><font style='color:orange'>$13<br>for<br>sure</font></div></div><div class='cr'><div class='vertical-center'>$41<br>with a<br>50% chance</div></div><div class='respDivL'><div class='vertical-center'><font style='color:orange'>(E)</font></div></div><div class='respDivR'><div class='vertical-center'>(I)</div></div></div>","null","$13","$41","0","13","41",""
"","","","FIX","60ed200c728ab881912aac11","bdp_rd","Mon Mar 27 2023 00:15:45 GMT-0400 (Eastern Daylight Time)","236868","html-keyboard-response","14","65461","0.0-5.0-1.3","","null","","<div class='trialBorder'><div class='vertical-center'><img style='vertical-align:center; align:center' src=img/fixation3.jpg></div></div>","null","","","","","",""
"","","","offer","60ed200c728ab881912aac11","bdp_rd","Mon Mar 27 2023 00:15:45 GMT-0400 (Eastern Daylight Time)","236868","html-keyboard-response","15","67455","0.0-5.0-2.3","","1981","","<div class='trialBorder'><div class='vertical-center'><img style='vertical-align:center; align:center' src=img/fixation3.jpg></div><div class='cl'><div class='vertical-center'>$1<br>for<br>sure</div></div><div class='cr'><div class='vertical-center'>$30<br>with a<br>50% chance</div></div><div class='respDivL'><div class='vertical-center'>(E)</div></div><div class='respDivR'><div class='vertical-center'>(I)</div></div></div>","I","$1","$30","0","1","30","RISKY"
"","","","offerFB","60ed200c728ab881912aac11","bdp_rd","Mon Mar 27 2023 00:15:45 GMT-0400 (Eastern Daylight Time)","236868","html-keyboard-response","16","67725","0.0-5.0-3.3","","null","","<div class='trialBorder'><div class='vertical-center'><img style='vertical-align:center; align:center' src=img/fixation3.jpg></div><div class='cl'><div class='vertical-center'>$1<br>for<br>sure</div></div><div class='cr'><div class='vertical-center'><font style='color:orange'>$30<br>with a<br>50% chance</font></div></div><div class='respDivL'><div class='vertical-center'>(E)</div></div><div class='respDivR'><div class='vertical-center'><font style='color:orange'>(I)</font></div></div></div>","null","$1","$30","0","1","30",""
"","","","FIX","60ed200c728ab881912aac11","bdp_rd","Mon Mar 27 2023 00:15:45 GMT-0400 (Eastern Daylight Time)","236868","html-keyboard-response","17","68241","0.0-5.0-1.4","","null","","<div class='trialBorder'><div class='vertical-center'><img style='vertical-align:center; align:center' src=img/fixation3.jpg></div></div>","null","","","","","",""
"","","","offer","60ed200c728ab881912aac11","bdp_rd","Mon Mar 27 2023 00:15:45 GMT-0400 (Eastern Daylight Time)","236868","html-keyboard-response","18","73172","0.0-5.0-2.4","","4926","","<div class='trialBorder'><div class='vertical-center'><img style='vertical-align:center; align:center' src=img/fixation3.jpg></div><div class='cl'><div class='vertical-center'>$59<br>with a<br>50% chance</div></div><div class='cr'><div class='vertical-center'>$22<br>for<br>sure</div></div><div class='respDivL'><div class='vertical-center'>(E)</div></div><div class='respDivR'><div class='vertical-center'>(I)</div></div></div>","I","$22","$59","1","22","59","SURE"
"","","","offerFB","60ed200c728ab881912aac11","bdp_rd","Mon Mar 27 2023 00:15:45 GMT-0400 (Eastern Daylight Time)","236868","html-keyboard-response","19","73429","0.0-5.0-3.4","","null","","<div class='trialBorder'><div class='vertical-center'><img style='vertical-align:center; align:center' src=img/fixation3.jpg></div><div class='cl'><div class='vertical-center'>$59<br>with a<br>50% chance</div></div><div class='cr'><div class='vertical-center'><font style='color:orange'>$22<br>for<br>sure</font></div></div><div class='respDivL'><div class='vertical-center'>(E)</div></div><div class='respDivR'><div class='vertical-center'><font style='color:orange'>(I)</font></div></div></div>","null","$22","$59","1","22","59",""
"","","","FIX","60ed200c728ab881912aac11","bdp_rd","Mon Mar 27 2023 00:15:45 GMT-0400 (Eastern Daylight Time)","236868","html-keyboard-response","20","73944","0.0-5.0-1.5","","null","","<div class='trialBorder'><div class='vertical-center'><img style='vertical-align:center; align:center' src=img/fixation3.jpg></div></div>","null","","","","","",""
"","","","offer","60ed200c728ab881912aac11","bdp_rd","Mon Mar 27 2023 00:15:45 GMT-0400 (Eastern Daylight Time)","236868","html-keyboard-response","21","77188","0.0-5.0-2.5","","3238","","<div class='trialBorder'><div class='vertical-center'><img style='vertical-align:center; align:center' src=img/fixation3.jpg></div><div class='cl'><div class='vertical-center'>$62<br>with a<br>50% chance</div></div><div class='cr'><div class='vertical-center'>$11<br>for<br>sure</div></div><div class='respDivL'><div class='vertical-center'>(E)</div></div><div class='respDivR'><div class='vertical-center'>(I)</div></div></div>","E","$11","$62","1","11","62","RISKY"
"","","","offerFB","60ed200c728ab881912aac11","bdp_rd","Mon Mar 27 2023 00:15:45 GMT-0400 (Eastern Daylight Time)","236868","html-keyboard-response","22","77444","0.0-5.0-3.5","","null","","<div class='trialBorder'><div class='vertical-center'><img style='vertical-align:center; align:center' src=img/fixation3.jpg></div><div class='cl'><div class='vertical-center'><font style='color:orange'>$62<br>with a<br>50% chance</font></div></div><div class='cr'><div class='vertical-center'>$11<br>for<br>sure</div></div><div class='respDivL'><div class='vertical-center'><font style='color:orange'>(E)</font></div></div><div class='respDivR'><div class='vertical-center'>(I)</div></div></div>","null","$11","$62","1","11","62",""
"","","","FIX","60ed200c728ab881912aac11","bdp_rd","Mon Mar 27 2023 00:15:45 GMT-0400 (Eastern Daylight Time)","236868","html-keyboard-response","23","77960","0.0-5.0-1.6","","null","","<div class='trialBorder'><div class='vertical-center'><img style='vertical-align:center; align:center' src=img/fixation3.jpg></div></div>","null","","","","","",""
"","","","offer","60ed200c728ab881912aac11","bdp_rd","Mon Mar 27 2023 00:15:45 GMT-0400 (Eastern Daylight Time)","236868","html-keyboard-response","24","80491","0.0-5.0-2.6","","2528","","<div class='trialBorder'><div class='vertical-center'><img style='vertical-align:center; align:center' src=img/fixation3.jpg></div><div class='cl'><div class='vertical-center'>$18<br>for<br>sure</div></div><div class='cr'><div class='vertical-center'>$39<br>with a<br>50% chance</div></div><div class='respDivL'><div class='vertical-center'>(E)</div></div><div class='respDivR'><div class='vertical-center'>(I)</div></div></div>","E","$18","$39","0","18","39","SURE"
"","","","offerFB","60ed200c728ab881912aac11","bdp_rd","Mon Mar 27 2023 00:15:45 GMT-0400 (Eastern Daylight Time)","236868","html-keyboard-response","25","80757","0.0-5.0-3.6","","null","","<div class='trialBorder'><div class='vertical-center'><img style='vertical-align:center; align:center' src=img/fixation3.jpg></div><div class='cl'><div class='vertical-center'><font style='color:orange'>$18<br>for<br>sure</font></div></div><div class='cr'><div class='vertical-center'>$39<br>with a<br>50% chance</div></div><div class='respDivL'><div class='vertical-center'><font style='color:orange'>(E)</font></div></div><div class='respDivR'><div class='vertical-center'>(I)</div></div></div>","null","$18","$39","0","18","39",""
"","","","FIX","60ed200c728ab881912aac11","bdp_rd","Mon Mar 27 2023 00:15:45 GMT-0400 (Eastern Daylight Time)","236868","html-keyboard-response","26","81272","0.0-5.0-1.7","","null","","<div class='trialBorder'><div class='vertical-center'><img style='vertical-align:center; align:center' src=img/fixation3.jpg></div></div>","null","","","","","",""
"","","","offer","60ed200c728ab881912aac11","bdp_rd","Mon Mar 27 2023 00:15:45 GMT-0400 (Eastern Daylight Time)","236868","html-keyboard-response","27","84961","0.0-5.0-2.7","","3685","","<div class='trialBorder'><div class='vertical-center'><img style='vertical-align:center; align:center' src=img/fixation3.jpg></div><div class='cl'><div class='vertical-center'>$63<br>for<br>sure</div></div><div class='cr'><div class='vertical-center'>$100<br>with a<br>50% chance</div></div><div class='respDivL'><div class='vertical-center'>(E)</div></div><div class='respDivR'><div class='vertical-center'>(I)</div></div></div>","E","$63","$100","0","63","10","SURE"
"","","","offerFB","60ed200c728ab881912aac11","bdp_rd","Mon Mar 27 2023 00:15:45 GMT-0400 (Eastern Daylight Time)","236868","html-keyboard-response","28","85226","0.0-5.0-3.7","","null","","<div class='trialBorder'><div class='vertical-center'><img style='vertical-align:center; align:center' src=img/fixation3.jpg></div><div class='cl'><div class='vertical-center'><font style='color:orange'>$63<br>for<br>sure</font></div></div><div class='cr'><div class='vertical-center'>$100<br>with a<br>50% chance</div></div><div class='respDivL'><div class='vertical-center'><font style='color:orange'>(E)</font></div></div><div class='respDivR'><div class='vertical-center'>(I)</div></div></div>","null","$63","$100","0","63","10",""
"","","","FIX","60ed200c728ab881912aac11","bdp_rd","Mon Mar 27 2023 00:15:45 GMT-0400 (Eastern Daylight Time)","236868","html-keyboard-response","29","85741","0.0-5.0-1.8","","null","","<div class='trialBorder'><div class='vertical-center'><img style='vertical-align:center; align:center' src=img/fixation3.jpg></div></div>","null","","","","","",""
"","","","offer","60ed200c728ab881912aac11","bdp_rd","Mon Mar 27 2023 00:15:45 GMT-0400 (Eastern Daylight Time)","236868","html-keyboard-response","30","88267","0.0-5.0-2.8","","2523","","<div class='trialBorder'><div class='vertical-center'><img style='vertical-align:center; align:center' src=img/fixation3.jpg></div><div class='cl'><div class='vertical-center'>$19<br>for<br>sure</div></div><div class='cr'><div class='vertical-center'>$51<br>with a<br>50% chance</div></div><div class='respDivL'><div class='vertical-center'>(E)</div></div><div class='respDivR'><div class='vertical-center'>(I)</div></div></div>","E","$19","$51","0","19","51","SURE"
"","","","offerFB","60ed200c728ab881912aac11","bdp_rd","Mon Mar 27 2023 00:15:45 GMT-0400 (Eastern Daylight Time)","236868","html-keyboard-response","31","88523","0.0-5.0-3.8","","null","","<div class='trialBorder'><div class='vertical-center'><img style='vertical-align:center; align:center' src=img/fixation3.jpg></div><div class='cl'><div class='vertical-center'><font style='color:orange'>$19<br>for<br>sure</font></div></div><div class='cr'><div class='vertical-center'>$51<br>with a<br>50% chance</div></div><div class='respDivL'><div class='vertical-center'><font style='color:orange'>(E)</font></div></div><div class='respDivR'><div class='vertical-center'>(I)</div></div></div>","null","$19","$51","0","19","51",""
"","","","FIX","60ed200c728ab881912aac11","bdp_rd","Mon Mar 27 2023 00:15:45 GMT-0400 (Eastern Daylight Time)","236868","html-keyboard-response","32","89038","0.0-5.0-1.9","","null","","<div class='trialBorder'><div class='vertical-center'><img style='vertical-align:center; align:center' src=img/fixation3.jpg></div></div>","null","","","","","",""
"","","","offer","60ed200c728ab881912aac11","bdp_rd","Mon Mar 27 2023 00:15:45 GMT-0400 (Eastern Daylight Time)","236868","html-keyboard-response","33","90938","0.0-5.0-2.9","","1897","","<div class='trialBorder'><div class='vertical-center'><img style='vertical-align:center; align:center' src=img/fixation3.jpg></div><div class='cl'><div class='vertical-center'>$33<br>for<br>sure</div></div><div class='cr'><div class='vertical-center'>$66<br>with a<br>50% chance</div></div><div class='respDivL'><div class='vertical-center'>(E)</div></div><div class='respDivR'><div class='vertical-center'>(I)</div></div></div>","E","$33","$66","0","33","66","SURE"
"","","","offerFB","60ed200c728ab881912aac11","bdp_rd","Mon Mar 27 2023 00:15:45 GMT-0400 (Eastern Daylight Time)","236868","html-keyboard-response","34","91194","0.0-5.0-3.9","","null","","<div class='trialBorder'><div class='vertical-center'><img style='vertical-align:center; align:center' src=img/fixation3.jpg></div><div class='cl'><div class='vertical-center'><font style='color:orange'>$33<br>for<br>sure</font></div></div><div class='cr'><div class='vertical-center'>$66<br>with a<br>50% chance</div></div><div class='respDivL'><div class='vertical-center'><font style='color:orange'>(E)</font></div></div><div class='respDivR'><div class='vertical-center'>(I)</div></div></div>","null","$33","$66","0","33","66",""
"","","","FIX","60ed200c728ab881912aac11","bdp_rd","Mon Mar 27 2023 00:15:45 GMT-0400 (Eastern Daylight Time)","236868","html-keyboard-response","35","91709","0.0-5.0-1.10","","null","","<div class='trialBorder'><div class='vertical-center'><img style='vertical-align:center; align:center' src=img/fixation3.jpg></div></div>","null","","","","","",""
"","","","offer","60ed200c728ab881912aac11","bdp_rd","Mon Mar 27 2023 00:15:45 GMT-0400 (Eastern Daylight Time)","236868","html-keyboard-response","36","93287","0.0-5.0-2.10","","1574","","<div class='trialBorder'><div class='vertical-center'><img style='vertical-align:center; align:center' src=img/fixation3.jpg></div><div class='cl'><div class='vertical-center'>$20<br>for<br>sure</div></div><div class='cr'><div class='vertical-center'>$37<br>with a<br>50% chance</div></div><div class='respDivL'><div class='vertical-center'>(E)</div></div><div class='respDivR'><div class='vertical-center'>(I)</div></div></div>","E","$20","$37","0","20","37","SURE"
"","","","offerFB","60ed200c728ab881912aac11","bdp_rd","Mon Mar 27 2023 00:15:45 GMT-0400 (Eastern Daylight Time)","236868","html-keyboard-response","37","93553","0.0-5.0-3.10","","null","","<div class='trialBorder'><div class='vertical-center'><img style='vertical-align:center; align:center' src=img/fixation3.jpg></div><div class='cl'><div class='vertical-center'><font style='color:orange'>$20<br>for<br>sure</font></div></div><div class='cr'><div class='vertical-center'>$37<br>with a<br>50% chance</div></div><div class='respDivL'><div class='vertical-center'><font style='color:orange'>(E)</font></div></div><div class='respDivR'><div class='vertical-center'>(I)</div></div></div>","null","$20","$37","0","20","37",""
"","","","FIX","60ed200c728ab881912aac11","bdp_rd","Mon Mar 27 2023 00:15:45 GMT-0400 (Eastern Daylight Time)","236868","html-keyboard-response","38","94069","0.0-5.0-1.11","","null","","<div class='trialBorder'><div class='vertical-center'><img style='vertical-align:center; align:center' src=img/fixation3.jpg></div></div>","null","","","","","",""
"","","","offer","60ed200c728ab881912aac11","bdp_rd","Mon Mar 27 2023 00:15:45 GMT-0400 (Eastern Daylight Time)","236868","html-keyboard-response","39","96847","0.0-5.0-2.11","","2774","","<div class='trialBorder'><div class='vertical-center'><img style='vertical-align:center; align:center' src=img/fixation3.jpg></div><div class='cl'><div class='vertical-center'>$5<br>for<br>sure</div></div><div class='cr'><div class='vertical-center'>$16<br>with a<br>50% chance</div></div><div class='respDivL'><div class='vertical-center'>(E)</div></div><div class='respDivR'><div class='vertical-center'>(I)</div></div></div>","I","$5","$16","0","5","16","RISKY"
"","","","offerFB","60ed200c728ab881912aac11","bdp_rd","Mon Mar 27 2023 00:15:45 GMT-0400 (Eastern Daylight Time)","236868","html-keyboard-response","40","97100","0.0-5.0-3.11","","null","","<div class='trialBorder'><div class='vertical-center'><img style='vertical-align:center; align:center' src=img/fixation3.jpg></div><div class='cl'><div class='vertical-center'>$5<br>for<br>sure</div></div><div class='cr'><div class='vertical-center'><font style='color:orange'>$16<br>with a<br>50% chance</font></div></div><div class='respDivL'><div class='vertical-center'>(E)</div></div><div class='respDivR'><div class='vertical-center'><font style='color:orange'>(I)</font></div></div></div>","null","$5","$16","0","5","16",""
"","","","FIX","60ed200c728ab881912aac11","bdp_rd","Mon Mar 27 2023 00:15:45 GMT-0400 (Eastern Daylight Time)","236868","html-keyboard-response","41","97616","0.0-5.0-1.12","","null","","<div class='trialBorder'><div class='vertical-center'><img style='vertical-align:center; align:center' src=img/fixation3.jpg></div></div>","null","","","","","",""
"","","","offer","60ed200c728ab881912aac11","bdp_rd","Mon Mar 27 2023 00:15:45 GMT-0400 (Eastern Daylight Time)","236868","html-keyboard-response","42","100088","0.0-5.0-2.12","","2469","","<div class='trialBorder'><div class='vertical-center'><img style='vertical-align:center; align:center' src=img/fixation3.jpg></div><div class='cl'><div class='vertical-center'>$2<br>for<br>sure</div></div><div class='cr'><div class='vertical-center'>$21<br>with a<br>50% chance</div></div><div class='respDivL'><div class='vertical-center'>(E)</div></div><div class='respDivR'><div class='vertical-center'>(I)</div></div></div>","I","$2","$21","0","2","21","RISKY"
"","","","offerFB","60ed200c728ab881912aac11","bdp_rd","Mon Mar 27 2023 00:15:45 GMT-0400 (Eastern Daylight Time)","236868","html-keyboard-response","43","100351","0.0-5.0-3.12","","null","","<div class='trialBorder'><div class='vertical-center'><img style='vertical-align:center; align:center' src=img/fixation3.jpg></div><div class='cl'><div class='vertical-center'>$2<br>for<br>sure</div></div><div class='cr'><div class='vertical-center'><font style='color:orange'>$21<br>with a<br>50% chance</font></div></div><div class='respDivL'><div class='vertical-center'>(E)</div></div><div class='respDivR'><div class='vertical-center'><font style='color:orange'>(I)</font></div></div></div>","null","$2","$21","0","2","21",""
"","","","FIX","60ed200c728ab881912aac11","bdp_rd","Mon Mar 27 2023 00:15:45 GMT-0400 (Eastern Daylight Time)","236868","html-keyboard-response","44","100866","0.0-5.0-1.13","","null","","<div class='trialBorder'><div class='vertical-center'><img style='vertical-align:center; align:center' src=img/fixation3.jpg></div></div>","null","","","","","",""
"","","","offer","60ed200c728ab881912aac11","bdp_rd","Mon Mar 27 2023 00:15:45 GMT-0400 (Eastern Daylight Time)","236868","html-keyboard-response","45","103675","0.0-5.0-2.13","","2808","","<div class='trialBorder'><div class='vertical-center'><img style='vertical-align:center; align:center' src=img/fixation3.jpg></div><div class='cl'><div class='vertical-center'>$71<br>with a<br>50% chance</div></div><div class='cr'><div class='vertical-center'>$7<br>for<br>sure</div></div><div class='respDivL'><div class='vertical-center'>(E)</div></div><div class='respDivR'><div class='vertical-center'>(I)</div></div></div>","E","$7","$71","1","7","71","RISKY"
"","","","offerFB","60ed200c728ab881912aac11","bdp_rd","Mon Mar 27 2023 00:15:45 GMT-0400 (Eastern Daylight Time)","236868","html-keyboard-response","46","103929","0.0-5.0-3.13","","null","","<div class='trialBorder'><div class='vertical-center'><img style='vertical-align:center; align:center' src=img/fixation3.jpg></div><div class='cl'><div class='vertical-center'><font style='color:orange'>$71<br>with a<br>50% chance</font></div></div><div class='cr'><div class='vertical-center'>$7<br>for<br>sure</div></div><div class='respDivL'><div class='vertical-center'><font style='color:orange'>(E)</font></div></div><div class='respDivR'><div class='vertical-center'>(I)</div></div></div>","null","$7","$71","1","7","71",""
"","","","FIX","60ed200c728ab881912aac11","bdp_rd","Mon Mar 27 2023 00:15:45 GMT-0400 (Eastern Daylight Time)","236868","html-keyboard-response","47","104444","0.0-5.0-1.14","","null","","<div class='trialBorder'><div class='vertical-center'><img style='vertical-align:center; align:center' src=img/fixation3.jpg></div></div>","null","","","","","",""
"","","","offer","60ed200c728ab881912aac11","bdp_rd","Mon Mar 27 2023 00:15:45 GMT-0400 (Eastern Daylight Time)","236868","html-keyboard-response","48","106711","0.0-5.0-2.14","","2264","","<div class='trialBorder'><div class='vertical-center'><img style='vertical-align:center; align:center' src=img/fixation3.jpg></div><div class='cl'><div class='vertical-center'>$17<br>for<br>sure</div></div><div class='cr'><div class='vertical-center'>$43<br>with a<br>50% chance</div></div><div class='respDivL'><div class='vertical-center'>(E)</div></div><div class='respDivR'><div class='vertical-center'>(I)</div></div></div>","I","$17","$43","0","17","43","RISKY"
"","","","offerFB","60ed200c728ab881912aac11","bdp_rd","Mon Mar 27 2023 00:15:45 GMT-0400 (Eastern Daylight Time)","236868","html-keyboard-response","49","106976","0.0-5.0-3.14","","null","","<div class='trialBorder'><div class='vertical-center'><img style='vertical-align:center; align:center' src=img/fixation3.jpg></div><div class='cl'><div class='vertical-center'>$17<br>for<br>sure</div></div><div class='cr'><div class='vertical-center'><font style='color:orange'>$43<br>with a<br>50% chance</font></div></div><div class='respDivL'><div class='vertical-center'>(E)</div></div><div class='respDivR'><div class='vertical-center'><font style='color:orange'>(I)</font></div></div></div>","null","$17","$43","0","17","43",""
"","","","FIX","60ed200c728ab881912aac11","bdp_rd","Mon Mar 27 2023 00:15:45 GMT-0400 (Eastern Daylight Time)","236868","html-keyboard-response","50","107491","0.0-5.0-1.15","","null","","<div class='trialBorder'><div class='vertical-center'><img style='vertical-align:center; align:center' src=img/fixation3.jpg></div></div>","null","","","","","",""
"","","","offer","60ed200c728ab881912aac11","bdp_rd","Mon Mar 27 2023 00:15:45 GMT-0400 (Eastern Daylight Time)","236868","html-keyboard-response","51","110290","0.0-5.0-2.15","","2796","","<div class='trialBorder'><div class='vertical-center'><img style='vertical-align:center; align:center' src=img/fixation3.jpg></div><div class='cl'><div class='vertical-center'>$32<br>with a<br>50% chance</div></div><div class='cr'><div class='vertical-center'>$9<br>for<br>sure</div></div><div class='respDivL'><div class='vertical-center'>(E)</div></div><div class='respDivR'><div class='vertical-center'>(I)</div></div></div>","I","$9","$32","1","9","32","SURE"
"","","","offerFB","60ed200c728ab881912aac11","bdp_rd","Mon Mar 27 2023 00:15:45 GMT-0400 (Eastern Daylight Time)","236868","html-keyboard-response","52","110554","0.0-5.0-3.15","","null","","<div class='trialBorder'><div class='vertical-center'><img style='vertical-align:center; align:center' src=img/fixation3.jpg></div><div class='cl'><div class='vertical-center'>$32<br>with a<br>50% chance</div></div><div class='cr'><div class='vertical-center'><font style='color:orange'>$9<br>for<br>sure</font></div></div><div class='respDivL'><div class='vertical-center'>(E)</div></div><div class='respDivR'><div class='vertical-center'><font style='color:orange'>(I)</font></div></div></div>","null","$9","$32","1","9","32",""
"","","","FIX","60ed200c728ab881912aac11","bdp_rd","Mon Mar 27 2023 00:15:45 GMT-0400 (Eastern Daylight Time)","236868","html-keyboard-response","53","111069","0.0-5.0-1.16","","null","","<div class='trialBorder'><div class='vertical-center'><img style='vertical-align:center; align:center' src=img/fixation3.jpg></div></div>","null","","","","","",""
"","","","offer","60ed200c728ab881912aac11","bdp_rd","Mon Mar 27 2023 00:15:45 GMT-0400 (Eastern Daylight Time)","236868","html-keyboard-response","54","113000","0.0-5.0-2.16","","1926","","<div class='trialBorder'><div class='vertical-center'><img style='vertical-align:center; align:center' src=img/fixation3.jpg></div><div class='cl'><div class='vertical-center'>$34<br>with a<br>50% chance</div></div><div class='cr'><div class='vertical-center'>$15<br>for<br>sure</div></div><div class='respDivL'><div class='vertical-center'>(E)</div></div><div class='respDivR'><div class='vertical-center'>(I)</div></div></div>","I","$15","$34","1","15","34","SURE"
"","","","offerFB","60ed200c728ab881912aac11","bdp_rd","Mon Mar 27 2023 00:15:45 GMT-0400 (Eastern Daylight Time)","236868","html-keyboard-response","55","113257","0.0-5.0-3.16","","null","","<div class='trialBorder'><div class='vertical-center'><img style='vertical-align:center; align:center' src=img/fixation3.jpg></div><div class='cl'><div class='vertical-center'>$34<br>with a<br>50% chance</div></div><div class='cr'><div class='vertical-center'><font style='color:orange'>$15<br>for<br>sure</font></div></div><div class='respDivL'><div class='vertical-center'>(E)</div></div><div class='respDivR'><div class='vertical-center'><font style='color:orange'>(I)</font></div></div></div>","null","$15","$34","1","15","34",""
"","","","FIX","60ed200c728ab881912aac11","bdp_rd","Mon Mar 27 2023 00:15:45 GMT-0400 (Eastern Daylight Time)","236868","html-keyboard-response","56","113772","0.0-5.0-1.17","","null","","<div class='trialBorder'><div class='vertical-center'><img style='vertical-align:center; align:center' src=img/fixation3.jpg></div></div>","null","","","","","",""
"","","","offer","60ed200c728ab881912aac11","bdp_rd","Mon Mar 27 2023 00:15:45 GMT-0400 (Eastern Daylight Time)","236868","html-keyboard-response","57","115321","0.0-5.0-2.17","","1546","","<div class='trialBorder'><div class='vertical-center'><img style='vertical-align:center; align:center' src=img/fixation3.jpg></div><div class='cl'><div class='vertical-center'>$28<br>with a<br>50% chance</div></div><div class='cr'><div class='vertical-center'>$16<br>for<br>sure</div></div><div class='respDivL'><div class='vertical-center'>(E)</div></div><div class='respDivR'><div class='vertical-center'>(I)</div></div></div>","I","$16","$28","1","16","28","SURE"
"","","","offerFB","60ed200c728ab881912aac11","bdp_rd","Mon Mar 27 2023 00:15:45 GMT-0400 (Eastern Daylight Time)","236868","html-keyboard-response","58","115585","0.0-5.0-3.17","","null","","<div class='trialBorder'><div class='vertical-center'><img style='vertical-align:center; align:center' src=img/fixation3.jpg></div><div class='cl'><div class='vertical-center'>$28<br>with a<br>50% chance</div></div><div class='cr'><div class='vertical-center'><font style='color:orange'>$16<br>for<br>sure</font></div></div><div class='respDivL'><div class='vertical-center'>(E)</div></div><div class='respDivR'><div class='vertical-center'><font style='color:orange'>(I)</font></div></div></div>","null","$16","$28","1","16","28",""
"","","","FIX","60ed200c728ab881912aac11","bdp_rd","Mon Mar 27 2023 00:15:45 GMT-0400 (Eastern Daylight Time)","236868","html-keyboard-response","59","116101","0.0-5.0-1.18","","null","","<div class='trialBorder'><div class='vertical-center'><img style='vertical-align:center; align:center' src=img/fixation3.jpg></div></div>","null","","","","","",""
"","","","offer","60ed200c728ab881912aac11","bdp_rd","Mon Mar 27 2023 00:15:45 GMT-0400 (Eastern Daylight Time)","236868","html-keyboard-response","60","118010","0.0-5.0-2.18","","1908","","<div class='trialBorder'><div class='vertical-center'><img style='vertical-align:center; align:center' src=img/fixation3.jpg></div><div class='cl'><div class='vertical-center'>$47<br>with a<br>50% chance</div></div><div class='cr'><div class='vertical-center'>$27<br>for<br>sure</div></div><div class='respDivL'><div class='vertical-center'>(E)</div></div><div class='respDivR'><div class='vertical-center'>(I)</div></div></div>","I","$27","$47","1","27","47","SURE"
"","","","offerFB","60ed200c728ab881912aac11","bdp_rd","Mon Mar 27 2023 00:15:45 GMT-0400 (Eastern Daylight Time)","236868","html-keyboard-response","61","118273","0.0-5.0-3.18","","null","","<div class='trialBorder'><div class='vertical-center'><img style='vertical-align:center; align:center' src=img/fixation3.jpg></div><div class='cl'><div class='vertical-center'>$47<br>with a<br>50% chance</div></div><div class='cr'><div class='vertical-center'><font style='color:orange'>$27<br>for<br>sure</font></div></div><div class='respDivL'><div class='vertical-center'>(E)</div></div><div class='respDivR'><div class='vertical-center'><font style='color:orange'>(I)</font></div></div></div>","null","$27","$47","1","27","47",""
"","","","FIX","60ed200c728ab881912aac11","bdp_rd","Mon Mar 27 2023 00:15:45 GMT-0400 (Eastern Daylight Time)","236868","html-keyboard-response","62","118788","0.0-5.0-1.19","","null","","<div class='trialBorder'><div class='vertical-center'><img style='vertical-align:center; align:center' src=img/fixation3.jpg></div></div>","null","","","","","",""
"","","","offer","60ed200c728ab881912aac11","bdp_rd","Mon Mar 27 2023 00:15:45 GMT-0400 (Eastern Daylight Time)","236868","html-keyboard-response","63","122366","0.0-5.0-2.19","","3574","","<div class='trialBorder'><div class='vertical-center'><img style='vertical-align:center; align:center' src=img/fixation3.jpg></div><div class='cl'><div class='vertical-center'>$31<br>for<br>sure</div></div><div class='cr'><div class='vertical-center'>$78<br>with a<br>50% chance</div></div><div class='respDivL'><div class='vertical-center'>(E)</div></div><div class='respDivR'><div class='vertical-center'>(I)</div></div></div>","I","$31","$78","0","31","78","RISKY"
"","","","offerFB","60ed200c728ab881912aac11","bdp_rd","Mon Mar 27 2023 00:15:45 GMT-0400 (Eastern Daylight Time)","236868","html-keyboard-response","64","122633","0.0-5.0-3.19","","null","","<div class='trialBorder'><div class='vertical-center'><img style='vertical-align:center; align:center' src=img/fixation3.jpg></div><div class='cl'><div class='vertical-center'>$31<br>for<br>sure</div></div><div class='cr'><div class='vertical-center'><font style='color:orange'>$78<br>with a<br>50% chance</font></div></div><div class='respDivL'><div class='vertical-center'>(E)</div></div><div class='respDivR'><div class='vertical-center'><font style='color:orange'>(I)</font></div></div></div>","null","$31","$78","0","31","78",""
"","","","FIX","60ed200c728ab881912aac11","bdp_rd","Mon Mar 27 2023 00:15:45 GMT-0400 (Eastern Daylight Time)","236868","html-keyboard-response","65","123147","0.0-5.0-1.20","","null","","<div class='trialBorder'><div class='vertical-center'><img style='vertical-align:center; align:center' src=img/fixation3.jpg></div></div>","null","","","","","",""
"","","","offer","60ed200c728ab881912aac11","bdp_rd","Mon Mar 27 2023 00:15:45 GMT-0400 (Eastern Daylight Time)","236868","html-keyboard-response","66","126670","0.0-5.0-2.20","","3521","","<div class='trialBorder'><div class='vertical-center'><img style='vertical-align:center; align:center' src=img/fixation3.jpg></div><div class='cl'><div class='vertical-center'>$53<br>for<br>sure</div></div><div class='cr'><div class='vertical-center'>$98<br>with a<br>50% chance</div></div><div class='respDivL'><div class='vertical-center'>(E)</div></div><div class='respDivR'><div class='vertical-center'>(I)</div></div></div>","E","$53","$98","0","53","98","SURE"
"","","","offerFB","60ed200c728ab881912aac11","bdp_rd","Mon Mar 27 2023 00:15:45 GMT-0400 (Eastern Daylight Time)","236868","html-keyboard-response","67","126929","0.0-5.0-3.20","","null","","<div class='trialBorder'><div class='vertical-center'><img style='vertical-align:center; align:center' src=img/fixation3.jpg></div><div class='cl'><div class='vertical-center'><font style='color:orange'>$53<br>for<br>sure</font></div></div><div class='cr'><div class='vertical-center'>$98<br>with a<br>50% chance</div></div><div class='respDivL'><div class='vertical-center'><font style='color:orange'>(E)</font></div></div><div class='respDivR'><div class='vertical-center'>(I)</div></div></div>","null","$53","$98","0","53","98",""
"","","","FIX","60ed200c728ab881912aac11","bdp_rd","Mon Mar 27 2023 00:15:45 GMT-0400 (Eastern Daylight Time)","236868","html-keyboard-response","68","127447","0.0-5.0-1.21","","null","","<div class='trialBorder'><div class='vertical-center'><img style='vertical-align:center; align:center' src=img/fixation3.jpg></div></div>","null","","","","","",""
"","","","offer","60ed200c728ab881912aac11","bdp_rd","Mon Mar 27 2023 00:15:45 GMT-0400 (Eastern Daylight Time)","236868","html-keyboard-response","69","129233","0.0-5.0-2.21","","1783","","<div class='trialBorder'><div class='vertical-center'><img style='vertical-align:center; align:center' src=img/fixation3.jpg></div><div class='cl'><div class='vertical-center'>$65<br>with a<br>50% chance</div></div><div class='cr'><div class='vertical-center'>$46<br>for<br>sure</div></div><div class='respDivL'><div class='vertical-center'>(E)</div></div><div class='respDivR'><div class='vertical-center'>(I)</div></div></div>","I","$46","$65","1","46","65","SURE"
"","","","offerFB","60ed200c728ab881912aac11","bdp_rd","Mon Mar 27 2023 00:15:45 GMT-0400 (Eastern Daylight Time)","236868","html-keyboard-response","70","129491","0.0-5.0-3.21","","null","","<div class='trialBorder'><div class='vertical-center'><img style='vertical-align:center; align:center' src=img/fixation3.jpg></div><div class='cl'><div class='vertical-center'>$65<br>with a<br>50% chance</div></div><div class='cr'><div class='vertical-center'><font style='color:orange'>$46<br>for<br>sure</font></div></div><div class='respDivL'><div class='vertical-center'>(E)</div></div><div class='respDivR'><div class='vertical-center'><font style='color:orange'>(I)</font></div></div></div>","null","$46","$65","1","46","65",""
"","","","FIX","60ed200c728ab881912aac11","bdp_rd","Mon Mar 27 2023 00:15:45 GMT-0400 (Eastern Daylight Time)","236868","html-keyboard-response","71","130007","0.0-5.0-1.22","","null","","<div class='trialBorder'><div class='vertical-center'><img style='vertical-align:center; align:center' src=img/fixation3.jpg></div></div>","null","","","","","",""
"","","","offer","60ed200c728ab881912aac11","bdp_rd","Mon Mar 27 2023 00:15:45 GMT-0400 (Eastern Daylight Time)","236868","html-keyboard-response","72","131766","0.0-5.0-2.22","","1756","","<div class='trialBorder'><div class='vertical-center'><img style='vertical-align:center; align:center' src=img/fixation3.jpg></div><div class='cl'><div class='vertical-center'>$15<br>with a<br>50% chance</div></div><div class='cr'><div class='vertical-center'>$6<br>for<br>sure</div></div><div class='respDivL'><div class='vertical-center'>(E)</div></div><div class='respDivR'><div class='vertical-center'>(I)</div></div></div>","E","$6","$15","1","6","15","RISKY"
"","","","offerFB","60ed200c728ab881912aac11","bdp_rd","Mon Mar 27 2023 00:15:45 GMT-0400 (Eastern Daylight Time)","236868","html-keyboard-response","73","132022","0.0-5.0-3.22","","null","","<div class='trialBorder'><div class='vertical-center'><img style='vertical-align:center; align:center' src=img/fixation3.jpg></div><div class='cl'><div class='vertical-center'><font style='color:orange'>$15<br>with a<br>50% chance</font></div></div><div class='cr'><div class='vertical-center'>$6<br>for<br>sure</div></div><div class='respDivL'><div class='vertical-center'><font style='color:orange'>(E)</font></div></div><div class='respDivR'><div class='vertical-center'>(I)</div></div></div>","null","$6","$15","1","6","15",""
"","","","FIX","60ed200c728ab881912aac11","bdp_rd","Mon Mar 27 2023 00:15:45 GMT-0400 (Eastern Daylight Time)","236868","html-keyboard-response","74","132538","0.0-5.0-1.23","","null","","<div class='trialBorder'><div class='vertical-center'><img style='vertical-align:center; align:center' src=img/fixation3.jpg></div></div>","null","","","","","",""
"","","","offer","60ed200c728ab881912aac11","bdp_rd","Mon Mar 27 2023 00:15:45 GMT-0400 (Eastern Daylight Time)","236868","html-keyboard-response","75","135733","0.0-5.0-2.23","","3191","","<div class='trialBorder'><div class='vertical-center'><img style='vertical-align:center; align:center' src=img/fixation3.jpg></div><div class='cl'><div class='vertical-center'>$24<br>with a<br>50% chance</div></div><div class='cr'><div class='vertical-center'>$13<br>for<br>sure</div></div><div class='respDivL'><div class='vertical-center'>(E)</div></div><div class='respDivR'><div class='vertical-center'>(I)</div></div></div>","I","$13","$24","1","13","24","SURE"
"","","","offerFB","60ed200c728ab881912aac11","bdp_rd","Mon Mar 27 2023 00:15:45 GMT-0400 (Eastern Daylight Time)","236868","html-keyboard-response","76","135992","0.0-5.0-3.23","","null","","<div class='trialBorder'><div class='vertical-center'><img style='vertical-align:center; align:center' src=img/fixation3.jpg></div><div class='cl'><div class='vertical-center'>$24<br>with a<br>50% chance</div></div><div class='cr'><div class='vertical-center'><font style='color:orange'>$13<br>for<br>sure</font></div></div><div class='respDivL'><div class='vertical-center'>(E)</div></div><div class='respDivR'><div class='vertical-center'><font style='color:orange'>(I)</font></div></div></div>","null","$13","$24","1","13","24",""
"","","","FIX","60ed200c728ab881912aac11","bdp_rd","Mon Mar 27 2023 00:15:45 GMT-0400 (Eastern Daylight Time)","236868","html-keyboard-response","77","136507","0.0-5.0-1.24","","null","","<div class='trialBorder'><div class='vertical-center'><img style='vertical-align:center; align:center' src=img/fixation3.jpg></div></div>","null","","","","","",""
"","","","offer","60ed200c728ab881912aac11","bdp_rd","Mon Mar 27 2023 00:15:45 GMT-0400 (Eastern Daylight Time)","236868","html-keyboard-response","78","139168","0.0-5.0-2.24","","2659","","<div class='trialBorder'><div class='vertical-center'><img style='vertical-align:center; align:center' src=img/fixation3.jpg></div><div class='cl'><div class='vertical-center'>$95<br>with a<br>50% chance</div></div><div class='cr'><div class='vertical-center'>$40<br>for<br>sure</div></div><div class='respDivL'><div class='vertical-center'>(E)</div></div><div class='respDivR'><div class='vertical-center'>(I)</div></div></div>","I","$40","$95","1","40","95","SURE"
"","","","offerFB","60ed200c728ab881912aac11","bdp_rd","Mon Mar 27 2023 00:15:45 GMT-0400 (Eastern Daylight Time)","236868","html-keyboard-response","79","139429","0.0-5.0-3.24","","null","","<div class='trialBorder'><div class='vertical-center'><img style='vertical-align:center; align:center' src=img/fixation3.jpg></div><div class='cl'><div class='vertical-center'>$95<br>with a<br>50% chance</div></div><div class='cr'><div class='vertical-center'><font style='color:orange'>$40<br>for<br>sure</font></div></div><div class='respDivL'><div class='vertical-center'>(E)</div></div><div class='respDivR'><div class='vertical-center'><font style='color:orange'>(I)</font></div></div></div>","null","$40","$95","1","40","95",""
"","","","FIX","60ed200c728ab881912aac11","bdp_rd","Mon Mar 27 2023 00:15:45 GMT-0400 (Eastern Daylight Time)","236868","html-keyboard-response","80","139944","0.0-5.0-1.25","","null","","<div class='trialBorder'><div class='vertical-center'><img style='vertical-align:center; align:center' src=img/fixation3.jpg></div></div>","null","","","","","",""
"","","","offer","60ed200c728ab881912aac11","bdp_rd","Mon Mar 27 2023 00:15:45 GMT-0400 (Eastern Daylight Time)","236868","html-keyboard-response","81","141886","0.0-5.0-2.25","","1939","","<div class='trialBorder'><div class='vertical-center'><img style='vertical-align:center; align:center' src=img/fixation3.jpg></div><div class='cl'><div class='vertical-center'>$12<br>for<br>sure</div></div><div class='cr'><div class='vertical-center'>$35<br>with a<br>50% chance</div></div><div class='respDivL'><div class='vertical-center'>(E)</div></div><div class='respDivR'><div class='vertical-center'>(I)</div></div></div>","E","$12","$35","0","12","35","SURE"
"","","","offerFB","60ed200c728ab881912aac11","bdp_rd","Mon Mar 27 2023 00:15:45 GMT-0400 (Eastern Daylight Time)","236868","html-keyboard-response","82","142148","0.0-5.0-3.25","","null","","<div class='trialBorder'><div class='vertical-center'><img style='vertical-align:center; align:center' src=img/fixation3.jpg></div><div class='cl'><div class='vertical-center'><font style='color:orange'>$12<br>for<br>sure</font></div></div><div class='cr'><div class='vertical-center'>$35<br>with a<br>50% chance</div></div><div class='respDivL'><div class='vertical-center'><font style='color:orange'>(E)</font></div></div><div class='respDivR'><div class='vertical-center'>(I)</div></div></div>","null","$12","$35","0","12","35",""
"","","","FIX","60ed200c728ab881912aac11","bdp_rd","Mon Mar 27 2023 00:15:45 GMT-0400 (Eastern Daylight Time)","236868","html-keyboard-response","83","142663","0.0-5.0-1.26","","null","","<div class='trialBorder'><div class='vertical-center'><img style='vertical-align:center; align:center' src=img/fixation3.jpg></div></div>","null","","","","","",""
"","","","offer","60ed200c728ab881912aac11","bdp_rd","Mon Mar 27 2023 00:15:45 GMT-0400 (Eastern Daylight Time)","236868","html-keyboard-response","84","144012","0.0-5.0-2.26","","1346","","<div class='trialBorder'><div class='vertical-center'><img style='vertical-align:center; align:center' src=img/fixation3.jpg></div><div class='cl'><div class='vertical-center'>$15<br>for<br>sure</div></div><div class='cr'><div class='vertical-center'>$31<br>with a<br>50% chance</div></div><div class='respDivL'><div class='vertical-center'>(E)</div></div><div class='respDivR'><div class='vertical-center'>(I)</div></div></div>","E","$15","$31","0","15","31","SURE"
"","","","offerFB","60ed200c728ab881912aac11","bdp_rd","Mon Mar 27 2023 00:15:45 GMT-0400 (Eastern Daylight Time)","236868","html-keyboard-response","85","144272","0.0-5.0-3.26","","null","","<div class='trialBorder'><div class='vertical-center'><img style='vertical-align:center; align:center' src=img/fixation3.jpg></div><div class='cl'><div class='vertical-center'><font style='color:orange'>$15<br>for<br>sure</font></div></div><div class='cr'><div class='vertical-center'>$31<br>with a<br>50% chance</div></div><div class='respDivL'><div class='vertical-center'><font style='color:orange'>(E)</font></div></div><div class='respDivR'><div class='vertical-center'>(I)</div></div></div>","null","$15","$31","0","15","31",""
"","","","FIX","60ed200c728ab881912aac11","bdp_rd","Mon Mar 27 2023 00:15:45 GMT-0400 (Eastern Daylight Time)","236868","html-keyboard-response","86","144788","0.0-5.0-1.27","","null","","<div class='trialBorder'><div class='vertical-center'><img style='vertical-align:center; align:center' src=img/fixation3.jpg></div></div>","null","","","","","",""
"","","","offer","60ed200c728ab881912aac11","bdp_rd","Mon Mar 27 2023 00:15:45 GMT-0400 (Eastern Daylight Time)","236868","html-keyboard-response","87","146914","0.0-5.0-2.27","","2122","","<div class='trialBorder'><div class='vertical-center'><img style='vertical-align:center; align:center' src=img/fixation3.jpg></div><div class='cl'><div class='vertical-center'>$50<br>with a<br>50% chance</div></div><div class='cr'><div class='vertical-center'>$5<br>for<br>sure</div></div><div class='respDivL'><div class='vertical-center'>(E)</div></div><div class='respDivR'><div class='vertical-center'>(I)</div></div></div>","E","$5","$50","1","5","50","RISKY"
"","","","offerFB","60ed200c728ab881912aac11","bdp_rd","Mon Mar 27 2023 00:15:45 GMT-0400 (Eastern Daylight Time)","236868","html-keyboard-response","88","147179","0.0-5.0-3.27","","null","","<div class='trialBorder'><div class='vertical-center'><img style='vertical-align:center; align:center' src=img/fixation3.jpg></div><div class='cl'><div class='vertical-center'><font style='color:orange'>$50<br>with a<br>50% chance</font></div></div><div class='cr'><div class='vertical-center'>$5<br>for<br>sure</div></div><div class='respDivL'><div class='vertical-center'><font style='color:orange'>(E)</font></div></div><div class='respDivR'><div class='vertical-center'>(I)</div></div></div>","null","$5","$50","1","5","50",""
"","","","FIX","60ed200c728ab881912aac11","bdp_rd","Mon Mar 27 2023 00:15:45 GMT-0400 (Eastern Daylight Time)","236868","html-keyboard-response","89","147694","0.0-5.0-1.28","","null","","<div class='trialBorder'><div class='vertical-center'><img style='vertical-align:center; align:center' src=img/fixation3.jpg></div></div>","null","","","","","",""
"","","","offer","60ed200c728ab881912aac11","bdp_rd","Mon Mar 27 2023 00:15:45 GMT-0400 (Eastern Daylight Time)","236868","html-keyboard-response","90","149951","0.0-5.0-2.28","","2254","","<div class='trialBorder'><div class='vertical-center'><img style='vertical-align:center; align:center' src=img/fixation3.jpg></div><div class='cl'><div class='vertical-center'>$13<br>with a<br>50% chance</div></div><div class='cr'><div class='vertical-center'>$6<br>for<br>sure</div></div><div class='respDivL'><div class='vertical-center'>(E)</div></div><div class='respDivR'><div class='vertical-center'>(I)</div></div></div>","E","$6","$13","1","6","13","RISKY"
"","","","offerFB","60ed200c728ab881912aac11","bdp_rd","Mon Mar 27 2023 00:15:45 GMT-0400 (Eastern Daylight Time)","236868","html-keyboard-response","91","150210","0.0-5.0-3.28","","null","","<div class='trialBorder'><div class='vertical-center'><img style='vertical-align:center; align:center' src=img/fixation3.jpg></div><div class='cl'><div class='vertical-center'><font style='color:orange'>$13<br>with a<br>50% chance</font></div></div><div class='cr'><div class='vertical-center'>$6<br>for<br>sure</div></div><div class='respDivL'><div class='vertical-center'><font style='color:orange'>(E)</font></div></div><div class='respDivR'><div class='vertical-center'>(I)</div></div></div>","null","$6","$13","1","6","13",""
"","","","FIX","60ed200c728ab881912aac11","bdp_rd","Mon Mar 27 2023 00:15:45 GMT-0400 (Eastern Daylight Time)","236868","html-keyboard-response","92","150726","0.0-5.0-1.29","","null","","<div class='trialBorder'><div class='vertical-center'><img style='vertical-align:center; align:center' src=img/fixation3.jpg></div></div>","null","","","","","",""
"","","","offer","60ed200c728ab881912aac11","bdp_rd","Mon Mar 27 2023 00:15:45 GMT-0400 (Eastern Daylight Time)","236868","html-keyboard-response","93","152265","0.0-5.0-2.29","","1537","","<div class='trialBorder'><div class='vertical-center'><img style='vertical-align:center; align:center' src=img/fixation3.jpg></div><div class='cl'><div class='vertical-center'>$33<br>with a<br>50% chance</div></div><div class='cr'><div class='vertical-center'>$1<br>for<br>sure</div></div><div class='respDivL'><div class='vertical-center'>(E)</div></div><div class='respDivR'><div class='vertical-center'>(I)</div></div></div>","E","$1","$33","1","1","33","RISKY"
"","","","offerFB","60ed200c728ab881912aac11","bdp_rd","Mon Mar 27 2023 00:15:45 GMT-0400 (Eastern Daylight Time)","236868","html-keyboard-response","94","152523","0.0-5.0-3.29","","null","","<div class='trialBorder'><div class='vertical-center'><img style='vertical-align:center; align:center' src=img/fixation3.jpg></div><div class='cl'><div class='vertical-center'><font style='color:orange'>$33<br>with a<br>50% chance</font></div></div><div class='cr'><div class='vertical-center'>$1<br>for<br>sure</div></div><div class='respDivL'><div class='vertical-center'><font style='color:orange'>(E)</font></div></div><div class='respDivR'><div class='vertical-center'>(I)</div></div></div>","null","$1","$33","1","1","33",""
"","","","FIX","60ed200c728ab881912aac11","bdp_rd","Mon Mar 27 2023 00:15:45 GMT-0400 (Eastern Daylight Time)","236868","html-keyboard-response","95","153037","0.0-5.0-1.30","","null","","<div class='trialBorder'><div class='vertical-center'><img style='vertical-align:center; align:center' src=img/fixation3.jpg></div></div>","null","","","","","",""
"","","","offer","60ed200c728ab881912aac11","bdp_rd","Mon Mar 27 2023 00:15:45 GMT-0400 (Eastern Daylight Time)","236868","html-keyboard-response","96","155689","0.0-5.0-2.30","","2648","","<div class='trialBorder'><div class='vertical-center'><img style='vertical-align:center; align:center' src=img/fixation3.jpg></div><div class='cl'><div class='vertical-center'>$38<br>with a<br>50% chance</div></div><div class='cr'><div class='vertical-center'>$16<br>for<br>sure</div></div><div class='respDivL'><div class='vertical-center'>(E)</div></div><div class='respDivR'><div class='vertical-center'>(I)</div></div></div>","I","$16","$38","1","16","38","SURE"
"","","","offerFB","60ed200c728ab881912aac11","bdp_rd","Mon Mar 27 2023 00:15:45 GMT-0400 (Eastern Daylight Time)","236868","html-keyboard-response","97","155944","0.0-5.0-3.30","","null","","<div class='trialBorder'><div class='vertical-center'><img style='vertical-align:center; align:center' src=img/fixation3.jpg></div><div class='cl'><div class='vertical-center'>$38<br>with a<br>50% chance</div></div><div class='cr'><div class='vertical-center'><font style='color:orange'>$16<br>for<br>sure</font></div></div><div class='respDivL'><div class='vertical-center'>(E)</div></div><div class='respDivR'><div class='vertical-center'><font style='color:orange'>(I)</font></div></div></div>","null","$16","$38","1","16","38",""
"","","","FIX","60ed200c728ab881912aac11","bdp_rd","Mon Mar 27 2023 00:15:45 GMT-0400 (Eastern Daylight Time)","236868","html-keyboard-response","98","156460","0.0-5.0-1.31","","null","","<div class='trialBorder'><div class='vertical-center'><img style='vertical-align:center; align:center' src=img/fixation3.jpg></div></div>","null","","","","","",""
"","","","offer","60ed200c728ab881912aac11","bdp_rd","Mon Mar 27 2023 00:15:45 GMT-0400 (Eastern Daylight Time)","236868","html-keyboard-response","99","158298","0.0-5.0-2.31","","1834","","<div class='trialBorder'><div class='vertical-center'><img style='vertical-align:center; align:center' src=img/fixation3.jpg></div><div class='cl'><div class='vertical-center'>$69<br>with a<br>50% chance</div></div><div class='cr'><div class='vertical-center'>$58<br>for<br>sure</div></div><div class='respDivL'><div class='vertical-center'>(E)</div></div><div class='respDivR'><div class='vertical-center'>(I)</div></div></div>","I","$58","$69","1","58","69","SURE"
"","","","offerFB","60ed200c728ab881912aac11","bdp_rd","Mon Mar 27 2023 00:15:45 GMT-0400 (Eastern Daylight Time)","236868","html-keyboard-response","100","158554","0.0-5.0-3.31","","null","","<div class='trialBorder'><div class='vertical-center'><img style='vertical-align:center; align:center' src=img/fixation3.jpg></div><div class='cl'><div class='vertical-center'>$69<br>with a<br>50% chance</div></div><div class='cr'><div class='vertical-center'><font style='color:orange'>$58<br>for<br>sure</font></div></div><div class='respDivL'><div class='vertical-center'>(E)</div></div><div class='respDivR'><div class='vertical-center'><font style='color:orange'>(I)</font></div></div></div>","null","$58","$69","1","58","69",""
"","","","FIX","60ed200c728ab881912aac11","bdp_rd","Mon Mar 27 2023 00:15:45 GMT-0400 (Eastern Daylight Time)","236868","html-keyboard-response","101","159070","0.0-5.0-1.32","","null","","<div class='trialBorder'><div class='vertical-center'><img style='vertical-align:center; align:center' src=img/fixation3.jpg></div></div>","null","","","","","",""
"","","","offer","60ed200c728ab881912aac11","bdp_rd","Mon Mar 27 2023 00:15:45 GMT-0400 (Eastern Daylight Time)","236868","html-keyboard-response","102","161227","0.0-5.0-2.32","","2153","","<div class='trialBorder'><div class='vertical-center'><img style='vertical-align:center; align:center' src=img/fixation3.jpg></div><div class='cl'><div class='vertical-center'>$8<br>for<br>sure</div></div><div class='cr'><div class='vertical-center'>$23<br>with a<br>50% chance</div></div><div class='respDivL'><div class='vertical-center'>(E)</div></div><div class='respDivR'><div class='vertical-center'>(I)</div></div></div>","E","$8","$23","0","8","23","SURE"
"","","","offerFB","60ed200c728ab881912aac11","bdp_rd","Mon Mar 27 2023 00:15:45 GMT-0400 (Eastern Daylight Time)","236868","html-keyboard-response","103","161492","0.0-5.0-3.32","","null","","<div class='trialBorder'><div class='vertical-center'><img style='vertical-align:center; align:center' src=img/fixation3.jpg></div><div class='cl'><div class='vertical-center'><font style='color:orange'>$8<br>for<br>sure</font></div></div><div class='cr'><div class='vertical-center'>$23<br>with a<br>50% chance</div></div><div class='respDivL'><div class='vertical-center'><font style='color:orange'>(E)</font></div></div><div class='respDivR'><div class='vertical-center'>(I)</div></div></div>","null","$8","$23","0","8","23",""
"","","","FIX","60ed200c728ab881912aac11","bdp_rd","Mon Mar 27 2023 00:15:45 GMT-0400 (Eastern Daylight Time)","236868","html-keyboard-response","104","162007","0.0-5.0-1.33","","null","","<div class='trialBorder'><div class='vertical-center'><img style='vertical-align:center; align:center' src=img/fixation3.jpg></div></div>","null","","","","","",""
"","","","offer","60ed200c728ab881912aac11","bdp_rd","Mon Mar 27 2023 00:15:45 GMT-0400 (Eastern Daylight Time)","236868","html-keyboard-response","105","163866","0.0-5.0-2.33","","1856","","<div class='trialBorder'><div class='vertical-center'><img style='vertical-align:center; align:center' src=img/fixation3.jpg></div><div class='cl'><div class='vertical-center'>$14<br>for<br>sure</div></div><div class='cr'><div class='vertical-center'>$22<br>with a<br>50% chance</div></div><div class='respDivL'><div class='vertical-center'>(E)</div></div><div class='respDivR'><div class='vertical-center'>(I)</div></div></div>","E","$14","$22","0","14","22","SURE"
"","","","offerFB","60ed200c728ab881912aac11","bdp_rd","Mon Mar 27 2023 00:15:45 GMT-0400 (Eastern Daylight Time)","236868","html-keyboard-response","106","164132","0.0-5.0-3.33","","null","","<div class='trialBorder'><div class='vertical-center'><img style='vertical-align:center; align:center' src=img/fixation3.jpg></div><div class='cl'><div class='vertical-center'><font style='color:orange'>$14<br>for<br>sure</font></div></div><div class='cr'><div class='vertical-center'>$22<br>with a<br>50% chance</div></div><div class='respDivL'><div class='vertical-center'><font style='color:orange'>(E)</font></div></div><div class='respDivR'><div class='vertical-center'>(I)</div></div></div>","null","$14","$22","0","14","22",""
"","","","FIX","60ed200c728ab881912aac11","bdp_rd","Mon Mar 27 2023 00:15:45 GMT-0400 (Eastern Daylight Time)","236868","html-keyboard-response","107","164647","0.0-5.0-1.34","","null","","<div class='trialBorder'><div class='vertical-center'><img style='vertical-align:center; align:center' src=img/fixation3.jpg></div></div>","null","","","","","",""
"","","","offer","60ed200c728ab881912aac11","bdp_rd","Mon Mar 27 2023 00:15:45 GMT-0400 (Eastern Daylight Time)","236868","html-keyboard-response","108","166880","0.0-5.0-2.34","","2230","","<div class='trialBorder'><div class='vertical-center'><img style='vertical-align:center; align:center' src=img/fixation3.jpg></div><div class='cl'><div class='vertical-center'>$44<br>with a<br>50% chance</div></div><div class='cr'><div class='vertical-center'>$37<br>for<br>sure</div></div><div class='respDivL'><div class='vertical-center'>(E)</div></div><div class='respDivR'><div class='vertical-center'>(I)</div></div></div>","I","$37","$44","1","37","44","SURE"
"","","","offerFB","60ed200c728ab881912aac11","bdp_rd","Mon Mar 27 2023 00:15:45 GMT-0400 (Eastern Daylight Time)","236868","html-keyboard-response","109","167148","0.0-5.0-3.34","","null","","<div class='trialBorder'><div class='vertical-center'><img style='vertical-align:center; align:center' src=img/fixation3.jpg></div><div class='cl'><div class='vertical-center'>$44<br>with a<br>50% chance</div></div><div class='cr'><div class='vertical-center'><font style='color:orange'>$37<br>for<br>sure</font></div></div><div class='respDivL'><div class='vertical-center'>(E)</div></div><div class='respDivR'><div class='vertical-center'><font style='color:orange'>(I)</font></div></div></div>","null","$37","$44","1","37","44",""
"","","","FIX","60ed200c728ab881912aac11","bdp_rd","Mon Mar 27 2023 00:15:45 GMT-0400 (Eastern Daylight Time)","236868","html-keyboard-response","110","167663","0.0-5.0-1.35","","null","","<div class='trialBorder'><div class='vertical-center'><img style='vertical-align:center; align:center' src=img/fixation3.jpg></div></div>","null","","","","","",""
"","","","offer","60ed200c728ab881912aac11","bdp_rd","Mon Mar 27 2023 00:15:45 GMT-0400 (Eastern Daylight Time)","236868","html-keyboard-response","111","169512","0.0-5.0-2.35","","1846","","<div class='trialBorder'><div class='vertical-center'><img style='vertical-align:center; align:center' src=img/fixation3.jpg></div><div class='cl'><div class='vertical-center'>$26<br>with a<br>50% chance</div></div><div class='cr'><div class='vertical-center'>$11<br>for<br>sure</div></div><div class='respDivL'><div class='vertical-center'>(E)</div></div><div class='respDivR'><div class='vertical-center'>(I)</div></div></div>","I","$11","$26","1","11","26","SURE"
"","","","offerFB","60ed200c728ab881912aac11","bdp_rd","Mon Mar 27 2023 00:15:45 GMT-0400 (Eastern Daylight Time)","236868","html-keyboard-response","112","169772","0.0-5.0-3.35","","null","","<div class='trialBorder'><div class='vertical-center'><img style='vertical-align:center; align:center' src=img/fixation3.jpg></div><div class='cl'><div class='vertical-center'>$26<br>with a<br>50% chance</div></div><div class='cr'><div class='vertical-center'><font style='color:orange'>$11<br>for<br>sure</font></div></div><div class='respDivL'><div class='vertical-center'>(E)</div></div><div class='respDivR'><div class='vertical-center'><font style='color:orange'>(I)</font></div></div></div>","null","$11","$26","1","11","26",""
"","","","FIX","60ed200c728ab881912aac11","bdp_rd","Mon Mar 27 2023 00:15:45 GMT-0400 (Eastern Daylight Time)","236868","html-keyboard-response","113","170289","0.0-5.0-1.36","","null","","<div class='trialBorder'><div class='vertical-center'><img style='vertical-align:center; align:center' src=img/fixation3.jpg></div></div>","null","","","","","",""
"","","","offer","60ed200c728ab881912aac11","bdp_rd","Mon Mar 27 2023 00:15:45 GMT-0400 (Eastern Daylight Time)","236868","html-keyboard-response","114","171556","0.0-5.0-2.36","","1263","","<div class='trialBorder'><div class='vertical-center'><img style='vertical-align:center; align:center' src=img/fixation3.jpg></div><div class='cl'><div class='vertical-center'>$10<br>with a<br>50% chance</div></div><div class='cr'><div class='vertical-center'>$7<br>for<br>sure</div></div><div class='respDivL'><div class='vertical-center'>(E)</div></div><div class='respDivR'><div class='vertical-center'>(I)</div></div></div>","I","$7","$10","1","7","10","SURE"
"","","","offerFB","60ed200c728ab881912aac11","bdp_rd","Mon Mar 27 2023 00:15:45 GMT-0400 (Eastern Daylight Time)","236868","html-keyboard-response","115","171820","0.0-5.0-3.36","","null","","<div class='trialBorder'><div class='vertical-center'><img style='vertical-align:center; align:center' src=img/fixation3.jpg></div><div class='cl'><div class='vertical-center'>$10<br>with a<br>50% chance</div></div><div class='cr'><div class='vertical-center'><font style='color:orange'>$7<br>for<br>sure</font></div></div><div class='respDivL'><div class='vertical-center'>(E)</div></div><div class='respDivR'><div class='vertical-center'><font style='color:orange'>(I)</font></div></div></div>","null","$7","$10","1","7","10",""
"","","","FIX","60ed200c728ab881912aac11","bdp_rd","Mon Mar 27 2023 00:15:45 GMT-0400 (Eastern Daylight Time)","236868","html-keyboard-response","116","172335","0.0-5.0-1.37","","null","","<div class='trialBorder'><div class='vertical-center'><img style='vertical-align:center; align:center' src=img/fixation3.jpg></div></div>","null","","","","","",""
"","","","offer","60ed200c728ab881912aac11","bdp_rd","Mon Mar 27 2023 00:15:45 GMT-0400 (Eastern Daylight Time)","236868","html-keyboard-response","117","176329","0.0-5.0-2.37","","3993","","<div class='trialBorder'><div class='vertical-center'><img style='vertical-align:center; align:center' src=img/fixation3.jpg></div><div class='cl'><div class='vertical-center'>$89<br>with a<br>50% chance</div></div><div class='cr'><div class='vertical-center'>$28<br>for<br>sure</div></div><div class='respDivL'><div class='vertical-center'>(E)</div></div><div class='respDivR'><div class='vertical-center'>(I)</div></div></div>","I","$28","$89","1","28","89","SURE"
"","","","offerFB","60ed200c728ab881912aac11","bdp_rd","Mon Mar 27 2023 00:15:45 GMT-0400 (Eastern Daylight Time)","236868","html-keyboard-response","118","176585","0.0-5.0-3.37","","null","","<div class='trialBorder'><div class='vertical-center'><img style='vertical-align:center; align:center' src=img/fixation3.jpg></div><div class='cl'><div class='vertical-center'>$89<br>with a<br>50% chance</div></div><div class='cr'><div class='vertical-center'><font style='color:orange'>$28<br>for<br>sure</font></div></div><div class='respDivL'><div class='vertical-center'>(E)</div></div><div class='respDivR'><div class='vertical-center'><font style='color:orange'>(I)</font></div></div></div>","null","$28","$89","1","28","89",""
"","","","FIX","60ed200c728ab881912aac11","bdp_rd","Mon Mar 27 2023 00:15:45 GMT-0400 (Eastern Daylight Time)","236868","html-keyboard-response","119","177101","0.0-5.0-1.38","","null","","<div class='trialBorder'><div class='vertical-center'><img style='vertical-align:center; align:center' src=img/fixation3.jpg></div></div>","null","","","","","",""
"","","","offer","60ed200c728ab881912aac11","bdp_rd","Mon Mar 27 2023 00:15:45 GMT-0400 (Eastern Daylight Time)","236868","html-keyboard-response","120","178714","0.0-5.0-2.38","","1611","","<div class='trialBorder'><div class='vertical-center'><img style='vertical-align:center; align:center' src=img/fixation3.jpg></div><div class='cl'><div class='vertical-center'>$46<br>with a<br>50% chance</div></div><div class='cr'><div class='vertical-center'>$29<br>for<br>sure</div></div><div class='respDivL'><div class='vertical-center'>(E)</div></div><div class='respDivR'><div class='vertical-center'>(I)</div></div></div>","I","$29","$46","1","29","46","SURE"
"","","","offerFB","60ed200c728ab881912aac11","bdp_rd","Mon Mar 27 2023 00:15:45 GMT-0400 (Eastern Daylight Time)","236868","html-keyboard-response","121","178976","0.0-5.0-3.38","","null","","<div class='trialBorder'><div class='vertical-center'><img style='vertical-align:center; align:center' src=img/fixation3.jpg></div><div class='cl'><div class='vertical-center'>$46<br>with a<br>50% chance</div></div><div class='cr'><div class='vertical-center'><font style='color:orange'>$29<br>for<br>sure</font></div></div><div class='respDivL'><div class='vertical-center'>(E)</div></div><div class='respDivR'><div class='vertical-center'><font style='color:orange'>(I)</font></div></div></div>","null","$29","$46","1","29","46",""
"","","","FIX","60ed200c728ab881912aac11","bdp_rd","Mon Mar 27 2023 00:15:45 GMT-0400 (Eastern Daylight Time)","236868","html-keyboard-response","122","179491","0.0-5.0-1.39","","null","","<div class='trialBorder'><div class='vertical-center'><img style='vertical-align:center; align:center' src=img/fixation3.jpg></div></div>","null","","","","","",""
"","","","offer","60ed200c728ab881912aac11","bdp_rd","Mon Mar 27 2023 00:15:45 GMT-0400 (Eastern Daylight Time)","236868","html-keyboard-response","123","181846","0.0-5.0-2.39","","2352","","<div class='trialBorder'><div class='vertical-center'><img style='vertical-align:center; align:center' src=img/fixation3.jpg></div><div class='cl'><div class='vertical-center'>$4<br>for<br>sure</div></div><div class='cr'><div class='vertical-center'>$14<br>with a<br>50% chance</div></div><div class='respDivL'><div class='vertical-center'>(E)</div></div><div class='respDivR'><div class='vertical-center'>(I)</div></div></div>","E","$4","$14","0","4","14","SURE"
"","","","offerFB","60ed200c728ab881912aac11","bdp_rd","Mon Mar 27 2023 00:15:45 GMT-0400 (Eastern Daylight Time)","236868","html-keyboard-response","124","182101","0.0-5.0-3.39","","null","","<div class='trialBorder'><div class='vertical-center'><img style='vertical-align:center; align:center' src=img/fixation3.jpg></div><div class='cl'><div class='vertical-center'><font style='color:orange'>$4<br>for<br>sure</font></div></div><div class='cr'><div class='vertical-center'>$14<br>with a<br>50% chance</div></div><div class='respDivL'><div class='vertical-center'><font style='color:orange'>(E)</font></div></div><div class='respDivR'><div class='vertical-center'>(I)</div></div></div>","null","$4","$14","0","4","14",""
"","","","FIX","60ed200c728ab881912aac11","bdp_rd","Mon Mar 27 2023 00:15:45 GMT-0400 (Eastern Daylight Time)","236868","html-keyboard-response","125","182616","0.0-5.0-1.40","","null","","<div class='trialBorder'><div class='vertical-center'><img style='vertical-align:center; align:center' src=img/fixation3.jpg></div></div>","null","","","","","",""
"","","","offer","60ed200c728ab881912aac11","bdp_rd","Mon Mar 27 2023 00:15:45 GMT-0400 (Eastern Daylight Time)","236868","html-keyboard-response","126","184467","0.0-5.0-2.40","","1847","","<div class='trialBorder'><div class='vertical-center'><img style='vertical-align:center; align:center' src=img/fixation3.jpg></div><div class='cl'><div class='vertical-center'>$18<br>with a<br>50% chance</div></div><div class='cr'><div class='vertical-center'>$9<br>for<br>sure</div></div><div class='respDivL'><div class='vertical-center'>(E)</div></div><div class='respDivR'><div class='vertical-center'>(I)</div></div></div>","I","$9","$18","1","9","18","SURE"
"","","","offerFB","60ed200c728ab881912aac11","bdp_rd","Mon Mar 27 2023 00:15:45 GMT-0400 (Eastern Daylight Time)","236868","html-keyboard-response","127","184726","0.0-5.0-3.40","","null","","<div class='trialBorder'><div class='vertical-center'><img style='vertical-align:center; align:center' src=img/fixation3.jpg></div><div class='cl'><div class='vertical-center'>$18<br>with a<br>50% chance</div></div><div class='cr'><div class='vertical-center'><font style='color:orange'>$9<br>for<br>sure</font></div></div><div class='respDivL'><div class='vertical-center'>(E)</div></div><div class='respDivR'><div class='vertical-center'><font style='color:orange'>(I)</font></div></div></div>","null","$9","$18","1","9","18",""
"","","","FIX","60ed200c728ab881912aac11","bdp_rd","Mon Mar 27 2023 00:15:45 GMT-0400 (Eastern Daylight Time)","236868","html-keyboard-response","128","185241","0.0-5.0-1.41","","null","","<div class='trialBorder'><div class='vertical-center'><img style='vertical-align:center; align:center' src=img/fixation3.jpg></div></div>","null","","","","","",""
"","","","offer","60ed200c728ab881912aac11","bdp_rd","Mon Mar 27 2023 00:15:45 GMT-0400 (Eastern Daylight Time)","236868","html-keyboard-response","129","187153","0.0-5.0-2.41","","1908","","<div class='trialBorder'><div class='vertical-center'><img style='vertical-align:center; align:center' src=img/fixation3.jpg></div><div class='cl'><div class='vertical-center'>$4<br>for<br>sure</div></div><div class='cr'><div class='vertical-center'>$11<br>with a<br>50% chance</div></div><div class='respDivL'><div class='vertical-center'>(E)</div></div><div class='respDivR'><div class='vertical-center'>(I)</div></div></div>","E","$4","$11","0","4","11","SURE"
"","","","offerFB","60ed200c728ab881912aac11","bdp_rd","Mon Mar 27 2023 00:15:45 GMT-0400 (Eastern Daylight Time)","236868","html-keyboard-response","130","187413","0.0-5.0-3.41","","null","","<div class='trialBorder'><div class='vertical-center'><img style='vertical-align:center; align:center' src=img/fixation3.jpg></div><div class='cl'><div class='vertical-center'><font style='color:orange'>$4<br>for<br>sure</font></div></div><div class='cr'><div class='vertical-center'>$11<br>with a<br>50% chance</div></div><div class='respDivL'><div class='vertical-center'><font style='color:orange'>(E)</font></div></div><div class='respDivR'><div class='vertical-center'>(I)</div></div></div>","null","$4","$11","0","4","11",""
"","","","FIX","60ed200c728ab881912aac11","bdp_rd","Mon Mar 27 2023 00:15:45 GMT-0400 (Eastern Daylight Time)","236868","html-keyboard-response","131","187929","0.0-5.0-1.42","","null","","<div class='trialBorder'><div class='vertical-center'><img style='vertical-align:center; align:center' src=img/fixation3.jpg></div></div>","null","","","","","",""
"","","","offer","60ed200c728ab881912aac11","bdp_rd","Mon Mar 27 2023 00:15:45 GMT-0400 (Eastern Daylight Time)","236868","html-keyboard-response","132","190147","0.0-5.0-2.42","","2215","","<div class='trialBorder'><div class='vertical-center'><img style='vertical-align:center; align:center' src=img/fixation3.jpg></div><div class='cl'><div class='vertical-center'>$25<br>with a<br>50% chance</div></div><div class='cr'><div class='vertical-center'>$21<br>for<br>sure</div></div><div class='respDivL'><div class='vertical-center'>(E)</div></div><div class='respDivR'><div class='vertical-center'>(I)</div></div></div>","I","$21","$25","1","21","25","SURE"
"","","","offerFB","60ed200c728ab881912aac11","bdp_rd","Mon Mar 27 2023 00:15:45 GMT-0400 (Eastern Daylight Time)","236868","html-keyboard-response","133","190413","0.0-5.0-3.42","","null","","<div class='trialBorder'><div class='vertical-center'><img style='vertical-align:center; align:center' src=img/fixation3.jpg></div><div class='cl'><div class='vertical-center'>$25<br>with a<br>50% chance</div></div><div class='cr'><div class='vertical-center'><font style='color:orange'>$21<br>for<br>sure</font></div></div><div class='respDivL'><div class='vertical-center'>(E)</div></div><div class='respDivR'><div class='vertical-center'><font style='color:orange'>(I)</font></div></div></div>","null","$21","$25","1","21","25",""
"","","","FIX","60ed200c728ab881912aac11","bdp_rd","Mon Mar 27 2023 00:15:45 GMT-0400 (Eastern Daylight Time)","236868","html-keyboard-response","134","190928","0.0-5.0-1.43","","null","","<div class='trialBorder'><div class='vertical-center'><img style='vertical-align:center; align:center' src=img/fixation3.jpg></div></div>","null","","","","","",""
"","","","offer","60ed200c728ab881912aac11","bdp_rd","Mon Mar 27 2023 00:15:45 GMT-0400 (Eastern Daylight Time)","236868","html-keyboard-response","135","192218","0.0-5.0-2.43","","1288","","<div class='trialBorder'><div class='vertical-center'><img style='vertical-align:center; align:center' src=img/fixation3.jpg></div><div class='cl'><div class='vertical-center'>$22<br>for<br>sure</div></div><div class='cr'><div class='vertical-center'>$42<br>with a<br>50% chance</div></div><div class='respDivL'><div class='vertical-center'>(E)</div></div><div class='respDivR'><div class='vertical-center'>(I)</div></div></div>","E","$22","$42","0","22","42","SURE"
"","","","offerFB","60ed200c728ab881912aac11","bdp_rd","Mon Mar 27 2023 00:15:45 GMT-0400 (Eastern Daylight Time)","236868","html-keyboard-response","136","192476","0.0-5.0-3.43","","null","","<div class='trialBorder'><div class='vertical-center'><img style='vertical-align:center; align:center' src=img/fixation3.jpg></div><div class='cl'><div class='vertical-center'><font style='color:orange'>$22<br>for<br>sure</font></div></div><div class='cr'><div class='vertical-center'>$42<br>with a<br>50% chance</div></div><div class='respDivL'><div class='vertical-center'><font style='color:orange'>(E)</font></div></div><div class='respDivR'><div class='vertical-center'>(I)</div></div></div>","null","$22","$42","0","22","42",""
"","","","FIX","60ed200c728ab881912aac11","bdp_rd","Mon Mar 27 2023 00:15:45 GMT-0400 (Eastern Daylight Time)","236868","html-keyboard-response","137","192992","0.0-5.0-1.44","","null","","<div class='trialBorder'><div class='vertical-center'><img style='vertical-align:center; align:center' src=img/fixation3.jpg></div></div>","null","","","","","",""
"","","","offer","60ed200c728ab881912aac11","bdp_rd","Mon Mar 27 2023 00:15:45 GMT-0400 (Eastern Daylight Time)","236868","html-keyboard-response","138","196383","0.0-5.0-2.44","","3389","","<div class='trialBorder'><div class='vertical-center'><img style='vertical-align:center; align:center' src=img/fixation3.jpg></div><div class='cl'><div class='vertical-center'>$39<br>for<br>sure</div></div><div class='cr'><div class='vertical-center'>$81<br>with a<br>50% chance</div></div><div class='respDivL'><div class='vertical-center'>(E)</div></div><div class='respDivR'><div class='vertical-center'>(I)</div></div></div>","E","$39","$81","0","39","81","SURE"
"","","","offerFB","60ed200c728ab881912aac11","bdp_rd","Mon Mar 27 2023 00:15:45 GMT-0400 (Eastern Daylight Time)","236868","html-keyboard-response","139","196648","0.0-5.0-3.44","","null","","<div class='trialBorder'><div class='vertical-center'><img style='vertical-align:center; align:center' src=img/fixation3.jpg></div><div class='cl'><div class='vertical-center'><font style='color:orange'>$39<br>for<br>sure</font></div></div><div class='cr'><div class='vertical-center'>$81<br>with a<br>50% chance</div></div><div class='respDivL'><div class='vertical-center'><font style='color:orange'>(E)</font></div></div><div class='respDivR'><div class='vertical-center'>(I)</div></div></div>","null","$39","$81","0","39","81",""
"","","","FIX","60ed200c728ab881912aac11","bdp_rd","Mon Mar 27 2023 00:15:45 GMT-0400 (Eastern Daylight Time)","236868","html-keyboard-response","140","197163","0.0-5.0-1.45","","null","","<div class='trialBorder'><div class='vertical-center'><img style='vertical-align:center; align:center' src=img/fixation3.jpg></div></div>","null","","","","","",""
"","","","offer","60ed200c728ab881912aac11","bdp_rd","Mon Mar 27 2023 00:15:45 GMT-0400 (Eastern Daylight Time)","236868","html-keyboard-response","141","198750","0.0-5.0-2.45","","1584","","<div class='trialBorder'><div class='vertical-center'><img style='vertical-align:center; align:center' src=img/fixation3.jpg></div><div class='cl'><div class='vertical-center'>$36<br>with a<br>50% chance</div></div><div class='cr'><div class='vertical-center'>$18<br>for<br>sure</div></div><div class='respDivL'><div class='vertical-center'>(E)</div></div><div class='respDivR'><div class='vertical-center'>(I)</div></div></div>","E","$18","$36","1","18","36","RISKY"
"","","","offerFB","60ed200c728ab881912aac11","bdp_rd","Mon Mar 27 2023 00:15:45 GMT-0400 (Eastern Daylight Time)","236868","html-keyboard-response","142","199007","0.0-5.0-3.45","","null","","<div class='trialBorder'><div class='vertical-center'><img style='vertical-align:center; align:center' src=img/fixation3.jpg></div><div class='cl'><div class='vertical-center'><font style='color:orange'>$36<br>with a<br>50% chance</font></div></div><div class='cr'><div class='vertical-center'>$18<br>for<br>sure</div></div><div class='respDivL'><div class='vertical-center'><font style='color:orange'>(E)</font></div></div><div class='respDivR'><div class='vertical-center'>(I)</div></div></div>","null","$18","$36","1","18","36",""
"","","","FIX","60ed200c728ab881912aac11","bdp_rd","Mon Mar 27 2023 00:15:45 GMT-0400 (Eastern Daylight Time)","236868","html-keyboard-response","143","199522","0.0-5.0-1.46","","null","","<div class='trialBorder'><div class='vertical-center'><img style='vertical-align:center; align:center' src=img/fixation3.jpg></div></div>","null","","","","","",""
"","","","offer","60ed200c728ab881912aac11","bdp_rd","Mon Mar 27 2023 00:15:45 GMT-0400 (Eastern Daylight Time)","236868","html-keyboard-response","144","201000","0.0-5.0-2.46","","1475","","<div class='trialBorder'><div class='vertical-center'><img style='vertical-align:center; align:center' src=img/fixation3.jpg></div><div class='cl'><div class='vertical-center'>$68<br>with a<br>50% chance</div></div><div class='cr'><div class='vertical-center'>$30<br>for<br>sure</div></div><div class='respDivL'><div class='vertical-center'>(E)</div></div><div class='respDivR'><div class='vertical-center'>(I)</div></div></div>","E","$30","$68","1","30","68","RISKY"
"","","","offerFB","60ed200c728ab881912aac11","bdp_rd","Mon Mar 27 2023 00:15:45 GMT-0400 (Eastern Daylight Time)","236868","html-keyboard-response","145","201257","0.0-5.0-3.46","","null","","<div class='trialBorder'><div class='vertical-center'><img style='vertical-align:center; align:center' src=img/fixation3.jpg></div><div class='cl'><div class='vertical-center'><font style='color:orange'>$68<br>with a<br>50% chance</font></div></div><div class='cr'><div class='vertical-center'>$30<br>for<br>sure</div></div><div class='respDivL'><div class='vertical-center'><font style='color:orange'>(E)</font></div></div><div class='respDivR'><div class='vertical-center'>(I)</div></div></div>","null","$30","$68","1","30","68",""
"","","","FIX","60ed200c728ab881912aac11","bdp_rd","Mon Mar 27 2023 00:15:45 GMT-0400 (Eastern Daylight Time)","236868","html-keyboard-response","146","201773","0.0-5.0-1.47","","null","","<div class='trialBorder'><div class='vertical-center'><img style='vertical-align:center; align:center' src=img/fixation3.jpg></div></div>","null","","","","","",""
"","","","offer","60ed200c728ab881912aac11","bdp_rd","Mon Mar 27 2023 00:15:45 GMT-0400 (Eastern Daylight Time)","236868","html-keyboard-response","147","203879","0.0-5.0-2.47","","2103","","<div class='trialBorder'><div class='vertical-center'><img style='vertical-align:center; align:center' src=img/fixation3.jpg></div><div class='cl'><div class='vertical-center'>$8<br>for<br>sure</div></div><div class='cr'><div class='vertical-center'>$45<br>with a<br>50% chance</div></div><div class='respDivL'><div class='vertical-center'>(E)</div></div><div class='respDivR'><div class='vertical-center'>(I)</div></div></div>","E","$8","$45","0","8","45","SURE"
"","","","offerFB","60ed200c728ab881912aac11","bdp_rd","Mon Mar 27 2023 00:15:45 GMT-0400 (Eastern Daylight Time)","236868","html-keyboard-response","148","204147","0.0-5.0-3.47","","null","","<div class='trialBorder'><div class='vertical-center'><img style='vertical-align:center; align:center' src=img/fixation3.jpg></div><div class='cl'><div class='vertical-center'><font style='color:orange'>$8<br>for<br>sure</font></div></div><div class='cr'><div class='vertical-center'>$45<br>with a<br>50% chance</div></div><div class='respDivL'><div class='vertical-center'><font style='color:orange'>(E)</font></div></div><div class='respDivR'><div class='vertical-center'>(I)</div></div></div>","null","$8","$45","0","8","45",""
"","","","FIX","60ed200c728ab881912aac11","bdp_rd","Mon Mar 27 2023 00:15:45 GMT-0400 (Eastern Daylight Time)","236868","html-keyboard-response","149","204663","0.0-5.0-1.48","","null","","<div class='trialBorder'><div class='vertical-center'><img style='vertical-align:center; align:center' src=img/fixation3.jpg></div></div>","null","","","","","",""
"","","","offer","60ed200c728ab881912aac11","bdp_rd","Mon Mar 27 2023 00:15:45 GMT-0400 (Eastern Daylight Time)","236868","html-keyboard-response","150","205863","0.0-5.0-2.48","","1197","","<div class='trialBorder'><div class='vertical-center'><img style='vertical-align:center; align:center' src=img/fixation3.jpg></div><div class='cl'><div class='vertical-center'>$12<br>for<br>sure</div></div><div class='cr'><div class='vertical-center'>$27<br>with a<br>50% chance</div></div><div class='respDivL'><div class='vertical-center'>(E)</div></div><div class='respDivR'><div class='vertical-center'>(I)</div></div></div>","E","$12","$27","0","12","27","SURE"
"","","","offerFB","60ed200c728ab881912aac11","bdp_rd","Mon Mar 27 2023 00:15:45 GMT-0400 (Eastern Daylight Time)","236868","html-keyboard-response","151","206132","0.0-5.0-3.48","","null","","<div class='trialBorder'><div class='vertical-center'><img style='vertical-align:center; align:center' src=img/fixation3.jpg></div><div class='cl'><div class='vertical-center'><font style='color:orange'>$12<br>for<br>sure</font></div></div><div class='cr'><div class='vertical-center'>$27<br>with a<br>50% chance</div></div><div class='respDivL'><div class='vertical-center'><font style='color:orange'>(E)</font></div></div><div class='respDivR'><div class='vertical-center'>(I)</div></div></div>","null","$12","$27","0","12","27",""
"","","","FIX","60ed200c728ab881912aac11","bdp_rd","Mon Mar 27 2023 00:15:45 GMT-0400 (Eastern Daylight Time)","236868","html-keyboard-response","152","206648","0.0-5.0-1.49","","null","","<div class='trialBorder'><div class='vertical-center'><img style='vertical-align:center; align:center' src=img/fixation3.jpg></div></div>","null","","","","","",""
"","","","offer","60ed200c728ab881912aac11","bdp_rd","Mon Mar 27 2023 00:15:45 GMT-0400 (Eastern Daylight Time)","236868","html-keyboard-response","153","207750","0.0-5.0-2.49","","1099","","<div class='trialBorder'><div class='vertical-center'><img style='vertical-align:center; align:center' src=img/fixation3.jpg></div><div class='cl'><div class='vertical-center'>$10<br>for<br>sure</div></div><div class='cr'><div class='vertical-center'>$19<br>with a<br>50% chance</div></div><div class='respDivL'><div class='vertical-center'>(E)</div></div><div class='respDivR'><div class='vertical-center'>(I)</div></div></div>","E","$10","$19","0","10","19","SURE"
"","","","offerFB","60ed200c728ab881912aac11","bdp_rd","Mon Mar 27 2023 00:15:45 GMT-0400 (Eastern Daylight Time)","236868","html-keyboard-response","154","208007","0.0-5.0-3.49","","null","","<div class='trialBorder'><div class='vertical-center'><img style='vertical-align:center; align:center' src=img/fixation3.jpg></div><div class='cl'><div class='vertical-center'><font style='color:orange'>$10<br>for<br>sure</font></div></div><div class='cr'><div class='vertical-center'>$19<br>with a<br>50% chance</div></div><div class='respDivL'><div class='vertical-center'><font style='color:orange'>(E)</font></div></div><div class='respDivR'><div class='vertical-center'>(I)</div></div></div>","null","$10","$19","0","10","19",""
"","","","FIX","60ed200c728ab881912aac11","bdp_rd","Mon Mar 27 2023 00:15:45 GMT-0400 (Eastern Daylight Time)","236868","html-keyboard-response","155","208522","0.0-5.0-1.50","","null","","<div class='trialBorder'><div class='vertical-center'><img style='vertical-align:center; align:center' src=img/fixation3.jpg></div></div>","null","","","","","",""
"","","","offer","60ed200c728ab881912aac11","bdp_rd","Mon Mar 27 2023 00:15:45 GMT-0400 (Eastern Daylight Time)","236868","html-keyboard-response","156","210974","0.0-5.0-2.50","","2450","","<div class='trialBorder'><div class='vertical-center'><img style='vertical-align:center; align:center' src=img/fixation3.jpg></div><div class='cl'><div class='vertical-center'>$10<br>for<br>sure</div></div><div class='cr'><div class='vertical-center'>$40<br>with a<br>50% chance</div></div><div class='respDivL'><div class='vertical-center'>(E)</div></div><div class='respDivR'><div class='vertical-center'>(I)</div></div></div>","E","$10","$40","0","10","40","SURE"
"","","","offerFB","60ed200c728ab881912aac11","bdp_rd","Mon Mar 27 2023 00:15:45 GMT-0400 (Eastern Daylight Time)","236868","html-keyboard-response","157","211241","0.0-5.0-3.50","","null","","<div class='trialBorder'><div class='vertical-center'><img style='vertical-align:center; align:center' src=img/fixation3.jpg></div><div class='cl'><div class='vertical-center'><font style='color:orange'>$10<br>for<br>sure</font></div></div><div class='cr'><div class='vertical-center'>$40<br>with a<br>50% chance</div></div><div class='respDivL'><div class='vertical-center'><font style='color:orange'>(E)</font></div></div><div class='respDivR'><div class='vertical-center'>(I)</div></div></div>","null","$10","$40","0","10","40",""
"","","","FIX","60ed200c728ab881912aac11","bdp_rd","Mon Mar 27 2023 00:15:45 GMT-0400 (Eastern Daylight Time)","236868","html-keyboard-response","158","211757","0.0-5.0-1.51","","null","","<div class='trialBorder'><div class='vertical-center'><img style='vertical-align:center; align:center' src=img/fixation3.jpg></div></div>","null","","","","","",""
"","","","offer","60ed200c728ab881912aac11","bdp_rd","Mon Mar 27 2023 00:15:45 GMT-0400 (Eastern Daylight Time)","236868","html-keyboard-response","159","212994","0.0-5.0-2.51","","1235","","<div class='trialBorder'><div class='vertical-center'><img style='vertical-align:center; align:center' src=img/fixation3.jpg></div><div class='cl'><div class='vertical-center'>$3<br>for<br>sure</div></div><div class='cr'><div class='vertical-center'>$17<br>with a<br>50% chance</div></div><div class='respDivL'><div class='vertical-center'>(E)</div></div><div class='respDivR'><div class='vertical-center'>(I)</div></div></div>","I","$3","$17","0","3","17","RISKY"
"","","","offerFB","60ed200c728ab881912aac11","bdp_rd","Mon Mar 27 2023 00:15:45 GMT-0400 (Eastern Daylight Time)","236868","html-keyboard-response","160","213257","0.0-5.0-3.51","","null","","<div class='trialBorder'><div class='vertical-center'><img style='vertical-align:center; align:center' src=img/fixation3.jpg></div><div class='cl'><div class='vertical-center'>$3<br>for<br>sure</div></div><div class='cr'><div class='vertical-center'><font style='color:orange'>$17<br>with a<br>50% chance</font></div></div><div class='respDivL'><div class='vertical-center'>(E)</div></div><div class='respDivR'><div class='vertical-center'><font style='color:orange'>(I)</font></div></div></div>","null","$3","$17","0","3","17",""
"","","","FIX","60ed200c728ab881912aac11","bdp_rd","Mon Mar 27 2023 00:15:45 GMT-0400 (Eastern Daylight Time)","236868","html-keyboard-response","161","213773","0.0-5.0-1.52","","null","","<div class='trialBorder'><div class='vertical-center'><img style='vertical-align:center; align:center' src=img/fixation3.jpg></div></div>","null","","","","","",""
"","","","offer","60ed200c728ab881912aac11","bdp_rd","Mon Mar 27 2023 00:15:45 GMT-0400 (Eastern Daylight Time)","236868","html-keyboard-response","162","216935","0.0-5.0-2.52","","3159","","<div class='trialBorder'><div class='vertical-center'><img style='vertical-align:center; align:center' src=img/fixation3.jpg></div><div class='cl'><div class='vertical-center'>$70<br>with a<br>50% chance</div></div><div class='cr'><div class='vertical-center'>$24<br>for<br>sure</div></div><div class='respDivL'><div class='vertical-center'>(E)</div></div><div class='respDivR'><div class='vertical-center'>(I)</div></div></div>","I","$24","$70","1","24","70","SURE"
"","","","offerFB","60ed200c728ab881912aac11","bdp_rd","Mon Mar 27 2023 00:15:45 GMT-0400 (Eastern Daylight Time)","236868","html-keyboard-response","163","217195","0.0-5.0-3.52","","null","","<div class='trialBorder'><div class='vertical-center'><img style='vertical-align:center; align:center' src=img/fixation3.jpg></div><div class='cl'><div class='vertical-center'>$70<br>with a<br>50% chance</div></div><div class='cr'><div class='vertical-center'><font style='color:orange'>$24<br>for<br>sure</font></div></div><div class='respDivL'><div class='vertical-center'>(E)</div></div><div class='respDivR'><div class='vertical-center'><font style='color:orange'>(I)</font></div></div></div>","null","$24","$70","1","24","70",""
"","","","FIX","60ed200c728ab881912aac11","bdp_rd","Mon Mar 27 2023 00:15:45 GMT-0400 (Eastern Daylight Time)","236868","html-keyboard-response","164","217710","0.0-5.0-1.53","","null","","<div class='trialBorder'><div class='vertical-center'><img style='vertical-align:center; align:center' src=img/fixation3.jpg></div></div>","null","","","","","",""
"","","","offer","60ed200c728ab881912aac11","bdp_rd","Mon Mar 27 2023 00:15:45 GMT-0400 (Eastern Daylight Time)","236868","html-keyboard-response","165","219818","0.0-5.0-2.53","","2105","","<div class='trialBorder'><div class='vertical-center'><img style='vertical-align:center; align:center' src=img/fixation3.jpg></div><div class='cl'><div class='vertical-center'>$64<br>with a<br>50% chance</div></div><div class='cr'><div class='vertical-center'>$2<br>for<br>sure</div></div><div class='respDivL'><div class='vertical-center'>(E)</div></div><div class='respDivR'><div class='vertical-center'>(I)</div></div></div>","I","$2","$64","1","2","64","SURE"
"","","","offerFB","60ed200c728ab881912aac11","bdp_rd","Mon Mar 27 2023 00:15:45 GMT-0400 (Eastern Daylight Time)","236868","html-keyboard-response","166","220085","0.0-5.0-3.53","","null","","<div class='trialBorder'><div class='vertical-center'><img style='vertical-align:center; align:center' src=img/fixation3.jpg></div><div class='cl'><div class='vertical-center'>$64<br>with a<br>50% chance</div></div><div class='cr'><div class='vertical-center'><font style='color:orange'>$2<br>for<br>sure</font></div></div><div class='respDivL'><div class='vertical-center'>(E)</div></div><div class='respDivR'><div class='vertical-center'><font style='color:orange'>(I)</font></div></div></div>","null","$2","$64","1","2","64",""
"","","","FIX","60ed200c728ab881912aac11","bdp_rd","Mon Mar 27 2023 00:15:45 GMT-0400 (Eastern Daylight Time)","236868","html-keyboard-response","167","220601","0.0-5.0-1.54","","null","","<div class='trialBorder'><div class='vertical-center'><img style='vertical-align:center; align:center' src=img/fixation3.jpg></div></div>","null","","","","","",""
"","","","offer","60ed200c728ab881912aac11","bdp_rd","Mon Mar 27 2023 00:15:45 GMT-0400 (Eastern Daylight Time)","236868","html-keyboard-response","168","222562","0.0-5.0-2.54","","1958","","<div class='trialBorder'><div class='vertical-center'><img style='vertical-align:center; align:center' src=img/fixation3.jpg></div><div class='cl'><div class='vertical-center'>$25<br>for<br>sure</div></div><div class='cr'><div class='vertical-center'>$54<br>with a<br>50% chance</div></div><div class='respDivL'><div class='vertical-center'>(E)</div></div><div class='respDivR'><div class='vertical-center'>(I)</div></div></div>","E","$25","$54","0","25","54","SURE"
"","","","offerFB","60ed200c728ab881912aac11","bdp_rd","Mon Mar 27 2023 00:15:45 GMT-0400 (Eastern Daylight Time)","236868","html-keyboard-response","169","222820","0.0-5.0-3.54","","null","","<div class='trialBorder'><div class='vertical-center'><img style='vertical-align:center; align:center' src=img/fixation3.jpg></div><div class='cl'><div class='vertical-center'><font style='color:orange'>$25<br>for<br>sure</font></div></div><div class='cr'><div class='vertical-center'>$54<br>with a<br>50% chance</div></div><div class='respDivL'><div class='vertical-center'><font style='color:orange'>(E)</font></div></div><div class='respDivR'><div class='vertical-center'>(I)</div></div></div>","null","$25","$54","0","25","54",""
"","","","FIX","60ed200c728ab881912aac11","bdp_rd","Mon Mar 27 2023 00:15:45 GMT-0400 (Eastern Daylight Time)","236868","html-keyboard-response","170","223335","0.0-5.0-1.55","","null","","<div class='trialBorder'><div class='vertical-center'><img style='vertical-align:center; align:center' src=img/fixation3.jpg></div></div>","null","","","","","",""
"","","","offer","60ed200c728ab881912aac11","bdp_rd","Mon Mar 27 2023 00:15:45 GMT-0400 (Eastern Daylight Time)","236868","html-keyboard-response","171","225168","0.0-5.0-2.55","","1830","","<div class='trialBorder'><div class='vertical-center'><img style='vertical-align:center; align:center' src=img/fixation3.jpg></div><div class='cl'><div class='vertical-center'>$29<br>with a<br>50% chance</div></div><div class='cr'><div class='vertical-center'>$14<br>for<br>sure</div></div><div class='respDivL'><div class='vertical-center'>(E)</div></div><div class='respDivR'><div class='vertical-center'>(I)</div></div></div>","I","$14","$29","1","14","29","SURE"
"","","","offerFB","60ed200c728ab881912aac11","bdp_rd","Mon Mar 27 2023 00:15:45 GMT-0400 (Eastern Daylight Time)","236868","html-keyboard-response","172","225429","0.0-5.0-3.55","","null","","<div class='trialBorder'><div class='vertical-center'><img style='vertical-align:center; align:center' src=img/fixation3.jpg></div><div class='cl'><div class='vertical-center'>$29<br>with a<br>50% chance</div></div><div class='cr'><div class='vertical-center'><font style='color:orange'>$14<br>for<br>sure</font></div></div><div class='respDivL'><div class='vertical-center'>(E)</div></div><div class='respDivR'><div class='vertical-center'><font style='color:orange'>(I)</font></div></div></div>","null","$14","$29","1","14","29",""
"","","","FIX","60ed200c728ab881912aac11","bdp_rd","Mon Mar 27 2023 00:15:45 GMT-0400 (Eastern Daylight Time)","236868","html-keyboard-response","173","225945","0.0-5.0-1.56","","null","","<div class='trialBorder'><div class='vertical-center'><img style='vertical-align:center; align:center' src=img/fixation3.jpg></div></div>","null","","","","","",""
"","","","offer","60ed200c728ab881912aac11","bdp_rd","Mon Mar 27 2023 00:15:45 GMT-0400 (Eastern Daylight Time)","236868","html-keyboard-response","174","227496","0.0-5.0-2.56","","1549","","<div class='trialBorder'><div class='vertical-center'><img style='vertical-align:center; align:center' src=img/fixation3.jpg></div><div class='cl'><div class='vertical-center'>$73<br>with a<br>50% chance</div></div><div class='cr'><div class='vertical-center'>$42<br>for<br>sure</div></div><div class='respDivL'><div class='vertical-center'>(E)</div></div><div class='respDivR'><div class='vertical-center'>(I)</div></div></div>","I","$42","$73","1","42","73","SURE"
"","","","offerFB","60ed200c728ab881912aac11","bdp_rd","Mon Mar 27 2023 00:15:45 GMT-0400 (Eastern Daylight Time)","236868","html-keyboard-response","175","227758","0.0-5.0-3.56","","null","","<div class='trialBorder'><div class='vertical-center'><img style='vertical-align:center; align:center' src=img/fixation3.jpg></div><div class='cl'><div class='vertical-center'>$73<br>with a<br>50% chance</div></div><div class='cr'><div class='vertical-center'><font style='color:orange'>$42<br>for<br>sure</font></div></div><div class='respDivL'><div class='vertical-center'>(E)</div></div><div class='respDivR'><div class='vertical-center'><font style='color:orange'>(I)</font></div></div></div>","null","$42","$73","1","42","73",""
"","","","FIX","60ed200c728ab881912aac11","bdp_rd","Mon Mar 27 2023 00:15:45 GMT-0400 (Eastern Daylight Time)","236868","html-keyboard-response","176","228273","0.0-5.0-1.57","","null","","<div class='trialBorder'><div class='vertical-center'><img style='vertical-align:center; align:center' src=img/fixation3.jpg></div></div>","null","","","","","",""
"","","","offer","60ed200c728ab881912aac11","bdp_rd","Mon Mar 27 2023 00:15:45 GMT-0400 (Eastern Daylight Time)","236868","html-keyboard-response","177","231915","0.0-5.0-2.57","","3639","","<div class='trialBorder'><div class='vertical-center'><img style='vertical-align:center; align:center' src=img/fixation3.jpg></div><div class='cl'><div class='vertical-center'>$20<br>for<br>sure</div></div><div class='cr'><div class='vertical-center'>$80<br>with a<br>50% chance</div></div><div class='respDivL'><div class='vertical-center'>(E)</div></div><div class='respDivR'><div class='vertical-center'>(I)</div></div></div>","E","$20","$80","0","20","80","SURE"
"","","","offerFB","60ed200c728ab881912aac11","bdp_rd","Mon Mar 27 2023 00:15:45 GMT-0400 (Eastern Daylight Time)","236868","html-keyboard-response","178","232179","0.0-5.0-3.57","","null","","<div class='trialBorder'><div class='vertical-center'><img style='vertical-align:center; align:center' src=img/fixation3.jpg></div><div class='cl'><div class='vertical-center'><font style='color:orange'>$20<br>for<br>sure</font></div></div><div class='cr'><div class='vertical-center'>$80<br>with a<br>50% chance</div></div><div class='respDivL'><div class='vertical-center'><font style='color:orange'>(E)</font></div></div><div class='respDivR'><div class='vertical-center'>(I)</div></div></div>","null","$20","$80","0","20","80",""
"","","","FIX","60ed200c728ab881912aac11","bdp_rd","Mon Mar 27 2023 00:15:45 GMT-0400 (Eastern Daylight Time)","236868","html-keyboard-response","179","232694","0.0-5.0-1.58","","null","","<div class='trialBorder'><div class='vertical-center'><img style='vertical-align:center; align:center' src=img/fixation3.jpg></div></div>","null","","","","","",""
"","","","offer","60ed200c728ab881912aac11","bdp_rd","Mon Mar 27 2023 00:15:45 GMT-0400 (Eastern Daylight Time)","236868","html-keyboard-response","180","233809","0.0-5.0-2.58","","1113","","<div class='trialBorder'><div class='vertical-center'><img style='vertical-align:center; align:center' src=img/fixation3.jpg></div><div class='cl'><div class='vertical-center'>$45<br>for<br>sure</div></div><div class='cr'><div class='vertical-center'>$86<br>with a<br>50% chance</div></div><div class='respDivL'><div class='vertical-center'>(E)</div></div><div class='respDivR'><div class='vertical-center'>(I)</div></div></div>","E","$45","$86","0","45","86","SURE"
"","","","offerFB","60ed200c728ab881912aac11","bdp_rd","Mon Mar 27 2023 00:15:45 GMT-0400 (Eastern Daylight Time)","236868","html-keyboard-response","181","234070","0.0-5.0-3.58","","null","","<div class='trialBorder'><div class='vertical-center'><img style='vertical-align:center; align:center' src=img/fixation3.jpg></div><div class='cl'><div class='vertical-center'><font style='color:orange'>$45<br>for<br>sure</font></div></div><div class='cr'><div class='vertical-center'>$86<br>with a<br>50% chance</div></div><div class='respDivL'><div class='vertical-center'><font style='color:orange'>(E)</font></div></div><div class='respDivR'><div class='vertical-center'>(I)</div></div></div>","null","$45","$86","0","45","86",""
"","","","FIX","60ed200c728ab881912aac11","bdp_rd","Mon Mar 27 2023 00:15:45 GMT-0400 (Eastern Daylight Time)","236868","html-keyboard-response","182","234585","0.0-5.0-1.59","","null","","<div class='trialBorder'><div class='vertical-center'><img style='vertical-align:center; align:center' src=img/fixation3.jpg></div></div>","null","","","","","",""
"","","","offer","60ed200c728ab881912aac11","bdp_rd","Mon Mar 27 2023 00:15:45 GMT-0400 (Eastern Daylight Time)","236868","html-keyboard-response","183","235584","0.0-5.0-2.59","","996","","<div class='trialBorder'><div class='vertical-center'><img style='vertical-align:center; align:center' src=img/fixation3.jpg></div><div class='cl'><div class='vertical-center'>$34<br>for<br>sure</div></div><div class='cr'><div class='vertical-center'>$48<br>with a<br>50% chance</div></div><div class='respDivL'><div class='vertical-center'>(E)</div></div><div class='respDivR'><div class='vertical-center'>(I)</div></div></div>","E","$34","$48","0","34","48","SURE"
"","","","offerFB","60ed200c728ab881912aac11","bdp_rd","Mon Mar 27 2023 00:15:45 GMT-0400 (Eastern Daylight Time)","236868","html-keyboard-response","184","235851","0.0-5.0-3.59","","null","","<div class='trialBorder'><div class='vertical-center'><img style='vertical-align:center; align:center' src=img/fixation3.jpg></div><div class='cl'><div class='vertical-center'><font style='color:orange'>$34<br>for<br>sure</font></div></div><div class='cr'><div class='vertical-center'>$48<br>with a<br>50% chance</div></div><div class='respDivL'><div class='vertical-center'><font style='color:orange'>(E)</font></div></div><div class='respDivR'><div class='vertical-center'>(I)</div></div></div>","null","$34","$48","0","34","48",""
"fullscreenexit","185","236261","fullscreenexit","60ed200c728ab881912aac11","bdp_rd","Mon Mar 27 2023 00:15:45 GMT-0400 (Eastern Daylight Time)","236868","","","","","","","","","","","","","","",""
"","","","","60ed200c728ab881912aac11","bdp_rd","Mon Mar 27 2023 00:15:45 GMT-0400 (Eastern Daylight Time)","236868","fullscreen","185","236865","0.0-6.0","","","true","","","","","","","",""
"","","","","","","","","html-keyboard-response","186","237382","0.0-7.0","","null","","","null","","","","","",""
