"trial_type","trial_index","time_elapsed","internal_node_id","subject_id","task","startTime","totalTime","fairPartner","unfairPartner","view_history","rt","event","trial","time","trialtype","success","stimulus","key_press","throwsLeft","rtDur","pFair","pUnfair","holder","receiver","animation_sequence","responses"
"pavlovia","0","2","0.0-0.0","633471b7c7b5fa52a0a407a7","bdp_cybrbll","Sat Apr 01 2023 11:40:14 GMT-0400 (Eastern Daylight Time)","442216","3","1","","","","","","","","","","","","","","","","",""
"instructions","1","3922","0.0-1.0","633471b7c7b5fa52a0a407a7","bdp_cybrbll","Sat Apr 01 2023 11:40:14 GMT-0400 (Eastern Daylight Time)","442216","3","1","[{""page_index"":0,""viewing_time"":3919}]","3919","","","","","","","","","","","","","","",""
"","","","","633471b7c7b5fa52a0a407a7","bdp_cybrbll","Sat Apr 01 2023 11:40:14 GMT-0400 (Eastern Daylight Time)","442216","3","1","","","fullscreenenter","2","7959","fullscreenenter","","","","","","","","","","",""
"fullscreen","2","8955","0.0-2.0","633471b7c7b5fa52a0a407a7","bdp_cybrbll","Sat Apr 01 2023 11:40:14 GMT-0400 (Eastern Daylight Time)","442216","3","1","","","","","","","true","","","","","","","","","",""
"instructions","3","46762","0.0-4.0","633471b7c7b5fa52a0a407a7","bdp_cybrbll","Sat Apr 01 2023 11:40:14 GMT-0400 (Eastern Daylight Time)","442216","3","1","[{""page_index"":0,""viewing_time"":37806}]","37806","","","","","","","","","","","","","","",""
"image-keyboard-response","4","48972","0.0-5.0-1.0","633471b7c7b5fa52a0a407a7","bdp_cybrbll","Sat Apr 01 2023 11:40:14 GMT-0400 (Eastern Daylight Time)","442216","3","1","","2209","","","","choice","","img/2to1/1.png","2","225","222","0.5","0.5","2","3","",""
"animation","5","50262","0.0-5.0-2.0","633471b7c7b5fa52a0a407a7","bdp_cybrbll","Sat Apr 01 2023 11:40:14 GMT-0400 (Eastern Daylight Time)","442216","3","1","","","","","","","","","","225","","","","2","3","[{""stimulus"":""img/2to3/1.png"",""time"":101},{""stimulus"":""img/2to3/2.png"",""time"":199},{""stimulus"":""img/2to3/3.png"",""time"":300},{""stimulus"":""img/2to3/4.png"",""time"":408},{""stimulus"":""img/2to3/5.png"",""time"":501},{""stimulus"":""img/2to3/6.png"",""time"":594},{""stimulus"":""img/2to3/7.png"",""time"":693},{""stimulus"":""img/2to3/8.png"",""time"":795},{""stimulus"":""img/2to3/9.png"",""time"":904},{""stimulus"":""img/2to3/10.png"",""time"":995},{""stimulus"":""img/2to3/11.png"",""time"":1103},{""stimulus"":""img/2to3/12.png"",""time"":1196}]","[]"
"image-keyboard-response","6","50721","0.0-5.0-1.1","633471b7c7b5fa52a0a407a7","bdp_cybrbll","Sat Apr 01 2023 11:40:14 GMT-0400 (Eastern Daylight Time)","442216","3","1","","null","","","","observe","","img/3to2/1.png","null","224","458","0.5","0.5","3","2","",""
"animation","7","52019","0.0-5.0-2.1","633471b7c7b5fa52a0a407a7","bdp_cybrbll","Sat Apr 01 2023 11:40:14 GMT-0400 (Eastern Daylight Time)","442216","3","1","","","","","","","","","","224","","","","3","2","[{""stimulus"":""img/3to2/1.png"",""time"":103},{""stimulus"":""img/3to2/2.png"",""time"":211},{""stimulus"":""img/3to2/3.png"",""time"":299},{""stimulus"":""img/3to2/4.png"",""time"":413},{""stimulus"":""img/3to2/5.png"",""time"":496},{""stimulus"":""img/3to2/6.png"",""time"":598},{""stimulus"":""img/3to2/7.png"",""time"":694},{""stimulus"":""img/3to2/8.png"",""time"":800},{""stimulus"":""img/3to2/9.png"",""time"":895},{""stimulus"":""img/3to2/10.png"",""time"":1003},{""stimulus"":""img/3to2/11.png"",""time"":1096},{""stimulus"":""img/3to2/12.png"",""time"":1190}]","[]"
"image-keyboard-response","8","52581","0.0-5.0-1.2","633471b7c7b5fa52a0a407a7","bdp_cybrbll","Sat Apr 01 2023 11:40:14 GMT-0400 (Eastern Daylight Time)","442216","3","1","","561","","","","choice","","img/2to1/1.png","1","223","331","0.5","0.5","2","1","",""
"animation","9","53874","0.0-5.0-2.2","633471b7c7b5fa52a0a407a7","bdp_cybrbll","Sat Apr 01 2023 11:40:14 GMT-0400 (Eastern Daylight Time)","442216","3","1","","","","","","","","","","223","","","","2","1","[{""stimulus"":""img/2to1/1.png"",""time"":99},{""stimulus"":""img/2to1/2.png"",""time"":211},{""stimulus"":""img/2to1/3.png"",""time"":303},{""stimulus"":""img/2to1/4.png"",""time"":410},{""stimulus"":""img/2to1/5.png"",""time"":495},{""stimulus"":""img/2to1/6.png"",""time"":596},{""stimulus"":""img/2to1/7.png"",""time"":704},{""stimulus"":""img/2to1/8.png"",""time"":798},{""stimulus"":""img/2to1/9.png"",""time"":904},{""stimulus"":""img/2to1/10.png"",""time"":991},{""stimulus"":""img/2to1/11.png"",""time"":1090},{""stimulus"":""img/2to1/12.png"",""time"":1188}]","[]"
"image-keyboard-response","10","54060","0.0-5.0-1.3","633471b7c7b5fa52a0a407a7","bdp_cybrbll","Sat Apr 01 2023 11:40:14 GMT-0400 (Eastern Daylight Time)","442216","3","1","","null","","","","observe","","img/1to3/1.png","null","222","177","0.5","0.5","1","2","",""
"animation","11","55360","0.0-5.0-2.3","633471b7c7b5fa52a0a407a7","bdp_cybrbll","Sat Apr 01 2023 11:40:14 GMT-0400 (Eastern Daylight Time)","442216","3","1","","","","","","","","","","222","","","","1","2","[{""stimulus"":""img/1to2/1.png"",""time"":109},{""stimulus"":""img/1to2/2.png"",""time"":199},{""stimulus"":""img/1to2/3.png"",""time"":312},{""stimulus"":""img/1to2/4.png"",""time"":405},{""stimulus"":""img/1to2/5.png"",""time"":496},{""stimulus"":""img/1to2/6.png"",""time"":595},{""stimulus"":""img/1to2/7.png"",""time"":701},{""stimulus"":""img/1to2/8.png"",""time"":808},{""stimulus"":""img/1to2/9.png"",""time"":893},{""stimulus"":""img/1to2/10.png"",""time"":992},{""stimulus"":""img/1to2/11.png"",""time"":1099},{""stimulus"":""img/1to2/12.png"",""time"":1190}]","[]"
"image-keyboard-response","12","55895","0.0-5.0-1.4","633471b7c7b5fa52a0a407a7","bdp_cybrbll","Sat Apr 01 2023 11:40:14 GMT-0400 (Eastern Daylight Time)","442216","3","1","","534","","","","choice","","img/2to1/1.png","2","221","621","0.5","0.5","2","3","",""
"animation","13","57190","0.0-5.0-2.4","633471b7c7b5fa52a0a407a7","bdp_cybrbll","Sat Apr 01 2023 11:40:14 GMT-0400 (Eastern Daylight Time)","442216","3","1","","","","","","","","","","221","","","","2","3","[{""stimulus"":""img/2to3/1.png"",""time"":102},{""stimulus"":""img/2to3/2.png"",""time"":199},{""stimulus"":""img/2to3/3.png"",""time"":303},{""stimulus"":""img/2to3/4.png"",""time"":411},{""stimulus"":""img/2to3/5.png"",""time"":505},{""stimulus"":""img/2to3/6.png"",""time"":596},{""stimulus"":""img/2to3/7.png"",""time"":705},{""stimulus"":""img/2to3/8.png"",""time"":793},{""stimulus"":""img/2to3/9.png"",""time"":906},{""stimulus"":""img/2to3/10.png"",""time"":999},{""stimulus"":""img/2to3/11.png"",""time"":1093},{""stimulus"":""img/2to3/12.png"",""time"":1189}]","[]"
"image-keyboard-response","14","57407","0.0-5.0-1.5","633471b7c7b5fa52a0a407a7","bdp_cybrbll","Sat Apr 01 2023 11:40:14 GMT-0400 (Eastern Daylight Time)","442216","3","1","","null","","","","observe","","img/3to2/1.png","null","220","215","0.5","0.5","3","2","",""
"animation","15","58695","0.0-5.0-2.5","633471b7c7b5fa52a0a407a7","bdp_cybrbll","Sat Apr 01 2023 11:40:14 GMT-0400 (Eastern Daylight Time)","442216","3","1","","","","","","","","","","220","","","","3","2","[{""stimulus"":""img/3to2/1.png"",""time"":110},{""stimulus"":""img/3to2/2.png"",""time"":198},{""stimulus"":""img/3to2/3.png"",""time"":312},{""stimulus"":""img/3to2/4.png"",""time"":397},{""stimulus"":""img/3to2/5.png"",""time"":501},{""stimulus"":""img/3to2/6.png"",""time"":609},{""stimulus"":""img/3to2/7.png"",""time"":702},{""stimulus"":""img/3to2/8.png"",""time"":794},{""stimulus"":""img/3to2/9.png"",""time"":902},{""stimulus"":""img/3to2/10.png"",""time"":991},{""stimulus"":""img/3to2/11.png"",""time"":1090},{""stimulus"":""img/3to2/12.png"",""time"":1194}]","[]"
"image-keyboard-response","16","59210","0.0-5.0-1.6","633471b7c7b5fa52a0a407a7","bdp_cybrbll","Sat Apr 01 2023 11:40:14 GMT-0400 (Eastern Daylight Time)","442216","3","1","","514","","","","choice","","img/2to1/1.png","1","219","732","0.5","0.5","2","1","",""
"animation","17","60497","0.0-5.0-2.6","633471b7c7b5fa52a0a407a7","bdp_cybrbll","Sat Apr 01 2023 11:40:14 GMT-0400 (Eastern Daylight Time)","442216","3","1","","","","","","","","","","219","","","","2","1","[{""stimulus"":""img/2to1/1.png"",""time"":102},{""stimulus"":""img/2to1/2.png"",""time"":209},{""stimulus"":""img/2to1/3.png"",""time"":301},{""stimulus"":""img/2to1/4.png"",""time"":411},{""stimulus"":""img/2to1/5.png"",""time"":495},{""stimulus"":""img/2to1/6.png"",""time"":596},{""stimulus"":""img/2to1/7.png"",""time"":705},{""stimulus"":""img/2to1/8.png"",""time"":798},{""stimulus"":""img/2to1/9.png"",""time"":892},{""stimulus"":""img/2to1/10.png"",""time"":999},{""stimulus"":""img/2to1/11.png"",""time"":1092},{""stimulus"":""img/2to1/12.png"",""time"":1188}]","[]"
"image-keyboard-response","18","61313","0.0-5.0-1.7","633471b7c7b5fa52a0a407a7","bdp_cybrbll","Sat Apr 01 2023 11:40:14 GMT-0400 (Eastern Daylight Time)","442216","3","1","","null","","","","observe","","img/1to3/1.png","null","218","807","0.5","0.5","1","2","",""
"animation","19","62601","0.0-5.0-2.7","633471b7c7b5fa52a0a407a7","bdp_cybrbll","Sat Apr 01 2023 11:40:14 GMT-0400 (Eastern Daylight Time)","442216","3","1","","","","","","","","","","218","","","","1","2","[{""stimulus"":""img/1to2/1.png"",""time"":109},{""stimulus"":""img/1to2/2.png"",""time"":200},{""stimulus"":""img/1to2/3.png"",""time"":308},{""stimulus"":""img/1to2/4.png"",""time"":401},{""stimulus"":""img/1to2/5.png"",""time"":509},{""stimulus"":""img/1to2/6.png"",""time"":602},{""stimulus"":""img/1to2/7.png"",""time"":695},{""stimulus"":""img/1to2/8.png"",""time"":794},{""stimulus"":""img/1to2/9.png"",""time"":898},{""stimulus"":""img/1to2/10.png"",""time"":992},{""stimulus"":""img/1to2/11.png"",""time"":1100},{""stimulus"":""img/1to2/12.png"",""time"":1189}]","[]"
"image-keyboard-response","20","62990","0.0-5.0-1.8","633471b7c7b5fa52a0a407a7","bdp_cybrbll","Sat Apr 01 2023 11:40:14 GMT-0400 (Eastern Daylight Time)","442216","3","1","","388","","","","choice","","img/2to1/1.png","2","217","456","0.5","0.5","2","3","",""
"animation","21","64278","0.0-5.0-2.8","633471b7c7b5fa52a0a407a7","bdp_cybrbll","Sat Apr 01 2023 11:40:14 GMT-0400 (Eastern Daylight Time)","442216","3","1","","","","","","","","","","217","","","","2","3","[{""stimulus"":""img/2to3/1.png"",""time"":103},{""stimulus"":""img/2to3/2.png"",""time"":212},{""stimulus"":""img/2to3/3.png"",""time"":304},{""stimulus"":""img/2to3/4.png"",""time"":411},{""stimulus"":""img/2to3/5.png"",""time"":502},{""stimulus"":""img/2to3/6.png"",""time"":596},{""stimulus"":""img/2to3/7.png"",""time"":694},{""stimulus"":""img/2to3/8.png"",""time"":792},{""stimulus"":""img/2to3/9.png"",""time"":904},{""stimulus"":""img/2to3/10.png"",""time"":991},{""stimulus"":""img/2to3/11.png"",""time"":1091},{""stimulus"":""img/2to3/12.png"",""time"":1200}]","[]"
"image-keyboard-response","22","64636","0.0-5.0-1.9","633471b7c7b5fa52a0a407a7","bdp_cybrbll","Sat Apr 01 2023 11:40:14 GMT-0400 (Eastern Daylight Time)","442216","3","1","","null","","","","observe","","img/3to2/1.png","null","216","356","0.5","0.5","3","1","",""
"animation","23","65937","0.0-5.0-2.9","633471b7c7b5fa52a0a407a7","bdp_cybrbll","Sat Apr 01 2023 11:40:14 GMT-0400 (Eastern Daylight Time)","442216","3","1","","","","","","","","","","216","","","","3","1","[{""stimulus"":""img/3to1/1.png"",""time"":112},{""stimulus"":""img/3to1/2.png"",""time"":204},{""stimulus"":""img/3to1/3.png"",""time"":313},{""stimulus"":""img/3to1/4.png"",""time"":406},{""stimulus"":""img/3to1/5.png"",""time"":498},{""stimulus"":""img/3to1/6.png"",""time"":595},{""stimulus"":""img/3to1/7.png"",""time"":694},{""stimulus"":""img/3to1/8.png"",""time"":792},{""stimulus"":""img/3to1/9.png"",""time"":899},{""stimulus"":""img/3to1/10.png"",""time"":991},{""stimulus"":""img/3to1/11.png"",""time"":1101},{""stimulus"":""img/3to1/12.png"",""time"":1194}]","[]"
"image-keyboard-response","24","66482","0.0-5.0-1.10","633471b7c7b5fa52a0a407a7","bdp_cybrbll","Sat Apr 01 2023 11:40:14 GMT-0400 (Eastern Daylight Time)","442216","3","1","","null","","","","observe","","img/1to3/1.png","null","215","532","0.5","0.5","1","3","",""
"animation","25","67781","0.0-5.0-2.10","633471b7c7b5fa52a0a407a7","bdp_cybrbll","Sat Apr 01 2023 11:40:14 GMT-0400 (Eastern Daylight Time)","442216","3","1","","","","","","","","","","215","","","","1","3","[{""stimulus"":""img/1to3/1.png"",""time"":109},{""stimulus"":""img/1to3/2.png"",""time"":199},{""stimulus"":""img/1to3/3.png"",""time"":310},{""stimulus"":""img/1to3/4.png"",""time"":405},{""stimulus"":""img/1to3/5.png"",""time"":498},{""stimulus"":""img/1to3/6.png"",""time"":605},{""stimulus"":""img/1to3/7.png"",""time"":697},{""stimulus"":""img/1to3/8.png"",""time"":805},{""stimulus"":""img/1to3/9.png"",""time"":892},{""stimulus"":""img/1to3/10.png"",""time"":992},{""stimulus"":""img/1to3/11.png"",""time"":1090},{""stimulus"":""img/1to3/12.png"",""time"":1191}]","[]"
"image-keyboard-response","26","68372","0.0-5.0-1.11","633471b7c7b5fa52a0a407a7","bdp_cybrbll","Sat Apr 01 2023 11:40:14 GMT-0400 (Eastern Daylight Time)","442216","3","1","","null","","","","observe","","img/3to2/1.png","null","214","577","0.5","0.5","3","1","",""
"animation","27","69661","0.0-5.0-2.11","633471b7c7b5fa52a0a407a7","bdp_cybrbll","Sat Apr 01 2023 11:40:14 GMT-0400 (Eastern Daylight Time)","442216","3","1","","","","","","","","","","214","","","","3","1","[{""stimulus"":""img/3to1/1.png"",""time"":109},{""stimulus"":""img/3to1/2.png"",""time"":200},{""stimulus"":""img/3to1/3.png"",""time"":298},{""stimulus"":""img/3to1/4.png"",""time"":397},{""stimulus"":""img/3to1/5.png"",""time"":499},{""stimulus"":""img/3to1/6.png"",""time"":596},{""stimulus"":""img/3to1/7.png"",""time"":704},{""stimulus"":""img/3to1/8.png"",""time"":797},{""stimulus"":""img/3to1/9.png"",""time"":892},{""stimulus"":""img/3to1/10.png"",""time"":998},{""stimulus"":""img/3to1/11.png"",""time"":1091},{""stimulus"":""img/3to1/12.png"",""time"":1199}]","[]"
"image-keyboard-response","28","69895","0.0-5.0-1.12","633471b7c7b5fa52a0a407a7","bdp_cybrbll","Sat Apr 01 2023 11:40:14 GMT-0400 (Eastern Daylight Time)","442216","3","1","","null","","","","observe","","img/1to3/1.png","null","213","222","0.5","0.5","1","2","",""
"animation","29","71183","0.0-5.0-2.12","633471b7c7b5fa52a0a407a7","bdp_cybrbll","Sat Apr 01 2023 11:40:14 GMT-0400 (Eastern Daylight Time)","442216","3","1","","","","","","","","","","213","","","","1","2","[{""stimulus"":""img/1to2/1.png"",""time"":110},{""stimulus"":""img/1to2/2.png"",""time"":199},{""stimulus"":""img/1to2/3.png"",""time"":312},{""stimulus"":""img/1to2/4.png"",""time"":397},{""stimulus"":""img/1to2/5.png"",""time"":496},{""stimulus"":""img/1to2/6.png"",""time"":595},{""stimulus"":""img/1to2/7.png"",""time"":693},{""stimulus"":""img/1to2/8.png"",""time"":793},{""stimulus"":""img/1to2/9.png"",""time"":900},{""stimulus"":""img/1to2/10.png"",""time"":994},{""stimulus"":""img/1to2/11.png"",""time"":1102},{""stimulus"":""img/1to2/12.png"",""time"":1188}]","[]"
"image-keyboard-response","30","72057","0.0-5.0-1.13","633471b7c7b5fa52a0a407a7","bdp_cybrbll","Sat Apr 01 2023 11:40:14 GMT-0400 (Eastern Daylight Time)","442216","3","1","","874","","","","choice","","img/2to1/1.png","2","212","520","0.5","0.5","2","3","",""
"animation","31","73360","0.0-5.0-2.13","633471b7c7b5fa52a0a407a7","bdp_cybrbll","Sat Apr 01 2023 11:40:14 GMT-0400 (Eastern Daylight Time)","442216","3","1","","","","","","","","","","212","","","","2","3","[{""stimulus"":""img/2to3/1.png"",""time"":106},{""stimulus"":""img/2to3/2.png"",""time"":199},{""stimulus"":""img/2to3/3.png"",""time"":308},{""stimulus"":""img/2to3/4.png"",""time"":398},{""stimulus"":""img/2to3/5.png"",""time"":510},{""stimulus"":""img/2to3/6.png"",""time"":595},{""stimulus"":""img/2to3/7.png"",""time"":695},{""stimulus"":""img/2to3/8.png"",""time"":804},{""stimulus"":""img/2to3/9.png"",""time"":899},{""stimulus"":""img/2to3/10.png"",""time"":991},{""stimulus"":""img/2to3/11.png"",""time"":1101},{""stimulus"":""img/2to3/12.png"",""time"":1194}]","[]"
"image-keyboard-response","32","73687","0.0-5.0-1.14","633471b7c7b5fa52a0a407a7","bdp_cybrbll","Sat Apr 01 2023 11:40:14 GMT-0400 (Eastern Daylight Time)","442216","3","1","","null","","","","observe","","img/3to2/1.png","null","211","326","0.5","0.5","3","2","",""
"animation","33","74990","0.0-5.0-2.14","633471b7c7b5fa52a0a407a7","bdp_cybrbll","Sat Apr 01 2023 11:40:14 GMT-0400 (Eastern Daylight Time)","442216","3","1","","","","","","","","","","211","","","","3","2","[{""stimulus"":""img/3to2/1.png"",""time"":107},{""stimulus"":""img/3to2/2.png"",""time"":200},{""stimulus"":""img/3to2/3.png"",""time"":298},{""stimulus"":""img/3to2/4.png"",""time"":397},{""stimulus"":""img/3to2/5.png"",""time"":512},{""stimulus"":""img/3to2/6.png"",""time"":596},{""stimulus"":""img/3to2/7.png"",""time"":695},{""stimulus"":""img/3to2/8.png"",""time"":807},{""stimulus"":""img/3to2/9.png"",""time"":899},{""stimulus"":""img/3to2/10.png"",""time"":992},{""stimulus"":""img/3to2/11.png"",""time"":1091},{""stimulus"":""img/3to2/12.png"",""time"":1195}]","[]"
"image-keyboard-response","34","75168","0.0-5.0-1.15","633471b7c7b5fa52a0a407a7","bdp_cybrbll","Sat Apr 01 2023 11:40:14 GMT-0400 (Eastern Daylight Time)","442216","3","1","","177","","","","choice","","img/2to1/1.png","1","210","675","0.5","0.5","2","1","",""
"animation","35","76456","0.0-5.0-2.15","633471b7c7b5fa52a0a407a7","bdp_cybrbll","Sat Apr 01 2023 11:40:14 GMT-0400 (Eastern Daylight Time)","442216","3","1","","","","","","","","","","210","","","","2","1","[{""stimulus"":""img/2to1/1.png"",""time"":101},{""stimulus"":""img/2to1/2.png"",""time"":199},{""stimulus"":""img/2to1/3.png"",""time"":301},{""stimulus"":""img/2to1/4.png"",""time"":397},{""stimulus"":""img/2to1/5.png"",""time"":497},{""stimulus"":""img/2to1/6.png"",""time"":595},{""stimulus"":""img/2to1/7.png"",""time"":703},{""stimulus"":""img/2to1/8.png"",""time"":793},{""stimulus"":""img/2to1/9.png"",""time"":892},{""stimulus"":""img/2to1/10.png"",""time"":991},{""stimulus"":""img/2to1/11.png"",""time"":1094},{""stimulus"":""img/2to1/12.png"",""time"":1190}]","[]"
"image-keyboard-response","36","77255","0.0-5.0-1.16","633471b7c7b5fa52a0a407a7","bdp_cybrbll","Sat Apr 01 2023 11:40:14 GMT-0400 (Eastern Daylight Time)","442216","3","1","","null","","","","observe","","img/1to3/1.png","null","209","783","0.5","0.5","1","2","",""
"animation","37","78543","0.0-5.0-2.16","633471b7c7b5fa52a0a407a7","bdp_cybrbll","Sat Apr 01 2023 11:40:14 GMT-0400 (Eastern Daylight Time)","442216","3","1","","","","","","","","","","209","","","","1","2","[{""stimulus"":""img/1to2/1.png"",""time"":109},{""stimulus"":""img/1to2/2.png"",""time"":199},{""stimulus"":""img/1to2/3.png"",""time"":298},{""stimulus"":""img/1to2/4.png"",""time"":397},{""stimulus"":""img/1to2/5.png"",""time"":496},{""stimulus"":""img/1to2/6.png"",""time"":604},{""stimulus"":""img/1to2/7.png"",""time"":693},{""stimulus"":""img/1to2/8.png"",""time"":793},{""stimulus"":""img/1to2/9.png"",""time"":892},{""stimulus"":""img/1to2/10.png"",""time"":1006},{""stimulus"":""img/1to2/11.png"",""time"":1090},{""stimulus"":""img/1to2/12.png"",""time"":1189}]","[]"
"image-keyboard-response","38","78743","0.0-5.0-1.17","633471b7c7b5fa52a0a407a7","bdp_cybrbll","Sat Apr 01 2023 11:40:14 GMT-0400 (Eastern Daylight Time)","442216","3","1","","200","","","","choice","","img/2to1/1.png","1","208","989","0.5","0.5","2","1","",""
"animation","39","80043","0.0-5.0-2.17","633471b7c7b5fa52a0a407a7","bdp_cybrbll","Sat Apr 01 2023 11:40:14 GMT-0400 (Eastern Daylight Time)","442216","3","1","","","","","","","","","","208","","","","2","1","[{""stimulus"":""img/2to1/1.png"",""time"":108},{""stimulus"":""img/2to1/2.png"",""time"":199},{""stimulus"":""img/2to1/3.png"",""time"":298},{""stimulus"":""img/2to1/4.png"",""time"":397},{""stimulus"":""img/2to1/5.png"",""time"":510},{""stimulus"":""img/2to1/6.png"",""time"":605},{""stimulus"":""img/2to1/7.png"",""time"":696},{""stimulus"":""img/2to1/8.png"",""time"":805},{""stimulus"":""img/2to1/9.png"",""time"":898},{""stimulus"":""img/2to1/10.png"",""time"":991},{""stimulus"":""img/2to1/11.png"",""time"":1090},{""stimulus"":""img/2to1/12.png"",""time"":1192}]","[]"
"image-keyboard-response","40","80339","0.0-5.0-1.18","633471b7c7b5fa52a0a407a7","bdp_cybrbll","Sat Apr 01 2023 11:40:14 GMT-0400 (Eastern Daylight Time)","442216","3","1","","null","","","","observe","","img/1to3/1.png","null","207","293","0.5","0.5","1","2","",""
"animation","41","81626","0.0-5.0-2.18","633471b7c7b5fa52a0a407a7","bdp_cybrbll","Sat Apr 01 2023 11:40:14 GMT-0400 (Eastern Daylight Time)","442216","3","1","","","","","","","","","","207","","","","1","2","[{""stimulus"":""img/1to2/1.png"",""time"":109},{""stimulus"":""img/1to2/2.png"",""time"":202},{""stimulus"":""img/1to2/3.png"",""time"":298},{""stimulus"":""img/1to2/4.png"",""time"":397},{""stimulus"":""img/1to2/5.png"",""time"":497},{""stimulus"":""img/1to2/6.png"",""time"":595},{""stimulus"":""img/1to2/7.png"",""time"":698},{""stimulus"":""img/1to2/8.png"",""time"":793},{""stimulus"":""img/1to2/9.png"",""time"":901},{""stimulus"":""img/1to2/10.png"",""time"":991},{""stimulus"":""img/1to2/11.png"",""time"":1089},{""stimulus"":""img/1to2/12.png"",""time"":1194}]","[]"
"image-keyboard-response","42","81638","0.0-5.0-1.19","633471b7c7b5fa52a0a407a7","bdp_cybrbll","Sat Apr 01 2023 11:40:14 GMT-0400 (Eastern Daylight Time)","442216","3","1","","12","","","","choice","","img/2to1/1.png","2","206","484","0.5","0.5","2","3","",""
"animation","43","82938","0.0-5.0-2.19","633471b7c7b5fa52a0a407a7","bdp_cybrbll","Sat Apr 01 2023 11:40:14 GMT-0400 (Eastern Daylight Time)","442216","3","1","","","","","","","","","","206","","","","2","3","[{""stimulus"":""img/2to3/1.png"",""time"":101},{""stimulus"":""img/2to3/2.png"",""time"":199},{""stimulus"":""img/2to3/3.png"",""time"":310},{""stimulus"":""img/2to3/4.png"",""time"":397},{""stimulus"":""img/2to3/5.png"",""time"":497},{""stimulus"":""img/2to3/6.png"",""time"":595},{""stimulus"":""img/2to3/7.png"",""time"":695},{""stimulus"":""img/2to3/8.png"",""time"":793},{""stimulus"":""img/2to3/9.png"",""time"":899},{""stimulus"":""img/2to3/10.png"",""time"":993},{""stimulus"":""img/2to3/11.png"",""time"":1100},{""stimulus"":""img/2to3/12.png"",""time"":1191}]","[]"
"image-keyboard-response","44","83386","0.0-5.0-1.20","633471b7c7b5fa52a0a407a7","bdp_cybrbll","Sat Apr 01 2023 11:40:14 GMT-0400 (Eastern Daylight Time)","442216","3","1","","null","","","","observe","","img/3to2/1.png","null","205","442","0.5","0.5","3","2","",""
"animation","45","84674","0.0-5.0-2.20","633471b7c7b5fa52a0a407a7","bdp_cybrbll","Sat Apr 01 2023 11:40:14 GMT-0400 (Eastern Daylight Time)","442216","3","1","","","","","","","","","","205","","","","3","2","[{""stimulus"":""img/3to2/1.png"",""time"":109},{""stimulus"":""img/3to2/2.png"",""time"":199},{""stimulus"":""img/3to2/3.png"",""time"":312},{""stimulus"":""img/3to2/4.png"",""time"":397},{""stimulus"":""img/3to2/5.png"",""time"":498},{""stimulus"":""img/3to2/6.png"",""time"":608},{""stimulus"":""img/3to2/7.png"",""time"":700},{""stimulus"":""img/3to2/8.png"",""time"":808},{""stimulus"":""img/3to2/9.png"",""time"":902},{""stimulus"":""img/3to2/10.png"",""time"":994},{""stimulus"":""img/3to2/11.png"",""time"":1091},{""stimulus"":""img/3to2/12.png"",""time"":1189}]","[]"
"image-keyboard-response","46","84676","0.0-5.0-1.21","633471b7c7b5fa52a0a407a7","bdp_cybrbll","Sat Apr 01 2023 11:40:14 GMT-0400 (Eastern Daylight Time)","442216","3","1","","2","","","","choice","","img/2to1/1.png","1","204","385","0.5","0.5","2","1","",""
"animation","47","85976","0.0-5.0-2.21","633471b7c7b5fa52a0a407a7","bdp_cybrbll","Sat Apr 01 2023 11:40:14 GMT-0400 (Eastern Daylight Time)","442216","3","1","","","","","","","","","","204","","","","2","1","[{""stimulus"":""img/2to1/1.png"",""time"":101},{""stimulus"":""img/2to1/2.png"",""time"":200},{""stimulus"":""img/2to1/3.png"",""time"":309},{""stimulus"":""img/2to1/4.png"",""time"":401},{""stimulus"":""img/2to1/5.png"",""time"":496},{""stimulus"":""img/2to1/6.png"",""time"":602},{""stimulus"":""img/2to1/7.png"",""time"":694},{""stimulus"":""img/2to1/8.png"",""time"":804},{""stimulus"":""img/2to1/9.png"",""time"":899},{""stimulus"":""img/2to1/10.png"",""time"":991},{""stimulus"":""img/2to1/11.png"",""time"":1099},{""stimulus"":""img/2to1/12.png"",""time"":1193}]","[]"
"image-keyboard-response","48","86413","0.0-5.0-1.22","633471b7c7b5fa52a0a407a7","bdp_cybrbll","Sat Apr 01 2023 11:40:14 GMT-0400 (Eastern Daylight Time)","442216","3","1","","null","","","","observe","","img/1to3/1.png","null","203","434","0.5","0.5","1","2","",""
"animation","49","87701","0.0-5.0-2.22","633471b7c7b5fa52a0a407a7","bdp_cybrbll","Sat Apr 01 2023 11:40:14 GMT-0400 (Eastern Daylight Time)","442216","3","1","","","","","","","","","","203","","","","1","2","[{""stimulus"":""img/1to2/1.png"",""time"":109},{""stimulus"":""img/1to2/2.png"",""time"":199},{""stimulus"":""img/1to2/3.png"",""time"":298},{""stimulus"":""img/1to2/4.png"",""time"":397},{""stimulus"":""img/1to2/5.png"",""time"":497},{""stimulus"":""img/1to2/6.png"",""time"":594},{""stimulus"":""img/1to2/7.png"",""time"":693},{""stimulus"":""img/1to2/8.png"",""time"":793},{""stimulus"":""img/1to2/9.png"",""time"":902},{""stimulus"":""img/1to2/10.png"",""time"":994},{""stimulus"":""img/1to2/11.png"",""time"":1102},{""stimulus"":""img/1to2/12.png"",""time"":1196}]","[]"
"image-keyboard-response","50","87929","0.0-5.0-1.23","633471b7c7b5fa52a0a407a7","bdp_cybrbll","Sat Apr 01 2023 11:40:14 GMT-0400 (Eastern Daylight Time)","442216","3","1","","228","","","","choice","","img/2to1/1.png","2","202","277","0.5","0.5","2","3","",""
"animation","51","89217","0.0-5.0-2.23","633471b7c7b5fa52a0a407a7","bdp_cybrbll","Sat Apr 01 2023 11:40:14 GMT-0400 (Eastern Daylight Time)","442216","3","1","","","","","","","","","","202","","","","2","3","[{""stimulus"":""img/2to3/1.png"",""time"":100},{""stimulus"":""img/2to3/2.png"",""time"":208},{""stimulus"":""img/2to3/3.png"",""time"":301},{""stimulus"":""img/2to3/4.png"",""time"":410},{""stimulus"":""img/2to3/5.png"",""time"":496},{""stimulus"":""img/2to3/6.png"",""time"":596},{""stimulus"":""img/2to3/7.png"",""time"":702},{""stimulus"":""img/2to3/8.png"",""time"":793},{""stimulus"":""img/2to3/9.png"",""time"":893},{""stimulus"":""img/2to3/10.png"",""time"":1002},{""stimulus"":""img/2to3/11.png"",""time"":1089},{""stimulus"":""img/2to3/12.png"",""time"":1189}]","[]"
"image-keyboard-response","52","89770","0.0-5.0-1.24","633471b7c7b5fa52a0a407a7","bdp_cybrbll","Sat Apr 01 2023 11:40:14 GMT-0400 (Eastern Daylight Time)","442216","3","1","","null","","","","observe","","img/3to2/1.png","null","201","546","0.5","0.5","3","2","",""
"animation","53","91060","0.0-5.0-2.24","633471b7c7b5fa52a0a407a7","bdp_cybrbll","Sat Apr 01 2023 11:40:14 GMT-0400 (Eastern Daylight Time)","442216","3","1","","","","","","","","","","201","","","","3","2","[{""stimulus"":""img/3to2/1.png"",""time"":109},{""stimulus"":""img/3to2/2.png"",""time"":198},{""stimulus"":""img/3to2/3.png"",""time"":312},{""stimulus"":""img/3to2/4.png"",""time"":396},{""stimulus"":""img/3to2/5.png"",""time"":498},{""stimulus"":""img/3to2/6.png"",""time"":595},{""stimulus"":""img/3to2/7.png"",""time"":694},{""stimulus"":""img/3to2/8.png"",""time"":792},{""stimulus"":""img/3to2/9.png"",""time"":903},{""stimulus"":""img/3to2/10.png"",""time"":995},{""stimulus"":""img/3to2/11.png"",""time"":1104},{""stimulus"":""img/3to2/12.png"",""time"":1189}]","[]"
"image-keyboard-response","54","91605","0.0-5.0-1.25","633471b7c7b5fa52a0a407a7","bdp_cybrbll","Sat Apr 01 2023 11:40:14 GMT-0400 (Eastern Daylight Time)","442216","3","1","","544","","","","choice","","img/2to1/1.png","1","200","309","0.5","0.5","2","1","",""
"animation","55","92903","0.0-5.0-2.25","633471b7c7b5fa52a0a407a7","bdp_cybrbll","Sat Apr 01 2023 11:40:14 GMT-0400 (Eastern Daylight Time)","442216","3","1","","","","","","","","","","200","","","","2","1","[{""stimulus"":""img/2to1/1.png"",""time"":104},{""stimulus"":""img/2to1/2.png"",""time"":212},{""stimulus"":""img/2to1/3.png"",""time"":306},{""stimulus"":""img/2to1/4.png"",""time"":397},{""stimulus"":""img/2to1/5.png"",""time"":508},{""stimulus"":""img/2to1/6.png"",""time"":600},{""stimulus"":""img/2to1/7.png"",""time"":709},{""stimulus"":""img/2to1/8.png"",""time"":793},{""stimulus"":""img/2to1/9.png"",""time"":895},{""stimulus"":""img/2to1/10.png"",""time"":1002},{""stimulus"":""img/2to1/11.png"",""time"":1096},{""stimulus"":""img/2to1/12.png"",""time"":1189}]","[]"
"image-keyboard-response","56","93352","0.0-5.0-1.26","633471b7c7b5fa52a0a407a7","bdp_cybrbll","Sat Apr 01 2023 11:40:14 GMT-0400 (Eastern Daylight Time)","442216","3","1","","null","","","","observe","","img/1to3/1.png","null","199","432","0.5","0.5","1","3","",""
"animation","57","94639","0.0-5.0-2.26","633471b7c7b5fa52a0a407a7","bdp_cybrbll","Sat Apr 01 2023 11:40:14 GMT-0400 (Eastern Daylight Time)","442216","3","1","","","","","","","","","","199","","","","1","3","[{""stimulus"":""img/1to3/1.png"",""time"":108},{""stimulus"":""img/1to3/2.png"",""time"":198},{""stimulus"":""img/1to3/3.png"",""time"":308},{""stimulus"":""img/1to3/4.png"",""time"":398},{""stimulus"":""img/1to3/5.png"",""time"":496},{""stimulus"":""img/1to3/6.png"",""time"":594},{""stimulus"":""img/1to3/7.png"",""time"":708},{""stimulus"":""img/1to3/8.png"",""time"":793},{""stimulus"":""img/1to3/9.png"",""time"":891},{""stimulus"":""img/1to3/10.png"",""time"":991},{""stimulus"":""img/1to3/11.png"",""time"":1097},{""stimulus"":""img/1to3/12.png"",""time"":1190}]","[]"
"image-keyboard-response","58","94836","0.0-5.0-1.27","633471b7c7b5fa52a0a407a7","bdp_cybrbll","Sat Apr 01 2023 11:40:14 GMT-0400 (Eastern Daylight Time)","442216","3","1","","null","","","","observe","","img/3to2/1.png","null","198","180","0.5","0.5","3","2","",""
"animation","59","96123","0.0-5.0-2.27","633471b7c7b5fa52a0a407a7","bdp_cybrbll","Sat Apr 01 2023 11:40:14 GMT-0400 (Eastern Daylight Time)","442216","3","1","","","","","","","","","","198","","","","3","2","[{""stimulus"":""img/3to2/1.png"",""time"":109},{""stimulus"":""img/3to2/2.png"",""time"":199},{""stimulus"":""img/3to2/3.png"",""time"":310},{""stimulus"":""img/3to2/4.png"",""time"":397},{""stimulus"":""img/3to2/5.png"",""time"":499},{""stimulus"":""img/3to2/6.png"",""time"":595},{""stimulus"":""img/3to2/7.png"",""time"":694},{""stimulus"":""img/3to2/8.png"",""time"":808},{""stimulus"":""img/3to2/9.png"",""time"":901},{""stimulus"":""img/3to2/10.png"",""time"":991},{""stimulus"":""img/3to2/11.png"",""time"":1102},{""stimulus"":""img/3to2/12.png"",""time"":1195}]","[]"
"image-keyboard-response","60","96675","0.0-5.0-1.28","633471b7c7b5fa52a0a407a7","bdp_cybrbll","Sat Apr 01 2023 11:40:14 GMT-0400 (Eastern Daylight Time)","442216","3","1","","551","","","","choice","","img/2to1/1.png","1","197","450","0.5","0.5","2","1","",""
"animation","61","97963","0.0-5.0-2.28","633471b7c7b5fa52a0a407a7","bdp_cybrbll","Sat Apr 01 2023 11:40:14 GMT-0400 (Eastern Daylight Time)","442216","3","1","","","","","","","","","","197","","","","2","1","[{""stimulus"":""img/2to1/1.png"",""time"":100},{""stimulus"":""img/2to1/2.png"",""time"":208},{""stimulus"":""img/2to1/3.png"",""time"":298},{""stimulus"":""img/2to1/4.png"",""time"":397},{""stimulus"":""img/2to1/5.png"",""time"":506},{""stimulus"":""img/2to1/6.png"",""time"":595},{""stimulus"":""img/2to1/7.png"",""time"":708},{""stimulus"":""img/2to1/8.png"",""time"":793},{""stimulus"":""img/2to1/9.png"",""time"":892},{""stimulus"":""img/2to1/10.png"",""time"":992},{""stimulus"":""img/2to1/11.png"",""time"":1097},{""stimulus"":""img/2to1/12.png"",""time"":1191}]","[]"
"image-keyboard-response","62","98126","0.0-5.0-1.29","633471b7c7b5fa52a0a407a7","bdp_cybrbll","Sat Apr 01 2023 11:40:14 GMT-0400 (Eastern Daylight Time)","442216","3","1","","null","","","","observe","","img/1to3/1.png","null","196","162","0.5","0.5","1","2","",""
"animation","63","99416","0.0-5.0-2.29","633471b7c7b5fa52a0a407a7","bdp_cybrbll","Sat Apr 01 2023 11:40:14 GMT-0400 (Eastern Daylight Time)","442216","3","1","","","","","","","","","","196","","","","1","2","[{""stimulus"":""img/1to2/1.png"",""time"":112},{""stimulus"":""img/1to2/2.png"",""time"":204},{""stimulus"":""img/1to2/3.png"",""time"":312},{""stimulus"":""img/1to2/4.png"",""time"":397},{""stimulus"":""img/1to2/5.png"",""time"":500},{""stimulus"":""img/1to2/6.png"",""time"":595},{""stimulus"":""img/1to2/7.png"",""time"":694},{""stimulus"":""img/1to2/8.png"",""time"":793},{""stimulus"":""img/1to2/9.png"",""time"":902},{""stimulus"":""img/1to2/10.png"",""time"":991},{""stimulus"":""img/1to2/11.png"",""time"":1091},{""stimulus"":""img/1to2/12.png"",""time"":1197}]","[]"
"image-keyboard-response","64","99484","0.0-5.0-1.30","633471b7c7b5fa52a0a407a7","bdp_cybrbll","Sat Apr 01 2023 11:40:14 GMT-0400 (Eastern Daylight Time)","442216","3","1","","68","","","","choice","","img/2to1/1.png","2","195","554","0.5","0.5","2","3","",""
"animation","65","100772","0.0-5.0-2.30","633471b7c7b5fa52a0a407a7","bdp_cybrbll","Sat Apr 01 2023 11:40:14 GMT-0400 (Eastern Daylight Time)","442216","3","1","","","","","","","","","","195","","","","2","3","[{""stimulus"":""img/2to3/1.png"",""time"":103},{""stimulus"":""img/2to3/2.png"",""time"":212},{""stimulus"":""img/2to3/3.png"",""time"":305},{""stimulus"":""img/2to3/4.png"",""time"":398},{""stimulus"":""img/2to3/5.png"",""time"":496},{""stimulus"":""img/2to3/6.png"",""time"":595},{""stimulus"":""img/2to3/7.png"",""time"":709},{""stimulus"":""img/2to3/8.png"",""time"":793},{""stimulus"":""img/2to3/9.png"",""time"":892},{""stimulus"":""img/2to3/10.png"",""time"":992},{""stimulus"":""img/2to3/11.png"",""time"":1098},{""stimulus"":""img/2to3/12.png"",""time"":1190}]","[]"
"image-keyboard-response","66","101168","0.0-5.0-1.31","633471b7c7b5fa52a0a407a7","bdp_cybrbll","Sat Apr 01 2023 11:40:14 GMT-0400 (Eastern Daylight Time)","442216","3","1","","null","","","","observe","","img/3to2/1.png","null","194","388","0.5","0.5","3","2","",""
"animation","67","102468","0.0-5.0-2.31","633471b7c7b5fa52a0a407a7","bdp_cybrbll","Sat Apr 01 2023 11:40:14 GMT-0400 (Eastern Daylight Time)","442216","3","1","","","","","","","","","","194","","","","3","2","[{""stimulus"":""img/3to2/1.png"",""time"":108},{""stimulus"":""img/3to2/2.png"",""time"":199},{""stimulus"":""img/3to2/3.png"",""time"":298},{""stimulus"":""img/3to2/4.png"",""time"":398},{""stimulus"":""img/3to2/5.png"",""time"":509},{""stimulus"":""img/3to2/6.png"",""time"":602},{""stimulus"":""img/3to2/7.png"",""time"":696},{""stimulus"":""img/3to2/8.png"",""time"":793},{""stimulus"":""img/3to2/9.png"",""time"":895},{""stimulus"":""img/3to2/10.png"",""time"":991},{""stimulus"":""img/3to2/11.png"",""time"":1090},{""stimulus"":""img/3to2/12.png"",""time"":1191}]","[]"
"image-keyboard-response","68","102627","0.0-5.0-1.32","633471b7c7b5fa52a0a407a7","bdp_cybrbll","Sat Apr 01 2023 11:40:14 GMT-0400 (Eastern Daylight Time)","442216","3","1","","158","","","","choice","","img/2to1/1.png","1","193","726","0.5","0.5","2","1","",""
"animation","69","103922","0.0-5.0-2.32","633471b7c7b5fa52a0a407a7","bdp_cybrbll","Sat Apr 01 2023 11:40:14 GMT-0400 (Eastern Daylight Time)","442216","3","1","","","","","","","","","","193","","","","2","1","[{""stimulus"":""img/2to1/1.png"",""time"":100},{""stimulus"":""img/2to1/2.png"",""time"":210},{""stimulus"":""img/2to1/3.png"",""time"":303},{""stimulus"":""img/2to1/4.png"",""time"":397},{""stimulus"":""img/2to1/5.png"",""time"":506},{""stimulus"":""img/2to1/6.png"",""time"":596},{""stimulus"":""img/2to1/7.png"",""time"":706},{""stimulus"":""img/2to1/8.png"",""time"":800},{""stimulus"":""img/2to1/9.png"",""time"":907},{""stimulus"":""img/2to1/10.png"",""time"":991},{""stimulus"":""img/2to1/11.png"",""time"":1091},{""stimulus"":""img/2to1/12.png"",""time"":1190}]","[]"
"image-keyboard-response","70","104231","0.0-5.0-1.33","633471b7c7b5fa52a0a407a7","bdp_cybrbll","Sat Apr 01 2023 11:40:14 GMT-0400 (Eastern Daylight Time)","442216","3","1","","null","","","","observe","","img/1to3/1.png","null","192","298","0.5","0.5","1","3","",""
"animation","71","105518","0.0-5.0-2.33","633471b7c7b5fa52a0a407a7","bdp_cybrbll","Sat Apr 01 2023 11:40:14 GMT-0400 (Eastern Daylight Time)","442216","3","1","","","","","","","","","","192","","","","1","3","[{""stimulus"":""img/1to3/1.png"",""time"":109},{""stimulus"":""img/1to3/2.png"",""time"":203},{""stimulus"":""img/1to3/3.png"",""time"":312},{""stimulus"":""img/1to3/4.png"",""time"":397},{""stimulus"":""img/1to3/5.png"",""time"":498},{""stimulus"":""img/1to3/6.png"",""time"":595},{""stimulus"":""img/1to3/7.png"",""time"":700},{""stimulus"":""img/1to3/8.png"",""time"":793},{""stimulus"":""img/1to3/9.png"",""time"":892},{""stimulus"":""img/1to3/10.png"",""time"":995},{""stimulus"":""img/1to3/11.png"",""time"":1104},{""stimulus"":""img/1to3/12.png"",""time"":1188}]","[]"
"image-keyboard-response","72","106469","0.0-5.0-1.34","633471b7c7b5fa52a0a407a7","bdp_cybrbll","Sat Apr 01 2023 11:40:14 GMT-0400 (Eastern Daylight Time)","442216","3","1","","null","","","","observe","","img/3to2/1.png","null","191","943","0.5","0.5","3","2","",""
"animation","73","107757","0.0-5.0-2.34","633471b7c7b5fa52a0a407a7","bdp_cybrbll","Sat Apr 01 2023 11:40:14 GMT-0400 (Eastern Daylight Time)","442216","3","1","","","","","","","","","","191","","","","3","2","[{""stimulus"":""img/3to2/1.png"",""time"":108},{""stimulus"":""img/3to2/2.png"",""time"":199},{""stimulus"":""img/3to2/3.png"",""time"":298},{""stimulus"":""img/3to2/4.png"",""time"":403},{""stimulus"":""img/3to2/5.png"",""time"":496},{""stimulus"":""img/3to2/6.png"",""time"":594},{""stimulus"":""img/3to2/7.png"",""time"":694},{""stimulus"":""img/3to2/8.png"",""time"":807},{""stimulus"":""img/3to2/9.png"",""time"":899},{""stimulus"":""img/3to2/10.png"",""time"":990},{""stimulus"":""img/3to2/11.png"",""time"":1089},{""stimulus"":""img/3to2/12.png"",""time"":1189}]","[]"
"image-keyboard-response","74","108263","0.0-5.0-1.35","633471b7c7b5fa52a0a407a7","bdp_cybrbll","Sat Apr 01 2023 11:40:14 GMT-0400 (Eastern Daylight Time)","442216","3","1","","505","","","","choice","","img/2to1/1.png","1","190","627","0.5","0.5","2","1","",""
"animation","75","109550","0.0-5.0-2.35","633471b7c7b5fa52a0a407a7","bdp_cybrbll","Sat Apr 01 2023 11:40:14 GMT-0400 (Eastern Daylight Time)","442216","3","1","","","","","","","","","","190","","","","2","1","[{""stimulus"":""img/2to1/1.png"",""time"":110},{""stimulus"":""img/2to1/2.png"",""time"":199},{""stimulus"":""img/2to1/3.png"",""time"":310},{""stimulus"":""img/2to1/4.png"",""time"":404},{""stimulus"":""img/2to1/5.png"",""time"":495},{""stimulus"":""img/2to1/6.png"",""time"":604},{""stimulus"":""img/2to1/7.png"",""time"":697},{""stimulus"":""img/2to1/8.png"",""time"":805},{""stimulus"":""img/2to1/9.png"",""time"":898},{""stimulus"":""img/2to1/10.png"",""time"":991},{""stimulus"":""img/2to1/11.png"",""time"":1098},{""stimulus"":""img/2to1/12.png"",""time"":1189}]","[]"
"image-keyboard-response","76","109934","0.0-5.0-1.36","633471b7c7b5fa52a0a407a7","bdp_cybrbll","Sat Apr 01 2023 11:40:14 GMT-0400 (Eastern Daylight Time)","442216","3","1","","null","","","","observe","","img/1to3/1.png","null","189","371","0.5","0.5","1","3","",""
"animation","77","111232","0.0-5.0-2.36","633471b7c7b5fa52a0a407a7","bdp_cybrbll","Sat Apr 01 2023 11:40:14 GMT-0400 (Eastern Daylight Time)","442216","3","1","","","","","","","","","","189","","","","1","3","[{""stimulus"":""img/1to3/1.png"",""time"":109},{""stimulus"":""img/1to3/2.png"",""time"":200},{""stimulus"":""img/1to3/3.png"",""time"":298},{""stimulus"":""img/1to3/4.png"",""time"":397},{""stimulus"":""img/1to3/5.png"",""time"":497},{""stimulus"":""img/1to3/6.png"",""time"":595},{""stimulus"":""img/1to3/7.png"",""time"":694},{""stimulus"":""img/1to3/8.png"",""time"":793},{""stimulus"":""img/1to3/9.png"",""time"":897},{""stimulus"":""img/1to3/10.png"",""time"":1004},{""stimulus"":""img/1to3/11.png"",""time"":1090},{""stimulus"":""img/1to3/12.png"",""time"":1190}]","[]"
"image-keyboard-response","78","111651","0.0-5.0-1.37","633471b7c7b5fa52a0a407a7","bdp_cybrbll","Sat Apr 01 2023 11:40:14 GMT-0400 (Eastern Daylight Time)","442216","3","1","","null","","","","observe","","img/3to2/1.png","null","188","409","0.5","0.5","3","2","",""
"animation","79","112952","0.0-5.0-2.37","633471b7c7b5fa52a0a407a7","bdp_cybrbll","Sat Apr 01 2023 11:40:14 GMT-0400 (Eastern Daylight Time)","442216","3","1","","","","","","","","","","188","","","","3","2","[{""stimulus"":""img/3to2/1.png"",""time"":108},{""stimulus"":""img/3to2/2.png"",""time"":199},{""stimulus"":""img/3to2/3.png"",""time"":297},{""stimulus"":""img/3to2/4.png"",""time"":403},{""stimulus"":""img/3to2/5.png"",""time"":496},{""stimulus"":""img/3to2/6.png"",""time"":595},{""stimulus"":""img/3to2/7.png"",""time"":700},{""stimulus"":""img/3to2/8.png"",""time"":806},{""stimulus"":""img/3to2/9.png"",""time"":891},{""stimulus"":""img/3to2/10.png"",""time"":991},{""stimulus"":""img/3to2/11.png"",""time"":1090},{""stimulus"":""img/3to2/12.png"",""time"":1193}]","[]"
"image-keyboard-response","80","113363","0.0-5.0-1.38","633471b7c7b5fa52a0a407a7","bdp_cybrbll","Sat Apr 01 2023 11:40:14 GMT-0400 (Eastern Daylight Time)","442216","3","1","","409","","","","choice","","img/2to1/1.png","2","187","367","0.5","0.5","2","3","",""
"animation","81","114650","0.0-5.0-2.38","633471b7c7b5fa52a0a407a7","bdp_cybrbll","Sat Apr 01 2023 11:40:14 GMT-0400 (Eastern Daylight Time)","442216","3","1","","","","","","","","","","187","","","","2","3","[{""stimulus"":""img/2to3/1.png"",""time"":99},{""stimulus"":""img/2to3/2.png"",""time"":210},{""stimulus"":""img/2to3/3.png"",""time"":303},{""stimulus"":""img/2to3/4.png"",""time"":411},{""stimulus"":""img/2to3/5.png"",""time"":504},{""stimulus"":""img/2to3/6.png"",""time"":596},{""stimulus"":""img/2to3/7.png"",""time"":705},{""stimulus"":""img/2to3/8.png"",""time"":798},{""stimulus"":""img/2to3/9.png"",""time"":892},{""stimulus"":""img/2to3/10.png"",""time"":999},{""stimulus"":""img/2to3/11.png"",""time"":1090},{""stimulus"":""img/2to3/12.png"",""time"":1200}]","[]"
"image-keyboard-response","82","114903","0.0-5.0-1.39","633471b7c7b5fa52a0a407a7","bdp_cybrbll","Sat Apr 01 2023 11:40:14 GMT-0400 (Eastern Daylight Time)","442216","3","1","","null","","","","observe","","img/3to2/1.png","null","186","242","0.5","0.5","3","1","",""
"animation","83","116192","0.0-5.0-2.39","633471b7c7b5fa52a0a407a7","bdp_cybrbll","Sat Apr 01 2023 11:40:14 GMT-0400 (Eastern Daylight Time)","442216","3","1","","","","","","","","","","186","","","","3","1","[{""stimulus"":""img/3to1/1.png"",""time"":109},{""stimulus"":""img/3to1/2.png"",""time"":198},{""stimulus"":""img/3to1/3.png"",""time"":298},{""stimulus"":""img/3to1/4.png"",""time"":404},{""stimulus"":""img/3to1/5.png"",""time"":511},{""stimulus"":""img/3to1/6.png"",""time"":606},{""stimulus"":""img/3to1/7.png"",""time"":694},{""stimulus"":""img/3to1/8.png"",""time"":793},{""stimulus"":""img/3to1/9.png"",""time"":892},{""stimulus"":""img/3to1/10.png"",""time"":994},{""stimulus"":""img/3to1/11.png"",""time"":1090},{""stimulus"":""img/3to1/12.png"",""time"":1196}]","[]"
"image-keyboard-response","84","116406","0.0-5.0-1.40","633471b7c7b5fa52a0a407a7","bdp_cybrbll","Sat Apr 01 2023 11:40:14 GMT-0400 (Eastern Daylight Time)","442216","3","1","","null","","","","observe","","img/1to3/1.png","null","185","199","0.5","0.5","1","3","",""
"animation","85","117704","0.0-5.0-2.40","633471b7c7b5fa52a0a407a7","bdp_cybrbll","Sat Apr 01 2023 11:40:14 GMT-0400 (Eastern Daylight Time)","442216","3","1","","","","","","","","","","185","","","","1","3","[{""stimulus"":""img/1to3/1.png"",""time"":108},{""stimulus"":""img/1to3/2.png"",""time"":198},{""stimulus"":""img/1to3/3.png"",""time"":309},{""stimulus"":""img/1to3/4.png"",""time"":401},{""stimulus"":""img/1to3/5.png"",""time"":509},{""stimulus"":""img/1to3/6.png"",""time"":602},{""stimulus"":""img/1to3/7.png"",""time"":694},{""stimulus"":""img/1to3/8.png"",""time"":792},{""stimulus"":""img/1to3/9.png"",""time"":894},{""stimulus"":""img/1to3/10.png"",""time"":1003},{""stimulus"":""img/1to3/11.png"",""time"":1089},{""stimulus"":""img/1to3/12.png"",""time"":1188}]","[]"
"image-keyboard-response","86","118168","0.0-5.0-1.41","633471b7c7b5fa52a0a407a7","bdp_cybrbll","Sat Apr 01 2023 11:40:14 GMT-0400 (Eastern Daylight Time)","442216","3","1","","null","","","","observe","","img/3to2/1.png","null","184","455","0.5","0.5","3","1","",""
"animation","87","119456","0.0-5.0-2.41","633471b7c7b5fa52a0a407a7","bdp_cybrbll","Sat Apr 01 2023 11:40:14 GMT-0400 (Eastern Daylight Time)","442216","3","1","","","","","","","","","","184","","","","3","1","[{""stimulus"":""img/3to1/1.png"",""time"":109},{""stimulus"":""img/3to1/2.png"",""time"":202},{""stimulus"":""img/3to1/3.png"",""time"":298},{""stimulus"":""img/3to1/4.png"",""time"":398},{""stimulus"":""img/3to1/5.png"",""time"":496},{""stimulus"":""img/3to1/6.png"",""time"":605},{""stimulus"":""img/3to1/7.png"",""time"":697},{""stimulus"":""img/3to1/8.png"",""time"":805},{""stimulus"":""img/3to1/9.png"",""time"":892},{""stimulus"":""img/3to1/10.png"",""time"":991},{""stimulus"":""img/3to1/11.png"",""time"":1097},{""stimulus"":""img/3to1/12.png"",""time"":1190}]","[]"
"image-keyboard-response","88","120211","0.0-5.0-1.42","633471b7c7b5fa52a0a407a7","bdp_cybrbll","Sat Apr 01 2023 11:40:14 GMT-0400 (Eastern Daylight Time)","442216","3","1","","null","","","","observe","","img/1to3/1.png","null","183","744","0.5","0.5","1","2","",""
"animation","89","121510","0.0-5.0-2.42","633471b7c7b5fa52a0a407a7","bdp_cybrbll","Sat Apr 01 2023 11:40:14 GMT-0400 (Eastern Daylight Time)","442216","3","1","","","","","","","","","","183","","","","1","2","[{""stimulus"":""img/1to2/1.png"",""time"":108},{""stimulus"":""img/1to2/2.png"",""time"":201},{""stimulus"":""img/1to2/3.png"",""time"":299},{""stimulus"":""img/1to2/4.png"",""time"":397},{""stimulus"":""img/1to2/5.png"",""time"":496},{""stimulus"":""img/1to2/6.png"",""time"":601},{""stimulus"":""img/1to2/7.png"",""time"":709},{""stimulus"":""img/1to2/8.png"",""time"":803},{""stimulus"":""img/1to2/9.png"",""time"":896},{""stimulus"":""img/1to2/10.png"",""time"":991},{""stimulus"":""img/1to2/11.png"",""time"":1090},{""stimulus"":""img/1to2/12.png"",""time"":1190}]","[]"
"image-keyboard-response","90","121837","0.0-5.0-1.43","633471b7c7b5fa52a0a407a7","bdp_cybrbll","Sat Apr 01 2023 11:40:14 GMT-0400 (Eastern Daylight Time)","442216","3","1","","327","","","","choice","","img/2to1/1.png","2","182","819","0.5","0.5","2","3","",""
"animation","91","123125","0.0-5.0-2.43","633471b7c7b5fa52a0a407a7","bdp_cybrbll","Sat Apr 01 2023 11:40:14 GMT-0400 (Eastern Daylight Time)","442216","3","1","","","","","","","","","","182","","","","2","3","[{""stimulus"":""img/2to3/1.png"",""time"":106},{""stimulus"":""img/2to3/2.png"",""time"":214},{""stimulus"":""img/2to3/3.png"",""time"":307},{""stimulus"":""img/2to3/4.png"",""time"":397},{""stimulus"":""img/2to3/5.png"",""time"":496},{""stimulus"":""img/2to3/6.png"",""time"":601},{""stimulus"":""img/2to3/7.png"",""time"":695},{""stimulus"":""img/2to3/8.png"",""time"":793},{""stimulus"":""img/2to3/9.png"",""time"":892},{""stimulus"":""img/2to3/10.png"",""time"":1005},{""stimulus"":""img/2to3/11.png"",""time"":1090},{""stimulus"":""img/2to3/12.png"",""time"":1192}]","[]"
"image-keyboard-response","92","123648","0.0-5.0-1.44","633471b7c7b5fa52a0a407a7","bdp_cybrbll","Sat Apr 01 2023 11:40:14 GMT-0400 (Eastern Daylight Time)","442216","3","1","","null","","","","observe","","img/3to2/1.png","null","181","510","0.5","0.5","3","2","",""
"animation","93","124947","0.0-5.0-2.44","633471b7c7b5fa52a0a407a7","bdp_cybrbll","Sat Apr 01 2023 11:40:14 GMT-0400 (Eastern Daylight Time)","442216","3","1","","","","","","","","","","181","","","","3","2","[{""stimulus"":""img/3to2/1.png"",""time"":110},{""stimulus"":""img/3to2/2.png"",""time"":198},{""stimulus"":""img/3to2/3.png"",""time"":312},{""stimulus"":""img/3to2/4.png"",""time"":396},{""stimulus"":""img/3to2/5.png"",""time"":496},{""stimulus"":""img/3to2/6.png"",""time"":605},{""stimulus"":""img/3to2/7.png"",""time"":695},{""stimulus"":""img/3to2/8.png"",""time"":805},{""stimulus"":""img/3to2/9.png"",""time"":892},{""stimulus"":""img/3to2/10.png"",""time"":991},{""stimulus"":""img/3to2/11.png"",""time"":1098},{""stimulus"":""img/3to2/12.png"",""time"":1190}]","[]"
"image-keyboard-response","94","125399","0.0-5.0-1.45","633471b7c7b5fa52a0a407a7","bdp_cybrbll","Sat Apr 01 2023 11:40:14 GMT-0400 (Eastern Daylight Time)","442216","3","1","","451","","","","choice","","img/2to1/1.png","1","180","881","0.5","0.5","2","1","",""
"animation","95","126701","0.0-5.0-2.45","633471b7c7b5fa52a0a407a7","bdp_cybrbll","Sat Apr 01 2023 11:40:14 GMT-0400 (Eastern Daylight Time)","442216","3","1","","","","","","","","","","180","","","","2","1","[{""stimulus"":""img/2to1/1.png"",""time"":109},{""stimulus"":""img/2to1/2.png"",""time"":203},{""stimulus"":""img/2to1/3.png"",""time"":310},{""stimulus"":""img/2to1/4.png"",""time"":403},{""stimulus"":""img/2to1/5.png"",""time"":512},{""stimulus"":""img/2to1/6.png"",""time"":595},{""stimulus"":""img/2to1/7.png"",""time"":694},{""stimulus"":""img/2to1/8.png"",""time"":794},{""stimulus"":""img/2to1/9.png"",""time"":900},{""stimulus"":""img/2to1/10.png"",""time"":992},{""stimulus"":""img/2to1/11.png"",""time"":1090},{""stimulus"":""img/2to1/12.png"",""time"":1190}]","[]"
"image-keyboard-response","96","127323","0.0-5.0-1.46","633471b7c7b5fa52a0a407a7","bdp_cybrbll","Sat Apr 01 2023 11:40:14 GMT-0400 (Eastern Daylight Time)","442216","3","1","","null","","","","observe","","img/1to3/1.png","null","179","609","0.5","0.5","1","3","",""
"animation","97","128612","0.0-5.0-2.46","633471b7c7b5fa52a0a407a7","bdp_cybrbll","Sat Apr 01 2023 11:40:14 GMT-0400 (Eastern Daylight Time)","442216","3","1","","","","","","","","","","179","","","","1","3","[{""stimulus"":""img/1to3/1.png"",""time"":109},{""stimulus"":""img/1to3/2.png"",""time"":198},{""stimulus"":""img/1to3/3.png"",""time"":298},{""stimulus"":""img/1to3/4.png"",""time"":396},{""stimulus"":""img/1to3/5.png"",""time"":496},{""stimulus"":""img/1to3/6.png"",""time"":606},{""stimulus"":""img/1to3/7.png"",""time"":699},{""stimulus"":""img/1to3/8.png"",""time"":793},{""stimulus"":""img/1to3/9.png"",""time"":892},{""stimulus"":""img/1to3/10.png"",""time"":992},{""stimulus"":""img/1to3/11.png"",""time"":1102},{""stimulus"":""img/1to3/12.png"",""time"":1188}]","[]"
"image-keyboard-response","98","129171","0.0-5.0-1.47","633471b7c7b5fa52a0a407a7","bdp_cybrbll","Sat Apr 01 2023 11:40:14 GMT-0400 (Eastern Daylight Time)","442216","3","1","","null","","","","observe","","img/3to2/1.png","null","178","555","0.5","0.5","3","1","",""
"animation","99","130471","0.0-5.0-2.47","633471b7c7b5fa52a0a407a7","bdp_cybrbll","Sat Apr 01 2023 11:40:14 GMT-0400 (Eastern Daylight Time)","442216","3","1","","","","","","","","","","178","","","","3","1","[{""stimulus"":""img/3to1/1.png"",""time"":108},{""stimulus"":""img/3to1/2.png"",""time"":199},{""stimulus"":""img/3to1/3.png"",""time"":309},{""stimulus"":""img/3to1/4.png"",""time"":401},{""stimulus"":""img/3to1/5.png"",""time"":496},{""stimulus"":""img/3to1/6.png"",""time"":602},{""stimulus"":""img/3to1/7.png"",""time"":709},{""stimulus"":""img/3to1/8.png"",""time"":793},{""stimulus"":""img/3to1/9.png"",""time"":892},{""stimulus"":""img/3to1/10.png"",""time"":1005},{""stimulus"":""img/3to1/11.png"",""time"":1090},{""stimulus"":""img/3to1/12.png"",""time"":1191}]","[]"
"image-keyboard-response","100","130888","0.0-5.0-1.48","633471b7c7b5fa52a0a407a7","bdp_cybrbll","Sat Apr 01 2023 11:40:14 GMT-0400 (Eastern Daylight Time)","442216","3","1","","null","","","","observe","","img/1to3/1.png","null","177","408","0.5","0.5","1","3","",""
"animation","101","132176","0.0-5.0-2.48","633471b7c7b5fa52a0a407a7","bdp_cybrbll","Sat Apr 01 2023 11:40:14 GMT-0400 (Eastern Daylight Time)","442216","3","1","","","","","","","","","","177","","","","1","3","[{""stimulus"":""img/1to3/1.png"",""time"":110},{""stimulus"":""img/1to3/2.png"",""time"":199},{""stimulus"":""img/1to3/3.png"",""time"":298},{""stimulus"":""img/1to3/4.png"",""time"":404},{""stimulus"":""img/1to3/5.png"",""time"":496},{""stimulus"":""img/1to3/6.png"",""time"":606},{""stimulus"":""img/1to3/7.png"",""time"":698},{""stimulus"":""img/1to3/8.png"",""time"":794},{""stimulus"":""img/1to3/9.png"",""time"":900},{""stimulus"":""img/1to3/10.png"",""time"":993},{""stimulus"":""img/1to3/11.png"",""time"":1090},{""stimulus"":""img/1to3/12.png"",""time"":1195}]","[]"
"image-keyboard-response","102","132859","0.0-5.0-1.49","633471b7c7b5fa52a0a407a7","bdp_cybrbll","Sat Apr 01 2023 11:40:14 GMT-0400 (Eastern Daylight Time)","442216","3","1","","null","","","","observe","","img/3to2/1.png","null","176","679","0.5","0.5","3","2","",""
"animation","103","134155","0.0-5.0-2.49","633471b7c7b5fa52a0a407a7","bdp_cybrbll","Sat Apr 01 2023 11:40:14 GMT-0400 (Eastern Daylight Time)","442216","3","1","","","","","","","","","","176","","","","3","2","[{""stimulus"":""img/3to2/1.png"",""time"":108},{""stimulus"":""img/3to2/2.png"",""time"":199},{""stimulus"":""img/3to2/3.png"",""time"":297},{""stimulus"":""img/3to2/4.png"",""time"":396},{""stimulus"":""img/3to2/5.png"",""time"":495},{""stimulus"":""img/3to2/6.png"",""time"":604},{""stimulus"":""img/3to2/7.png"",""time"":694},{""stimulus"":""img/3to2/8.png"",""time"":805},{""stimulus"":""img/3to2/9.png"",""time"":898},{""stimulus"":""img/3to2/10.png"",""time"":1004},{""stimulus"":""img/3to2/11.png"",""time"":1089},{""stimulus"":""img/3to2/12.png"",""time"":1188}]","[]"
"image-keyboard-response","104","134671","0.0-5.0-1.50","633471b7c7b5fa52a0a407a7","bdp_cybrbll","Sat Apr 01 2023 11:40:14 GMT-0400 (Eastern Daylight Time)","442216","3","1","","515","","","","choice","","img/2to1/1.png","1","175","343","0.5","0.5","2","1","",""
"animation","105","135959","0.0-5.0-2.50","633471b7c7b5fa52a0a407a7","bdp_cybrbll","Sat Apr 01 2023 11:40:14 GMT-0400 (Eastern Daylight Time)","442216","3","1","","","","","","","","","","175","","","","2","1","[{""stimulus"":""img/2to1/1.png"",""time"":103},{""stimulus"":""img/2to1/2.png"",""time"":212},{""stimulus"":""img/2to1/3.png"",""time"":307},{""stimulus"":""img/2to1/4.png"",""time"":397},{""stimulus"":""img/2to1/5.png"",""time"":496},{""stimulus"":""img/2to1/6.png"",""time"":599},{""stimulus"":""img/2to1/7.png"",""time"":694},{""stimulus"":""img/2to1/8.png"",""time"":802},{""stimulus"":""img/2to1/9.png"",""time"":895},{""stimulus"":""img/2to1/10.png"",""time"":1004},{""stimulus"":""img/2to1/11.png"",""time"":1095},{""stimulus"":""img/2to1/12.png"",""time"":1203}]","[]"
"image-keyboard-response","106","136709","0.0-5.0-1.51","633471b7c7b5fa52a0a407a7","bdp_cybrbll","Sat Apr 01 2023 11:40:14 GMT-0400 (Eastern Daylight Time)","442216","3","1","","null","","","","observe","","img/1to3/1.png","null","174","736","0.5","0.5","1","3","",""
"animation","107","137997","0.0-5.0-2.51","633471b7c7b5fa52a0a407a7","bdp_cybrbll","Sat Apr 01 2023 11:40:14 GMT-0400 (Eastern Daylight Time)","442216","3","1","","","","","","","","","","174","","","","1","3","[{""stimulus"":""img/1to3/1.png"",""time"":108},{""stimulus"":""img/1to3/2.png"",""time"":201},{""stimulus"":""img/1to3/3.png"",""time"":311},{""stimulus"":""img/1to3/4.png"",""time"":403},{""stimulus"":""img/1to3/5.png"",""time"":497},{""stimulus"":""img/1to3/6.png"",""time"":594},{""stimulus"":""img/1to3/7.png"",""time"":693},{""stimulus"":""img/1to3/8.png"",""time"":806},{""stimulus"":""img/1to3/9.png"",""time"":898},{""stimulus"":""img/1to3/10.png"",""time"":992},{""stimulus"":""img/1to3/11.png"",""time"":1101},{""stimulus"":""img/1to3/12.png"",""time"":1195}]","[]"
"image-keyboard-response","108","138411","0.0-5.0-1.52","633471b7c7b5fa52a0a407a7","bdp_cybrbll","Sat Apr 01 2023 11:40:14 GMT-0400 (Eastern Daylight Time)","442216","3","1","","null","","","","observe","","img/3to2/1.png","null","173","413","0.5","0.5","3","1","",""
"animation","109","139699","0.0-5.0-2.52","633471b7c7b5fa52a0a407a7","bdp_cybrbll","Sat Apr 01 2023 11:40:14 GMT-0400 (Eastern Daylight Time)","442216","3","1","","","","","","","","","","173","","","","3","1","[{""stimulus"":""img/3to1/1.png"",""time"":115},{""stimulus"":""img/3to1/2.png"",""time"":199},{""stimulus"":""img/3to1/3.png"",""time"":299},{""stimulus"":""img/3to1/4.png"",""time"":410},{""stimulus"":""img/3to1/5.png"",""time"":503},{""stimulus"":""img/3to1/6.png"",""time"":596},{""stimulus"":""img/3to1/7.png"",""time"":694},{""stimulus"":""img/3to1/8.png"",""time"":797},{""stimulus"":""img/3to1/9.png"",""time"":893},{""stimulus"":""img/3to1/10.png"",""time"":991},{""stimulus"":""img/3to1/11.png"",""time"":1096},{""stimulus"":""img/3to1/12.png"",""time"":1190}]","[]"
"image-keyboard-response","110","140238","0.0-5.0-1.53","633471b7c7b5fa52a0a407a7","bdp_cybrbll","Sat Apr 01 2023 11:40:14 GMT-0400 (Eastern Daylight Time)","442216","3","1","","null","","","","observe","","img/1to3/1.png","null","172","530","0.5","0.5","1","3","",""
"animation","111","141525","0.0-5.0-2.53","633471b7c7b5fa52a0a407a7","bdp_cybrbll","Sat Apr 01 2023 11:40:14 GMT-0400 (Eastern Daylight Time)","442216","3","1","","","","","","","","","","172","","","","1","3","[{""stimulus"":""img/1to3/1.png"",""time"":108},{""stimulus"":""img/1to3/2.png"",""time"":199},{""stimulus"":""img/1to3/3.png"",""time"":298},{""stimulus"":""img/1to3/4.png"",""time"":400},{""stimulus"":""img/1to3/5.png"",""time"":496},{""stimulus"":""img/1to3/6.png"",""time"":602},{""stimulus"":""img/1to3/7.png"",""time"":694},{""stimulus"":""img/1to3/8.png"",""time"":804},{""stimulus"":""img/1to3/9.png"",""time"":891},{""stimulus"":""img/1to3/10.png"",""time"":991},{""stimulus"":""img/1to3/11.png"",""time"":1090},{""stimulus"":""img/1to3/12.png"",""time"":1192}]","[]"
"image-keyboard-response","112","142032","0.0-5.0-1.54","633471b7c7b5fa52a0a407a7","bdp_cybrbll","Sat Apr 01 2023 11:40:14 GMT-0400 (Eastern Daylight Time)","442216","3","1","","null","","","","observe","","img/3to2/1.png","null","171","500","0.5","0.5","3","1","",""
"animation","113","143319","0.0-5.0-2.54","633471b7c7b5fa52a0a407a7","bdp_cybrbll","Sat Apr 01 2023 11:40:14 GMT-0400 (Eastern Daylight Time)","442216","3","1","","","","","","","","","","171","","","","3","1","[{""stimulus"":""img/3to1/1.png"",""time"":108},{""stimulus"":""img/3to1/2.png"",""time"":199},{""stimulus"":""img/3to1/3.png"",""time"":310},{""stimulus"":""img/3to1/4.png"",""time"":403},{""stimulus"":""img/3to1/5.png"",""time"":495},{""stimulus"":""img/3to1/6.png"",""time"":595},{""stimulus"":""img/3to1/7.png"",""time"":696},{""stimulus"":""img/3to1/8.png"",""time"":793},{""stimulus"":""img/3to1/9.png"",""time"":898},{""stimulus"":""img/3to1/10.png"",""time"":1006},{""stimulus"":""img/3to1/11.png"",""time"":1089},{""stimulus"":""img/3to1/12.png"",""time"":1190}]","[]"
"image-keyboard-response","114","143828","0.0-5.0-1.55","633471b7c7b5fa52a0a407a7","bdp_cybrbll","Sat Apr 01 2023 11:40:14 GMT-0400 (Eastern Daylight Time)","442216","3","1","","null","","","","observe","","img/1to3/1.png","null","170","502","0.5","0.5","1","2","",""
"animation","115","145116","0.0-5.0-2.55","633471b7c7b5fa52a0a407a7","bdp_cybrbll","Sat Apr 01 2023 11:40:14 GMT-0400 (Eastern Daylight Time)","442216","3","1","","","","","","","","","","170","","","","1","2","[{""stimulus"":""img/1to2/1.png"",""time"":109},{""stimulus"":""img/1to2/2.png"",""time"":201},{""stimulus"":""img/1to2/3.png"",""time"":310},{""stimulus"":""img/1to2/4.png"",""time"":397},{""stimulus"":""img/1to2/5.png"",""time"":509},{""stimulus"":""img/1to2/6.png"",""time"":594},{""stimulus"":""img/1to2/7.png"",""time"":694},{""stimulus"":""img/1to2/8.png"",""time"":802},{""stimulus"":""img/1to2/9.png"",""time"":892},{""stimulus"":""img/1to2/10.png"",""time"":990},{""stimulus"":""img/1to2/11.png"",""time"":1098},{""stimulus"":""img/1to2/12.png"",""time"":1192}]","[]"
"image-keyboard-response","116","145285","0.0-5.0-1.56","633471b7c7b5fa52a0a407a7","bdp_cybrbll","Sat Apr 01 2023 11:40:14 GMT-0400 (Eastern Daylight Time)","442216","3","1","","168","","","","choice","","img/2to1/1.png","2","169","346","0.5","0.5","2","3","",""
"animation","117","146573","0.0-5.0-2.56","633471b7c7b5fa52a0a407a7","bdp_cybrbll","Sat Apr 01 2023 11:40:14 GMT-0400 (Eastern Daylight Time)","442216","3","1","","","","","","","","","","169","","","","2","3","[{""stimulus"":""img/2to3/1.png"",""time"":99},{""stimulus"":""img/2to3/2.png"",""time"":200},{""stimulus"":""img/2to3/3.png"",""time"":309},{""stimulus"":""img/2to3/4.png"",""time"":397},{""stimulus"":""img/2to3/5.png"",""time"":509},{""stimulus"":""img/2to3/6.png"",""time"":602},{""stimulus"":""img/2to3/7.png"",""time"":694},{""stimulus"":""img/2to3/8.png"",""time"":793},{""stimulus"":""img/2to3/9.png"",""time"":897},{""stimulus"":""img/2to3/10.png"",""time"":991},{""stimulus"":""img/2to3/11.png"",""time"":1089},{""stimulus"":""img/2to3/12.png"",""time"":1193}]","[]"
"image-keyboard-response","118","148046","0.0-5.0-1.57","633471b7c7b5fa52a0a407a7","bdp_cybrbll","Sat Apr 01 2023 11:40:14 GMT-0400 (Eastern Daylight Time)","442216","3","1","","null","","","","observe","","img/3to2/1.png","null","168","1471","0.5","0.5","3","2","",""
"animation","119","149334","0.0-5.0-2.57","633471b7c7b5fa52a0a407a7","bdp_cybrbll","Sat Apr 01 2023 11:40:14 GMT-0400 (Eastern Daylight Time)","442216","3","1","","","","","","","","","","168","","","","3","2","[{""stimulus"":""img/3to2/1.png"",""time"":107},{""stimulus"":""img/3to2/2.png"",""time"":200},{""stimulus"":""img/3to2/3.png"",""time"":308},{""stimulus"":""img/3to2/4.png"",""time"":396},{""stimulus"":""img/3to2/5.png"",""time"":496},{""stimulus"":""img/3to2/6.png"",""time"":594},{""stimulus"":""img/3to2/7.png"",""time"":696},{""stimulus"":""img/3to2/8.png"",""time"":793},{""stimulus"":""img/3to2/9.png"",""time"":897},{""stimulus"":""img/3to2/10.png"",""time"":1005},{""stimulus"":""img/3to2/11.png"",""time"":1098},{""stimulus"":""img/3to2/12.png"",""time"":1188}]","[]"
"image-keyboard-response","120","149397","0.0-5.0-1.58","633471b7c7b5fa52a0a407a7","bdp_cybrbll","Sat Apr 01 2023 11:40:14 GMT-0400 (Eastern Daylight Time)","442216","3","1","","62","","","","choice","","img/2to1/1.png","2","167","483","0.5","0.5","2","3","",""
"animation","121","150692","0.0-5.0-2.58","633471b7c7b5fa52a0a407a7","bdp_cybrbll","Sat Apr 01 2023 11:40:14 GMT-0400 (Eastern Daylight Time)","442216","3","1","","","","","","","","","","167","","","","2","3","[{""stimulus"":""img/2to3/1.png"",""time"":104},{""stimulus"":""img/2to3/2.png"",""time"":211},{""stimulus"":""img/2to3/3.png"",""time"":304},{""stimulus"":""img/2to3/4.png"",""time"":397},{""stimulus"":""img/2to3/5.png"",""time"":504},{""stimulus"":""img/2to3/6.png"",""time"":596},{""stimulus"":""img/2to3/7.png"",""time"":694},{""stimulus"":""img/2to3/8.png"",""time"":793},{""stimulus"":""img/2to3/9.png"",""time"":906},{""stimulus"":""img/2to3/10.png"",""time"":990},{""stimulus"":""img/2to3/11.png"",""time"":1093},{""stimulus"":""img/2to3/12.png"",""time"":1188}]","[]"
"image-keyboard-response","122","151128","0.0-5.0-1.59","633471b7c7b5fa52a0a407a7","bdp_cybrbll","Sat Apr 01 2023 11:40:14 GMT-0400 (Eastern Daylight Time)","442216","3","1","","null","","","","observe","","img/3to2/1.png","null","166","429","0.5","0.5","3","2","",""
"animation","123","152427","0.0-5.0-2.59","633471b7c7b5fa52a0a407a7","bdp_cybrbll","Sat Apr 01 2023 11:40:14 GMT-0400 (Eastern Daylight Time)","442216","3","1","","","","","","","","","","166","","","","3","2","[{""stimulus"":""img/3to2/1.png"",""time"":110},{""stimulus"":""img/3to2/2.png"",""time"":199},{""stimulus"":""img/3to2/3.png"",""time"":299},{""stimulus"":""img/3to2/4.png"",""time"":402},{""stimulus"":""img/3to2/5.png"",""time"":510},{""stimulus"":""img/3to2/6.png"",""time"":603},{""stimulus"":""img/3to2/7.png"",""time"":694},{""stimulus"":""img/3to2/8.png"",""time"":803},{""stimulus"":""img/3to2/9.png"",""time"":892},{""stimulus"":""img/3to2/10.png"",""time"":991},{""stimulus"":""img/3to2/11.png"",""time"":1099},{""stimulus"":""img/3to2/12.png"",""time"":1190}]","[]"
"image-keyboard-response","124","152521","0.0-5.0-1.60","633471b7c7b5fa52a0a407a7","bdp_cybrbll","Sat Apr 01 2023 11:40:14 GMT-0400 (Eastern Daylight Time)","442216","3","1","","94","","","","choice","","img/2to1/1.png","1","165","297","0.5","0.5","2","1","",""
"animation","125","153821","0.0-5.0-2.60","633471b7c7b5fa52a0a407a7","bdp_cybrbll","Sat Apr 01 2023 11:40:14 GMT-0400 (Eastern Daylight Time)","442216","3","1","","","","","","","","","","165","","","","2","1","[{""stimulus"":""img/2to1/1.png"",""time"":107},{""stimulus"":""img/2to1/2.png"",""time"":200},{""stimulus"":""img/2to1/3.png"",""time"":307},{""stimulus"":""img/2to1/4.png"",""time"":400},{""stimulus"":""img/2to1/5.png"",""time"":509},{""stimulus"":""img/2to1/6.png"",""time"":595},{""stimulus"":""img/2to1/7.png"",""time"":694},{""stimulus"":""img/2to1/8.png"",""time"":793},{""stimulus"":""img/2to1/9.png"",""time"":892},{""stimulus"":""img/2to1/10.png"",""time"":1005},{""stimulus"":""img/2to1/11.png"",""time"":1090},{""stimulus"":""img/2to1/12.png"",""time"":1191}]","[]"
"image-keyboard-response","126","154287","0.0-5.0-1.61","633471b7c7b5fa52a0a407a7","bdp_cybrbll","Sat Apr 01 2023 11:40:14 GMT-0400 (Eastern Daylight Time)","442216","3","1","","null","","","","observe","","img/1to3/1.png","null","164","454","0.5","0.5","1","2","",""
"animation","127","155576","0.0-5.0-2.61","633471b7c7b5fa52a0a407a7","bdp_cybrbll","Sat Apr 01 2023 11:40:14 GMT-0400 (Eastern Daylight Time)","442216","3","1","","","","","","","","","","164","","","","1","2","[{""stimulus"":""img/1to2/1.png"",""time"":109},{""stimulus"":""img/1to2/2.png"",""time"":200},{""stimulus"":""img/1to2/3.png"",""time"":299},{""stimulus"":""img/1to2/4.png"",""time"":397},{""stimulus"":""img/1to2/5.png"",""time"":498},{""stimulus"":""img/1to2/6.png"",""time"":606},{""stimulus"":""img/1to2/7.png"",""time"":700},{""stimulus"":""img/1to2/8.png"",""time"":808},{""stimulus"":""img/1to2/9.png"",""time"":901},{""stimulus"":""img/1to2/10.png"",""time"":991},{""stimulus"":""img/1to2/11.png"",""time"":1090},{""stimulus"":""img/1to2/12.png"",""time"":1189}]","[]"
"image-keyboard-response","128","155847","0.0-5.0-1.62","633471b7c7b5fa52a0a407a7","bdp_cybrbll","Sat Apr 01 2023 11:40:14 GMT-0400 (Eastern Daylight Time)","442216","3","1","","271","","","","choice","","img/2to1/1.png","1","163","488","0.5","0.5","2","1","",""
"animation","129","157136","0.0-5.0-2.62","633471b7c7b5fa52a0a407a7","bdp_cybrbll","Sat Apr 01 2023 11:40:14 GMT-0400 (Eastern Daylight Time)","442216","3","1","","","","","","","","","","163","","","","2","1","[{""stimulus"":""img/2to1/1.png"",""time"":100},{""stimulus"":""img/2to1/2.png"",""time"":208},{""stimulus"":""img/2to1/3.png"",""time"":303},{""stimulus"":""img/2to1/4.png"",""time"":396},{""stimulus"":""img/2to1/5.png"",""time"":495},{""stimulus"":""img/2to1/6.png"",""time"":595},{""stimulus"":""img/2to1/7.png"",""time"":705},{""stimulus"":""img/2to1/8.png"",""time"":796},{""stimulus"":""img/2to1/9.png"",""time"":892},{""stimulus"":""img/2to1/10.png"",""time"":998},{""stimulus"":""img/2to1/11.png"",""time"":1090},{""stimulus"":""img/2to1/12.png"",""time"":1201}]","[]"
"image-keyboard-response","130","158709","0.0-5.0-1.63","633471b7c7b5fa52a0a407a7","bdp_cybrbll","Sat Apr 01 2023 11:40:14 GMT-0400 (Eastern Daylight Time)","442216","3","1","","null","","","","observe","","img/1to3/1.png","null","162","1560","0.5","0.5","1","3","",""
"animation","131","159997","0.0-5.0-2.63","633471b7c7b5fa52a0a407a7","bdp_cybrbll","Sat Apr 01 2023 11:40:14 GMT-0400 (Eastern Daylight Time)","442216","3","1","","","","","","","","","","162","","","","1","3","[{""stimulus"":""img/1to3/1.png"",""time"":109},{""stimulus"":""img/1to3/2.png"",""time"":201},{""stimulus"":""img/1to3/3.png"",""time"":297},{""stimulus"":""img/1to3/4.png"",""time"":404},{""stimulus"":""img/1to3/5.png"",""time"":495},{""stimulus"":""img/1to3/6.png"",""time"":604},{""stimulus"":""img/1to3/7.png"",""time"":694},{""stimulus"":""img/1to3/8.png"",""time"":792},{""stimulus"":""img/1to3/9.png"",""time"":892},{""stimulus"":""img/1to3/10.png"",""time"":993},{""stimulus"":""img/1to3/11.png"",""time"":1089},{""stimulus"":""img/1to3/12.png"",""time"":1194}]","[]"
"image-keyboard-response","132","160636","0.0-5.0-1.64","633471b7c7b5fa52a0a407a7","bdp_cybrbll","Sat Apr 01 2023 11:40:14 GMT-0400 (Eastern Daylight Time)","442216","3","1","","null","","","","observe","","img/3to2/1.png","null","161","638","0.5","0.5","3","2","",""
"animation","133","161936","0.0-5.0-2.64","633471b7c7b5fa52a0a407a7","bdp_cybrbll","Sat Apr 01 2023 11:40:14 GMT-0400 (Eastern Daylight Time)","442216","3","1","","","","","","","","","","161","","","","3","2","[{""stimulus"":""img/3to2/1.png"",""time"":105},{""stimulus"":""img/3to2/2.png"",""time"":213},{""stimulus"":""img/3to2/3.png"",""time"":307},{""stimulus"":""img/3to2/4.png"",""time"":396},{""stimulus"":""img/3to2/5.png"",""time"":506},{""stimulus"":""img/3to2/6.png"",""time"":599},{""stimulus"":""img/3to2/7.png"",""time"":693},{""stimulus"":""img/3to2/8.png"",""time"":802},{""stimulus"":""img/3to2/9.png"",""time"":891},{""stimulus"":""img/3to2/10.png"",""time"":991},{""stimulus"":""img/3to2/11.png"",""time"":1091},{""stimulus"":""img/3to2/12.png"",""time"":1191}]","[]"
"image-keyboard-response","134","162472","0.0-5.0-1.65","633471b7c7b5fa52a0a407a7","bdp_cybrbll","Sat Apr 01 2023 11:40:14 GMT-0400 (Eastern Daylight Time)","442216","3","1","","536","","","","choice","","img/2to1/1.png","1","160","872","0.5","0.5","2","1","",""
"animation","135","163772","0.0-5.0-2.65","633471b7c7b5fa52a0a407a7","bdp_cybrbll","Sat Apr 01 2023 11:40:14 GMT-0400 (Eastern Daylight Time)","442216","3","1","","","","","","","","","","160","","","","2","1","[{""stimulus"":""img/2to1/1.png"",""time"":100},{""stimulus"":""img/2to1/2.png"",""time"":199},{""stimulus"":""img/2to1/3.png"",""time"":304},{""stimulus"":""img/2to1/4.png"",""time"":398},{""stimulus"":""img/2to1/5.png"",""time"":496},{""stimulus"":""img/2to1/6.png"",""time"":600},{""stimulus"":""img/2to1/7.png"",""time"":694},{""stimulus"":""img/2to1/8.png"",""time"":793},{""stimulus"":""img/2to1/9.png"",""time"":892},{""stimulus"":""img/2to1/10.png"",""time"":992},{""stimulus"":""img/2to1/11.png"",""time"":1100},{""stimulus"":""img/2to1/12.png"",""time"":1189}]","[]"
"image-keyboard-response","136","164175","0.0-5.0-1.66","633471b7c7b5fa52a0a407a7","bdp_cybrbll","Sat Apr 01 2023 11:40:14 GMT-0400 (Eastern Daylight Time)","442216","3","1","","null","","","","observe","","img/1to3/1.png","null","159","393","0.5","0.5","1","2","",""
"animation","137","165467","0.0-5.0-2.66","633471b7c7b5fa52a0a407a7","bdp_cybrbll","Sat Apr 01 2023 11:40:14 GMT-0400 (Eastern Daylight Time)","442216","3","1","","","","","","","","","","159","","","","1","2","[{""stimulus"":""img/1to2/1.png"",""time"":110},{""stimulus"":""img/1to2/2.png"",""time"":200},{""stimulus"":""img/1to2/3.png"",""time"":298},{""stimulus"":""img/1to2/4.png"",""time"":397},{""stimulus"":""img/1to2/5.png"",""time"":498},{""stimulus"":""img/1to2/6.png"",""time"":595},{""stimulus"":""img/1to2/7.png"",""time"":701},{""stimulus"":""img/1to2/8.png"",""time"":794},{""stimulus"":""img/1to2/9.png"",""time"":900},{""stimulus"":""img/1to2/10.png"",""time"":993},{""stimulus"":""img/1to2/11.png"",""time"":1090},{""stimulus"":""img/1to2/12.png"",""time"":1195}]","[]"
"image-keyboard-response","138","165638","0.0-5.0-1.67","633471b7c7b5fa52a0a407a7","bdp_cybrbll","Sat Apr 01 2023 11:40:14 GMT-0400 (Eastern Daylight Time)","442216","3","1","","169","","","","choice","","img/2to1/1.png","2","158","399","0.5","0.5","2","3","",""
"animation","139","166934","0.0-5.0-2.67","633471b7c7b5fa52a0a407a7","bdp_cybrbll","Sat Apr 01 2023 11:40:14 GMT-0400 (Eastern Daylight Time)","442216","3","1","","","","","","","","","","158","","","","2","3","[{""stimulus"":""img/2to3/1.png"",""time"":99},{""stimulus"":""img/2to3/2.png"",""time"":211},{""stimulus"":""img/2to3/3.png"",""time"":305},{""stimulus"":""img/2to3/4.png"",""time"":398},{""stimulus"":""img/2to3/5.png"",""time"":496},{""stimulus"":""img/2to3/6.png"",""time"":595},{""stimulus"":""img/2to3/7.png"",""time"":694},{""stimulus"":""img/2to3/8.png"",""time"":798},{""stimulus"":""img/2to3/9.png"",""time"":907},{""stimulus"":""img/2to3/10.png"",""time"":992},{""stimulus"":""img/2to3/11.png"",""time"":1094},{""stimulus"":""img/2to3/12.png"",""time"":1189}]","[]"
"image-keyboard-response","140","167260","0.0-5.0-1.68","633471b7c7b5fa52a0a407a7","bdp_cybrbll","Sat Apr 01 2023 11:40:14 GMT-0400 (Eastern Daylight Time)","442216","3","1","","null","","","","observe","","img/3to2/1.png","null","157","314","0.5","0.5","3","2","",""
"animation","141","168548","0.0-5.0-2.68","633471b7c7b5fa52a0a407a7","bdp_cybrbll","Sat Apr 01 2023 11:40:14 GMT-0400 (Eastern Daylight Time)","442216","3","1","","","","","","","","","","157","","","","3","2","[{""stimulus"":""img/3to2/1.png"",""time"":109},{""stimulus"":""img/3to2/2.png"",""time"":198},{""stimulus"":""img/3to2/3.png"",""time"":298},{""stimulus"":""img/3to2/4.png"",""time"":396},{""stimulus"":""img/3to2/5.png"",""time"":496},{""stimulus"":""img/3to2/6.png"",""time"":605},{""stimulus"":""img/3to2/7.png"",""time"":697},{""stimulus"":""img/3to2/8.png"",""time"":793},{""stimulus"":""img/3to2/9.png"",""time"":901},{""stimulus"":""img/3to2/10.png"",""time"":991},{""stimulus"":""img/3to2/11.png"",""time"":1090},{""stimulus"":""img/3to2/12.png"",""time"":1194}]","[]"
"image-keyboard-response","142","168745","0.0-5.0-1.69","633471b7c7b5fa52a0a407a7","bdp_cybrbll","Sat Apr 01 2023 11:40:14 GMT-0400 (Eastern Daylight Time)","442216","3","1","","197","","","","choice","","img/2to1/1.png","2","156","255","0.5","0.5","2","3","",""
"animation","143","170033","0.0-5.0-2.69","633471b7c7b5fa52a0a407a7","bdp_cybrbll","Sat Apr 01 2023 11:40:14 GMT-0400 (Eastern Daylight Time)","442216","3","1","","","","","","","","","","156","","","","2","3","[{""stimulus"":""img/2to3/1.png"",""time"":111},{""stimulus"":""img/2to3/2.png"",""time"":205},{""stimulus"":""img/2to3/3.png"",""time"":299},{""stimulus"":""img/2to3/4.png"",""time"":407},{""stimulus"":""img/2to3/5.png"",""time"":500},{""stimulus"":""img/2to3/6.png"",""time"":596},{""stimulus"":""img/2to3/7.png"",""time"":694},{""stimulus"":""img/2to3/8.png"",""time"":793},{""stimulus"":""img/2to3/9.png"",""time"":902},{""stimulus"":""img/2to3/10.png"",""time"":991},{""stimulus"":""img/2to3/11.png"",""time"":1090},{""stimulus"":""img/2to3/12.png"",""time"":1195}]","[]"
"image-keyboard-response","144","170594","0.0-5.0-1.70","633471b7c7b5fa52a0a407a7","bdp_cybrbll","Sat Apr 01 2023 11:40:14 GMT-0400 (Eastern Daylight Time)","442216","3","1","","null","","","","observe","","img/3to2/1.png","null","155","556","0.5","0.5","3","1","",""
"animation","145","171895","0.0-5.0-2.70","633471b7c7b5fa52a0a407a7","bdp_cybrbll","Sat Apr 01 2023 11:40:14 GMT-0400 (Eastern Daylight Time)","442216","3","1","","","","","","","","","","155","","","","3","1","[{""stimulus"":""img/3to1/1.png"",""time"":109},{""stimulus"":""img/3to1/2.png"",""time"":199},{""stimulus"":""img/3to1/3.png"",""time"":310},{""stimulus"":""img/3to1/4.png"",""time"":397},{""stimulus"":""img/3to1/5.png"",""time"":511},{""stimulus"":""img/3to1/6.png"",""time"":595},{""stimulus"":""img/3to1/7.png"",""time"":695},{""stimulus"":""img/3to1/8.png"",""time"":806},{""stimulus"":""img/3to1/9.png"",""time"":892},{""stimulus"":""img/3to1/10.png"",""time"":1006},{""stimulus"":""img/3to1/11.png"",""time"":1090},{""stimulus"":""img/3to1/12.png"",""time"":1189}]","[]"
"image-keyboard-response","146","172591","0.0-5.0-1.71","633471b7c7b5fa52a0a407a7","bdp_cybrbll","Sat Apr 01 2023 11:40:14 GMT-0400 (Eastern Daylight Time)","442216","3","1","","null","","","","observe","","img/1to3/1.png","null","154","685","0.5","0.5","1","3","",""
"animation","147","173879","0.0-5.0-2.71","633471b7c7b5fa52a0a407a7","bdp_cybrbll","Sat Apr 01 2023 11:40:14 GMT-0400 (Eastern Daylight Time)","442216","3","1","","","","","","","","","","154","","","","1","3","[{""stimulus"":""img/1to3/1.png"",""time"":108},{""stimulus"":""img/1to3/2.png"",""time"":199},{""stimulus"":""img/1to3/3.png"",""time"":310},{""stimulus"":""img/1to3/4.png"",""time"":404},{""stimulus"":""img/1to3/5.png"",""time"":496},{""stimulus"":""img/1to3/6.png"",""time"":595},{""stimulus"":""img/1to3/7.png"",""time"":699},{""stimulus"":""img/1to3/8.png"",""time"":808},{""stimulus"":""img/1to3/9.png"",""time"":892},{""stimulus"":""img/1to3/10.png"",""time"":990},{""stimulus"":""img/1to3/11.png"",""time"":1103},{""stimulus"":""img/1to3/12.png"",""time"":1194}]","[]"
"image-keyboard-response","148","174217","0.0-5.0-1.72","633471b7c7b5fa52a0a407a7","bdp_cybrbll","Sat Apr 01 2023 11:40:14 GMT-0400 (Eastern Daylight Time)","442216","3","1","","null","","","","observe","","img/3to2/1.png","null","153","337","0.5","0.5","3","2","",""
"animation","149","175506","0.0-5.0-2.72","633471b7c7b5fa52a0a407a7","bdp_cybrbll","Sat Apr 01 2023 11:40:14 GMT-0400 (Eastern Daylight Time)","442216","3","1","","","","","","","","","","153","","","","3","2","[{""stimulus"":""img/3to2/1.png"",""time"":110},{""stimulus"":""img/3to2/2.png"",""time"":199},{""stimulus"":""img/3to2/3.png"",""time"":313},{""stimulus"":""img/3to2/4.png"",""time"":397},{""stimulus"":""img/3to2/5.png"",""time"":496},{""stimulus"":""img/3to2/6.png"",""time"":595},{""stimulus"":""img/3to2/7.png"",""time"":701},{""stimulus"":""img/3to2/8.png"",""time"":793},{""stimulus"":""img/3to2/9.png"",""time"":902},{""stimulus"":""img/3to2/10.png"",""time"":991},{""stimulus"":""img/3to2/11.png"",""time"":1102},{""stimulus"":""img/3to2/12.png"",""time"":1196}]","[]"
"image-keyboard-response","150","175651","0.0-5.0-1.73","633471b7c7b5fa52a0a407a7","bdp_cybrbll","Sat Apr 01 2023 11:40:14 GMT-0400 (Eastern Daylight Time)","442216","3","1","","145","","","","choice","","img/2to1/1.png","1","152","1353","0.5","0.5","2","1","",""
"animation","151","176949","0.0-5.0-2.73","633471b7c7b5fa52a0a407a7","bdp_cybrbll","Sat Apr 01 2023 11:40:14 GMT-0400 (Eastern Daylight Time)","442216","3","1","","","","","","","","","","152","","","","2","1","[{""stimulus"":""img/2to1/1.png"",""time"":100},{""stimulus"":""img/2to1/2.png"",""time"":199},{""stimulus"":""img/2to1/3.png"",""time"":305},{""stimulus"":""img/2to1/4.png"",""time"":397},{""stimulus"":""img/2to1/5.png"",""time"":507},{""stimulus"":""img/2to1/6.png"",""time"":599},{""stimulus"":""img/2to1/7.png"",""time"":708},{""stimulus"":""img/2to1/8.png"",""time"":793},{""stimulus"":""img/2to1/9.png"",""time"":894},{""stimulus"":""img/2to1/10.png"",""time"":1002},{""stimulus"":""img/2to1/11.png"",""time"":1090},{""stimulus"":""img/2to1/12.png"",""time"":1189}]","[]"
"image-keyboard-response","152","177400","0.0-5.0-1.74","633471b7c7b5fa52a0a407a7","bdp_cybrbll","Sat Apr 01 2023 11:40:14 GMT-0400 (Eastern Daylight Time)","442216","3","1","","null","","","","observe","","img/1to3/1.png","null","151","448","0.5","0.5","1","2","",""
"animation","153","178699","0.0-5.0-2.74","633471b7c7b5fa52a0a407a7","bdp_cybrbll","Sat Apr 01 2023 11:40:14 GMT-0400 (Eastern Daylight Time)","442216","3","1","","","","","","","","","","151","","","","1","2","[{""stimulus"":""img/1to2/1.png"",""time"":110},{""stimulus"":""img/1to2/2.png"",""time"":202},{""stimulus"":""img/1to2/3.png"",""time"":298},{""stimulus"":""img/1to2/4.png"",""time"":405},{""stimulus"":""img/1to2/5.png"",""time"":498},{""stimulus"":""img/1to2/6.png"",""time"":606},{""stimulus"":""img/1to2/7.png"",""time"":699},{""stimulus"":""img/1to2/8.png"",""time"":793},{""stimulus"":""img/1to2/9.png"",""time"":892},{""stimulus"":""img/1to2/10.png"",""time"":992},{""stimulus"":""img/1to2/11.png"",""time"":1090},{""stimulus"":""img/1to2/12.png"",""time"":1191}]","[]"
"image-keyboard-response","154","178887","0.0-5.0-1.75","633471b7c7b5fa52a0a407a7","bdp_cybrbll","Sat Apr 01 2023 11:40:14 GMT-0400 (Eastern Daylight Time)","442216","3","1","","187","","","","choice","","img/2to1/1.png","1","150","1188","0.5","0.5","2","1","",""
"animation","155","180188","0.0-5.0-2.75","633471b7c7b5fa52a0a407a7","bdp_cybrbll","Sat Apr 01 2023 11:40:14 GMT-0400 (Eastern Daylight Time)","442216","3","1","","","","","","","","","","150","","","","2","1","[{""stimulus"":""img/2to1/1.png"",""time"":108},{""stimulus"":""img/2to1/2.png"",""time"":201},{""stimulus"":""img/2to1/3.png"",""time"":298},{""stimulus"":""img/2to1/4.png"",""time"":396},{""stimulus"":""img/2to1/5.png"",""time"":497},{""stimulus"":""img/2to1/6.png"",""time"":596},{""stimulus"":""img/2to1/7.png"",""time"":694},{""stimulus"":""img/2to1/8.png"",""time"":793},{""stimulus"":""img/2to1/9.png"",""time"":901},{""stimulus"":""img/2to1/10.png"",""time"":994},{""stimulus"":""img/2to1/11.png"",""time"":1101},{""stimulus"":""img/2to1/12.png"",""time"":1189}]","[]"
"image-keyboard-response","156","180498","0.0-5.0-1.76","633471b7c7b5fa52a0a407a7","bdp_cybrbll","Sat Apr 01 2023 11:40:14 GMT-0400 (Eastern Daylight Time)","442216","3","1","","null","","","","observe","","img/1to3/1.png","null","149","302","0.5","0.1","1","3","",""
"animation","157","181786","0.0-5.0-2.76","633471b7c7b5fa52a0a407a7","bdp_cybrbll","Sat Apr 01 2023 11:40:14 GMT-0400 (Eastern Daylight Time)","442216","3","1","","","","","","","","","","149","","","","1","3","[{""stimulus"":""img/1to3/1.png"",""time"":108},{""stimulus"":""img/1to3/2.png"",""time"":199},{""stimulus"":""img/1to3/3.png"",""time"":298},{""stimulus"":""img/1to3/4.png"",""time"":402},{""stimulus"":""img/1to3/5.png"",""time"":509},{""stimulus"":""img/1to3/6.png"",""time"":603},{""stimulus"":""img/1to3/7.png"",""time"":694},{""stimulus"":""img/1to3/8.png"",""time"":793},{""stimulus"":""img/1to3/9.png"",""time"":893},{""stimulus"":""img/1to3/10.png"",""time"":991},{""stimulus"":""img/1to3/11.png"",""time"":1090},{""stimulus"":""img/1to3/12.png"",""time"":1191}]","[]"
"image-keyboard-response","158","182556","0.0-5.0-1.77","633471b7c7b5fa52a0a407a7","bdp_cybrbll","Sat Apr 01 2023 11:40:14 GMT-0400 (Eastern Daylight Time)","442216","3","1","","null","","","","observe","","img/3to2/1.png","null","148","761","0.5","0.1","3","1","",""
"animation","159","183844","0.0-5.0-2.77","633471b7c7b5fa52a0a407a7","bdp_cybrbll","Sat Apr 01 2023 11:40:14 GMT-0400 (Eastern Daylight Time)","442216","3","1","","","","","","","","","","148","","","","3","1","[{""stimulus"":""img/3to1/1.png"",""time"":108},{""stimulus"":""img/3to1/2.png"",""time"":198},{""stimulus"":""img/3to1/3.png"",""time"":308},{""stimulus"":""img/3to1/4.png"",""time"":401},{""stimulus"":""img/3to1/5.png"",""time"":510},{""stimulus"":""img/3to1/6.png"",""time"":603},{""stimulus"":""img/3to1/7.png"",""time"":693},{""stimulus"":""img/3to1/8.png"",""time"":803},{""stimulus"":""img/3to1/9.png"",""time"":892},{""stimulus"":""img/3to1/10.png"",""time"":991},{""stimulus"":""img/3to1/11.png"",""time"":1098},{""stimulus"":""img/3to1/12.png"",""time"":1188}]","[]"
"image-keyboard-response","160","184134","0.0-5.0-1.78","633471b7c7b5fa52a0a407a7","bdp_cybrbll","Sat Apr 01 2023 11:40:14 GMT-0400 (Eastern Daylight Time)","442216","3","1","","null","","","","observe","","img/1to3/1.png","null","147","279","0.5","0.1","1","3","",""
"animation","161","185421","0.0-5.0-2.78","633471b7c7b5fa52a0a407a7","bdp_cybrbll","Sat Apr 01 2023 11:40:14 GMT-0400 (Eastern Daylight Time)","442216","3","1","","","","","","","","","","147","","","","1","3","[{""stimulus"":""img/1to3/1.png"",""time"":110},{""stimulus"":""img/1to3/2.png"",""time"":199},{""stimulus"":""img/1to3/3.png"",""time"":298},{""stimulus"":""img/1to3/4.png"",""time"":404},{""stimulus"":""img/1to3/5.png"",""time"":496},{""stimulus"":""img/1to3/6.png"",""time"":595},{""stimulus"":""img/1to3/7.png"",""time"":693},{""stimulus"":""img/1to3/8.png"",""time"":794},{""stimulus"":""img/1to3/9.png"",""time"":902},{""stimulus"":""img/1to3/10.png"",""time"":993},{""stimulus"":""img/1to3/11.png"",""time"":1101},{""stimulus"":""img/1to3/12.png"",""time"":1189}]","[]"
"image-keyboard-response","162","185769","0.0-5.0-1.79","633471b7c7b5fa52a0a407a7","bdp_cybrbll","Sat Apr 01 2023 11:40:14 GMT-0400 (Eastern Daylight Time)","442216","3","1","","null","","","","observe","","img/3to2/1.png","null","146","346","0.5","0.1","3","2","",""
"animation","163","187058","0.0-5.0-2.79","633471b7c7b5fa52a0a407a7","bdp_cybrbll","Sat Apr 01 2023 11:40:14 GMT-0400 (Eastern Daylight Time)","442216","3","1","","","","","","","","","","146","","","","3","2","[{""stimulus"":""img/3to2/1.png"",""time"":102},{""stimulus"":""img/3to2/2.png"",""time"":210},{""stimulus"":""img/3to2/3.png"",""time"":304},{""stimulus"":""img/3to2/4.png"",""time"":397},{""stimulus"":""img/3to2/5.png"",""time"":504},{""stimulus"":""img/3to2/6.png"",""time"":594},{""stimulus"":""img/3to2/7.png"",""time"":694},{""stimulus"":""img/3to2/8.png"",""time"":793},{""stimulus"":""img/3to2/9.png"",""time"":904},{""stimulus"":""img/3to2/10.png"",""time"":996},{""stimulus"":""img/3to2/11.png"",""time"":1103},{""stimulus"":""img/3to2/12.png"",""time"":1196}]","[]"
"image-keyboard-response","164","187331","0.0-5.0-1.80","633471b7c7b5fa52a0a407a7","bdp_cybrbll","Sat Apr 01 2023 11:40:14 GMT-0400 (Eastern Daylight Time)","442216","3","1","","273","","","","choice","","img/2to1/1.png","1","145","261","0.5","0.1","2","1","",""
"animation","165","188621","0.0-5.0-2.80","633471b7c7b5fa52a0a407a7","bdp_cybrbll","Sat Apr 01 2023 11:40:14 GMT-0400 (Eastern Daylight Time)","442216","3","1","","","","","","","","","","145","","","","2","1","[{""stimulus"":""img/2to1/1.png"",""time"":114},{""stimulus"":""img/2to1/2.png"",""time"":206},{""stimulus"":""img/2to1/3.png"",""time"":300},{""stimulus"":""img/2to1/4.png"",""time"":408},{""stimulus"":""img/2to1/5.png"",""time"":501},{""stimulus"":""img/2to1/6.png"",""time"":595},{""stimulus"":""img/2to1/7.png"",""time"":704},{""stimulus"":""img/2to1/8.png"",""time"":797},{""stimulus"":""img/2to1/9.png"",""time"":892},{""stimulus"":""img/2to1/10.png"",""time"":998},{""stimulus"":""img/2to1/11.png"",""time"":1091},{""stimulus"":""img/2to1/12.png"",""time"":1189}]","[]"
"image-keyboard-response","166","189414","0.0-5.0-1.81","633471b7c7b5fa52a0a407a7","bdp_cybrbll","Sat Apr 01 2023 11:40:14 GMT-0400 (Eastern Daylight Time)","442216","3","1","","null","","","","observe","","img/1to3/1.png","null","144","791","0.5","0.1","1","3","",""
"animation","167","190715","0.0-5.0-2.81","633471b7c7b5fa52a0a407a7","bdp_cybrbll","Sat Apr 01 2023 11:40:14 GMT-0400 (Eastern Daylight Time)","442216","3","1","","","","","","","","","","144","","","","1","3","[{""stimulus"":""img/1to3/1.png"",""time"":109},{""stimulus"":""img/1to3/2.png"",""time"":199},{""stimulus"":""img/1to3/3.png"",""time"":310},{""stimulus"":""img/1to3/4.png"",""time"":404},{""stimulus"":""img/1to3/5.png"",""time"":497},{""stimulus"":""img/1to3/6.png"",""time"":605},{""stimulus"":""img/1to3/7.png"",""time"":694},{""stimulus"":""img/1to3/8.png"",""time"":792},{""stimulus"":""img/1to3/9.png"",""time"":892},{""stimulus"":""img/1to3/10.png"",""time"":1006},{""stimulus"":""img/1to3/11.png"",""time"":1090},{""stimulus"":""img/1to3/12.png"",""time"":1189}]","[]"
"image-keyboard-response","168","191152","0.0-5.0-1.82","633471b7c7b5fa52a0a407a7","bdp_cybrbll","Sat Apr 01 2023 11:40:14 GMT-0400 (Eastern Daylight Time)","442216","3","1","","null","","","","observe","","img/3to2/1.png","null","143","425","0.5","0.1","3","2","",""
"animation","169","192452","0.0-5.0-2.82","633471b7c7b5fa52a0a407a7","bdp_cybrbll","Sat Apr 01 2023 11:40:14 GMT-0400 (Eastern Daylight Time)","442216","3","1","","","","","","","","","","143","","","","3","2","[{""stimulus"":""img/3to2/1.png"",""time"":108},{""stimulus"":""img/3to2/2.png"",""time"":199},{""stimulus"":""img/3to2/3.png"",""time"":309},{""stimulus"":""img/3to2/4.png"",""time"":398},{""stimulus"":""img/3to2/5.png"",""time"":511},{""stimulus"":""img/3to2/6.png"",""time"":596},{""stimulus"":""img/3to2/7.png"",""time"":695},{""stimulus"":""img/3to2/8.png"",""time"":806},{""stimulus"":""img/3to2/9.png"",""time"":899},{""stimulus"":""img/3to2/10.png"",""time"":1007},{""stimulus"":""img/3to2/11.png"",""time"":1091},{""stimulus"":""img/3to2/12.png"",""time"":1189}]","[]"
"image-keyboard-response","170","192903","0.0-5.0-1.83","633471b7c7b5fa52a0a407a7","bdp_cybrbll","Sat Apr 01 2023 11:40:14 GMT-0400 (Eastern Daylight Time)","442216","3","1","","450","","","","choice","","img/2to1/1.png","1","142","253","0.5","0.1","2","1","",""
"animation","171","194207","0.0-5.0-2.83","633471b7c7b5fa52a0a407a7","bdp_cybrbll","Sat Apr 01 2023 11:40:14 GMT-0400 (Eastern Daylight Time)","442216","3","1","","","","","","","","","","142","","","","2","1","[{""stimulus"":""img/2to1/1.png"",""time"":110},{""stimulus"":""img/2to1/2.png"",""time"":203},{""stimulus"":""img/2to1/3.png"",""time"":311},{""stimulus"":""img/2to1/4.png"",""time"":398},{""stimulus"":""img/2to1/5.png"",""time"":497},{""stimulus"":""img/2to1/6.png"",""time"":605},{""stimulus"":""img/2to1/7.png"",""time"":698},{""stimulus"":""img/2to1/8.png"",""time"":793},{""stimulus"":""img/2to1/9.png"",""time"":900},{""stimulus"":""img/2to1/10.png"",""time"":995},{""stimulus"":""img/2to1/11.png"",""time"":1103},{""stimulus"":""img/2to1/12.png"",""time"":1190}]","[]"
"image-keyboard-response","172","194850","0.0-5.0-1.84","633471b7c7b5fa52a0a407a7","bdp_cybrbll","Sat Apr 01 2023 11:40:14 GMT-0400 (Eastern Daylight Time)","442216","3","1","","null","","","","observe","","img/1to3/1.png","null","141","642","0.5","0.1","1","3","",""
"animation","173","196138","0.0-5.0-2.84","633471b7c7b5fa52a0a407a7","bdp_cybrbll","Sat Apr 01 2023 11:40:14 GMT-0400 (Eastern Daylight Time)","442216","3","1","","","","","","","","","","141","","","","1","3","[{""stimulus"":""img/1to3/1.png"",""time"":102},{""stimulus"":""img/1to3/2.png"",""time"":212},{""stimulus"":""img/1to3/3.png"",""time"":306},{""stimulus"":""img/1to3/4.png"",""time"":398},{""stimulus"":""img/1to3/5.png"",""time"":497},{""stimulus"":""img/1to3/6.png"",""time"":596},{""stimulus"":""img/1to3/7.png"",""time"":694},{""stimulus"":""img/1to3/8.png"",""time"":804},{""stimulus"":""img/1to3/9.png"",""time"":896},{""stimulus"":""img/1to3/10.png"",""time"":1005},{""stimulus"":""img/1to3/11.png"",""time"":1098},{""stimulus"":""img/1to3/12.png"",""time"":1191}]","[]"
"image-keyboard-response","174","196893","0.0-5.0-1.85","633471b7c7b5fa52a0a407a7","bdp_cybrbll","Sat Apr 01 2023 11:40:14 GMT-0400 (Eastern Daylight Time)","442216","3","1","","null","","","","observe","","img/3to2/1.png","null","140","743","0.5","0.1","3","1","",""
"animation","175","198182","0.0-5.0-2.85","633471b7c7b5fa52a0a407a7","bdp_cybrbll","Sat Apr 01 2023 11:40:14 GMT-0400 (Eastern Daylight Time)","442216","3","1","","","","","","","","","","140","","","","3","1","[{""stimulus"":""img/3to1/1.png"",""time"":108},{""stimulus"":""img/3to1/2.png"",""time"":199},{""stimulus"":""img/3to1/3.png"",""time"":310},{""stimulus"":""img/3to1/4.png"",""time"":403},{""stimulus"":""img/3to1/5.png"",""time"":496},{""stimulus"":""img/3to1/6.png"",""time"":595},{""stimulus"":""img/3to1/7.png"",""time"":695},{""stimulus"":""img/3to1/8.png"",""time"":793},{""stimulus"":""img/3to1/9.png"",""time"":892},{""stimulus"":""img/3to1/10.png"",""time"":1004},{""stimulus"":""img/3to1/11.png"",""time"":1097},{""stimulus"":""img/3to1/12.png"",""time"":1190}]","[]"
"image-keyboard-response","176","198931","0.0-5.0-1.86","633471b7c7b5fa52a0a407a7","bdp_cybrbll","Sat Apr 01 2023 11:40:14 GMT-0400 (Eastern Daylight Time)","442216","3","1","","null","","","","observe","","img/1to3/1.png","null","139","735","0.5","0.1","1","3","",""
"animation","177","200219","0.0-5.0-2.86","633471b7c7b5fa52a0a407a7","bdp_cybrbll","Sat Apr 01 2023 11:40:14 GMT-0400 (Eastern Daylight Time)","442216","3","1","","","","","","","","","","139","","","","1","3","[{""stimulus"":""img/1to3/1.png"",""time"":108},{""stimulus"":""img/1to3/2.png"",""time"":202},{""stimulus"":""img/1to3/3.png"",""time"":298},{""stimulus"":""img/1to3/4.png"",""time"":397},{""stimulus"":""img/1to3/5.png"",""time"":497},{""stimulus"":""img/1to3/6.png"",""time"":595},{""stimulus"":""img/1to3/7.png"",""time"":694},{""stimulus"":""img/1to3/8.png"",""time"":793},{""stimulus"":""img/1to3/9.png"",""time"":900},{""stimulus"":""img/1to3/10.png"",""time"":995},{""stimulus"":""img/1to3/11.png"",""time"":1104},{""stimulus"":""img/1to3/12.png"",""time"":1189}]","[]"
"image-keyboard-response","178","201794","0.0-5.0-1.87","633471b7c7b5fa52a0a407a7","bdp_cybrbll","Sat Apr 01 2023 11:40:14 GMT-0400 (Eastern Daylight Time)","442216","3","1","","null","","","","observe","","img/3to2/1.png","null","138","1562","0.5","0.1","3","1","",""
"animation","179","203097","0.0-5.0-2.87","633471b7c7b5fa52a0a407a7","bdp_cybrbll","Sat Apr 01 2023 11:40:14 GMT-0400 (Eastern Daylight Time)","442216","3","1","","","","","","","","","","138","","","","3","1","[{""stimulus"":""img/3to1/1.png"",""time"":108},{""stimulus"":""img/3to1/2.png"",""time"":199},{""stimulus"":""img/3to1/3.png"",""time"":310},{""stimulus"":""img/3to1/4.png"",""time"":397},{""stimulus"":""img/3to1/5.png"",""time"":495},{""stimulus"":""img/3to1/6.png"",""time"":595},{""stimulus"":""img/3to1/7.png"",""time"":693},{""stimulus"":""img/3to1/8.png"",""time"":806},{""stimulus"":""img/3to1/9.png"",""time"":900},{""stimulus"":""img/3to1/10.png"",""time"":994},{""stimulus"":""img/3to1/11.png"",""time"":1103},{""stimulus"":""img/3to1/12.png"",""time"":1195}]","[]"
"image-keyboard-response","180","203486","0.0-5.0-1.88","633471b7c7b5fa52a0a407a7","bdp_cybrbll","Sat Apr 01 2023 11:40:14 GMT-0400 (Eastern Daylight Time)","442216","3","1","","null","","","","observe","","img/1to3/1.png","null","137","379","0.5","0.1","1","3","",""
"animation","181","204775","0.0-5.0-2.88","633471b7c7b5fa52a0a407a7","bdp_cybrbll","Sat Apr 01 2023 11:40:14 GMT-0400 (Eastern Daylight Time)","442216","3","1","","","","","","","","","","137","","","","1","3","[{""stimulus"":""img/1to3/1.png"",""time"":108},{""stimulus"":""img/1to3/2.png"",""time"":199},{""stimulus"":""img/1to3/3.png"",""time"":299},{""stimulus"":""img/1to3/4.png"",""time"":406},{""stimulus"":""img/1to3/5.png"",""time"":499},{""stimulus"":""img/1to3/6.png"",""time"":608},{""stimulus"":""img/1to3/7.png"",""time"":700},{""stimulus"":""img/1to3/8.png"",""time"":793},{""stimulus"":""img/1to3/9.png"",""time"":891},{""stimulus"":""img/1to3/10.png"",""time"":993},{""stimulus"":""img/1to3/11.png"",""time"":1090},{""stimulus"":""img/1to3/12.png"",""time"":1188}]","[]"
"image-keyboard-response","182","205038","0.0-5.0-1.89","633471b7c7b5fa52a0a407a7","bdp_cybrbll","Sat Apr 01 2023 11:40:14 GMT-0400 (Eastern Daylight Time)","442216","3","1","","null","","","","observe","","img/3to2/1.png","null","136","258","0.5","0.1","3","2","",""
"animation","183","206340","0.0-5.0-2.89","633471b7c7b5fa52a0a407a7","bdp_cybrbll","Sat Apr 01 2023 11:40:14 GMT-0400 (Eastern Daylight Time)","442216","3","1","","","","","","","","","","136","","","","3","2","[{""stimulus"":""img/3to2/1.png"",""time"":108},{""stimulus"":""img/3to2/2.png"",""time"":199},{""stimulus"":""img/3to2/3.png"",""time"":298},{""stimulus"":""img/3to2/4.png"",""time"":402},{""stimulus"":""img/3to2/5.png"",""time"":496},{""stimulus"":""img/3to2/6.png"",""time"":594},{""stimulus"":""img/3to2/7.png"",""time"":694},{""stimulus"":""img/3to2/8.png"",""time"":807},{""stimulus"":""img/3to2/9.png"",""time"":900},{""stimulus"":""img/3to2/10.png"",""time"":991},{""stimulus"":""img/3to2/11.png"",""time"":1101},{""stimulus"":""img/3to2/12.png"",""time"":1194}]","[]"
"image-keyboard-response","184","206698","0.0-5.0-1.90","633471b7c7b5fa52a0a407a7","bdp_cybrbll","Sat Apr 01 2023 11:40:14 GMT-0400 (Eastern Daylight Time)","442216","3","1","","356","","","","choice","","img/2to1/1.png","1","135","307","0.5","0.1","2","1","",""
"animation","185","207985","0.0-5.0-2.90","633471b7c7b5fa52a0a407a7","bdp_cybrbll","Sat Apr 01 2023 11:40:14 GMT-0400 (Eastern Daylight Time)","442216","3","1","","","","","","","","","","135","","","","2","1","[{""stimulus"":""img/2to1/1.png"",""time"":106},{""stimulus"":""img/2to1/2.png"",""time"":199},{""stimulus"":""img/2to1/3.png"",""time"":307},{""stimulus"":""img/2to1/4.png"",""time"":400},{""stimulus"":""img/2to1/5.png"",""time"":509},{""stimulus"":""img/2to1/6.png"",""time"":595},{""stimulus"":""img/2to1/7.png"",""time"":694},{""stimulus"":""img/2to1/8.png"",""time"":803},{""stimulus"":""img/2to1/9.png"",""time"":892},{""stimulus"":""img/2to1/10.png"",""time"":990},{""stimulus"":""img/2to1/11.png"",""time"":1090},{""stimulus"":""img/2to1/12.png"",""time"":1191}]","[]"
"image-keyboard-response","186","208789","0.0-5.0-1.91","633471b7c7b5fa52a0a407a7","bdp_cybrbll","Sat Apr 01 2023 11:40:14 GMT-0400 (Eastern Daylight Time)","442216","3","1","","null","","","","observe","","img/1to3/1.png","null","134","788","0.5","0.1","1","3","",""
"animation","187","210092","0.0-5.0-2.91","633471b7c7b5fa52a0a407a7","bdp_cybrbll","Sat Apr 01 2023 11:40:14 GMT-0400 (Eastern Daylight Time)","442216","3","1","","","","","","","","","","134","","","","1","3","[{""stimulus"":""img/1to3/1.png"",""time"":109},{""stimulus"":""img/1to3/2.png"",""time"":200},{""stimulus"":""img/1to3/3.png"",""time"":312},{""stimulus"":""img/1to3/4.png"",""time"":403},{""stimulus"":""img/1to3/5.png"",""time"":511},{""stimulus"":""img/1to3/6.png"",""time"":596},{""stimulus"":""img/1to3/7.png"",""time"":696},{""stimulus"":""img/1to3/8.png"",""time"":793},{""stimulus"":""img/1to3/9.png"",""time"":893},{""stimulus"":""img/1to3/10.png"",""time"":991},{""stimulus"":""img/1to3/11.png"",""time"":1102},{""stimulus"":""img/1to3/12.png"",""time"":1189}]","[]"
"image-keyboard-response","188","210872","0.0-5.0-1.92","633471b7c7b5fa52a0a407a7","bdp_cybrbll","Sat Apr 01 2023 11:40:14 GMT-0400 (Eastern Daylight Time)","442216","3","1","","null","","","","observe","","img/3to2/1.png","null","133","771","0.5","0.1","3","2","",""
"animation","189","212159","0.0-5.0-2.92","633471b7c7b5fa52a0a407a7","bdp_cybrbll","Sat Apr 01 2023 11:40:14 GMT-0400 (Eastern Daylight Time)","442216","3","1","","","","","","","","","","133","","","","3","2","[{""stimulus"":""img/3to2/1.png"",""time"":111},{""stimulus"":""img/3to2/2.png"",""time"":203},{""stimulus"":""img/3to2/3.png"",""time"":311},{""stimulus"":""img/3to2/4.png"",""time"":397},{""stimulus"":""img/3to2/5.png"",""time"":496},{""stimulus"":""img/3to2/6.png"",""time"":594},{""stimulus"":""img/3to2/7.png"",""time"":699},{""stimulus"":""img/3to2/8.png"",""time"":793},{""stimulus"":""img/3to2/9.png"",""time"":900},{""stimulus"":""img/3to2/10.png"",""time"":993},{""stimulus"":""img/3to2/11.png"",""time"":1102},{""stimulus"":""img/3to2/12.png"",""time"":1189}]","[]"
"image-keyboard-response","190","212428","0.0-5.0-1.93","633471b7c7b5fa52a0a407a7","bdp_cybrbll","Sat Apr 01 2023 11:40:14 GMT-0400 (Eastern Daylight Time)","442216","3","1","","268","","","","choice","","img/2to1/1.png","2","132","450","0.5","0.1","2","3","",""
"animation","191","213716","0.0-5.0-2.93","633471b7c7b5fa52a0a407a7","bdp_cybrbll","Sat Apr 01 2023 11:40:14 GMT-0400 (Eastern Daylight Time)","442216","3","1","","","","","","","","","","132","","","","2","3","[{""stimulus"":""img/2to3/1.png"",""time"":101},{""stimulus"":""img/2to3/2.png"",""time"":209},{""stimulus"":""img/2to3/3.png"",""time"":302},{""stimulus"":""img/2to3/4.png"",""time"":412},{""stimulus"":""img/2to3/5.png"",""time"":506},{""stimulus"":""img/2to3/6.png"",""time"":595},{""stimulus"":""img/2to3/7.png"",""time"":708},{""stimulus"":""img/2to3/8.png"",""time"":800},{""stimulus"":""img/2to3/9.png"",""time"":892},{""stimulus"":""img/2to3/10.png"",""time"":991},{""stimulus"":""img/2to3/11.png"",""time"":1090},{""stimulus"":""img/2to3/12.png"",""time"":1203}]","[]"
"image-keyboard-response","192","213955","0.0-5.0-1.94","633471b7c7b5fa52a0a407a7","bdp_cybrbll","Sat Apr 01 2023 11:40:14 GMT-0400 (Eastern Daylight Time)","442216","3","1","","null","","","","observe","","img/3to2/1.png","null","131","231","0.5","0.1","3","1","",""
"animation","193","215242","0.0-5.0-2.94","633471b7c7b5fa52a0a407a7","bdp_cybrbll","Sat Apr 01 2023 11:40:14 GMT-0400 (Eastern Daylight Time)","442216","3","1","","","","","","","","","","131","","","","3","1","[{""stimulus"":""img/3to1/1.png"",""time"":108},{""stimulus"":""img/3to1/2.png"",""time"":199},{""stimulus"":""img/3to1/3.png"",""time"":298},{""stimulus"":""img/3to1/4.png"",""time"":397},{""stimulus"":""img/3to1/5.png"",""time"":496},{""stimulus"":""img/3to1/6.png"",""time"":595},{""stimulus"":""img/3to1/7.png"",""time"":694},{""stimulus"":""img/3to1/8.png"",""time"":792},{""stimulus"":""img/3to1/9.png"",""time"":896},{""stimulus"":""img/3to1/10.png"",""time"":1005},{""stimulus"":""img/3to1/11.png"",""time"":1089},{""stimulus"":""img/3to1/12.png"",""time"":1191}]","[]"
"image-keyboard-response","194","215618","0.0-5.0-1.95","633471b7c7b5fa52a0a407a7","bdp_cybrbll","Sat Apr 01 2023 11:40:14 GMT-0400 (Eastern Daylight Time)","442216","3","1","","null","","","","observe","","img/1to3/1.png","null","130","375","0.5","0.1","1","2","",""
"animation","195","216915","0.0-5.0-2.95","633471b7c7b5fa52a0a407a7","bdp_cybrbll","Sat Apr 01 2023 11:40:14 GMT-0400 (Eastern Daylight Time)","442216","3","1","","","","","","","","","","130","","","","1","2","[{""stimulus"":""img/1to2/1.png"",""time"":101},{""stimulus"":""img/1to2/2.png"",""time"":199},{""stimulus"":""img/1to2/3.png"",""time"":305},{""stimulus"":""img/1to2/4.png"",""time"":397},{""stimulus"":""img/1to2/5.png"",""time"":507},{""stimulus"":""img/1to2/6.png"",""time"":596},{""stimulus"":""img/1to2/7.png"",""time"":709},{""stimulus"":""img/1to2/8.png"",""time"":793},{""stimulus"":""img/1to2/9.png"",""time"":892},{""stimulus"":""img/1to2/10.png"",""time"":992},{""stimulus"":""img/1to2/11.png"",""time"":1094},{""stimulus"":""img/1to2/12.png"",""time"":1189}]","[]"
"image-keyboard-response","196","217017","0.0-5.0-1.96","633471b7c7b5fa52a0a407a7","bdp_cybrbll","Sat Apr 01 2023 11:40:14 GMT-0400 (Eastern Daylight Time)","442216","3","1","","101","","","","choice","","img/2to1/1.png","2","129","819","0.5","0.1","2","3","",""
"animation","197","218306","0.0-5.0-2.96","633471b7c7b5fa52a0a407a7","bdp_cybrbll","Sat Apr 01 2023 11:40:14 GMT-0400 (Eastern Daylight Time)","442216","3","1","","","","","","","","","","129","","","","2","3","[{""stimulus"":""img/2to3/1.png"",""time"":114},{""stimulus"":""img/2to3/2.png"",""time"":207},{""stimulus"":""img/2to3/3.png"",""time"":299},{""stimulus"":""img/2to3/4.png"",""time"":408},{""stimulus"":""img/2to3/5.png"",""time"":496},{""stimulus"":""img/2to3/6.png"",""time"":595},{""stimulus"":""img/2to3/7.png"",""time"":694},{""stimulus"":""img/2to3/8.png"",""time"":792},{""stimulus"":""img/2to3/9.png"",""time"":902},{""stimulus"":""img/2to3/10.png"",""time"":995},{""stimulus"":""img/2to3/11.png"",""time"":1104},{""stimulus"":""img/2to3/12.png"",""time"":1197}]","[]"
"image-keyboard-response","198","218822","0.0-5.0-1.97","633471b7c7b5fa52a0a407a7","bdp_cybrbll","Sat Apr 01 2023 11:40:14 GMT-0400 (Eastern Daylight Time)","442216","3","1","","null","","","","observe","","img/3to2/1.png","null","128","514","0.5","0.1","3","2","",""
"animation","199","220121","0.0-5.0-2.97","633471b7c7b5fa52a0a407a7","bdp_cybrbll","Sat Apr 01 2023 11:40:14 GMT-0400 (Eastern Daylight Time)","442216","3","1","","","","","","","","","","128","","","","3","2","[{""stimulus"":""img/3to2/1.png"",""time"":108},{""stimulus"":""img/3to2/2.png"",""time"":199},{""stimulus"":""img/3to2/3.png"",""time"":309},{""stimulus"":""img/3to2/4.png"",""time"":397},{""stimulus"":""img/3to2/5.png"",""time"":496},{""stimulus"":""img/3to2/6.png"",""time"":603},{""stimulus"":""img/3to2/7.png"",""time"":694},{""stimulus"":""img/3to2/8.png"",""time"":793},{""stimulus"":""img/3to2/9.png"",""time"":897},{""stimulus"":""img/3to2/10.png"",""time"":991},{""stimulus"":""img/3to2/11.png"",""time"":1099},{""stimulus"":""img/3to2/12.png"",""time"":1191}]","[]"
"image-keyboard-response","200","220136","0.0-5.0-1.98","633471b7c7b5fa52a0a407a7","bdp_cybrbll","Sat Apr 01 2023 11:40:14 GMT-0400 (Eastern Daylight Time)","442216","3","1","","14","","","","choice","","img/2to1/1.png","1","127","1236","0.5","0.1","2","1","",""
"animation","201","221434","0.0-5.0-2.98","633471b7c7b5fa52a0a407a7","bdp_cybrbll","Sat Apr 01 2023 11:40:14 GMT-0400 (Eastern Daylight Time)","442216","3","1","","","","","","","","","","127","","","","2","1","[{""stimulus"":""img/2to1/1.png"",""time"":100},{""stimulus"":""img/2to1/2.png"",""time"":202},{""stimulus"":""img/2to1/3.png"",""time"":311},{""stimulus"":""img/2to1/4.png"",""time"":397},{""stimulus"":""img/2to1/5.png"",""time"":497},{""stimulus"":""img/2to1/6.png"",""time"":605},{""stimulus"":""img/2to1/7.png"",""time"":698},{""stimulus"":""img/2to1/8.png"",""time"":806},{""stimulus"":""img/2to1/9.png"",""time"":898},{""stimulus"":""img/2to1/10.png"",""time"":1006},{""stimulus"":""img/2to1/11.png"",""time"":1090},{""stimulus"":""img/2to1/12.png"",""time"":1189}]","[]"
"image-keyboard-response","202","222022","0.0-5.0-1.99","633471b7c7b5fa52a0a407a7","bdp_cybrbll","Sat Apr 01 2023 11:40:14 GMT-0400 (Eastern Daylight Time)","442216","3","1","","null","","","","observe","","img/1to3/1.png","null","126","581","0.5","0.1","1","3","",""
"animation","203","223310","0.0-5.0-2.99","633471b7c7b5fa52a0a407a7","bdp_cybrbll","Sat Apr 01 2023 11:40:14 GMT-0400 (Eastern Daylight Time)","442216","3","1","","","","","","","","","","126","","","","1","3","[{""stimulus"":""img/1to3/1.png"",""time"":111},{""stimulus"":""img/1to3/2.png"",""time"":199},{""stimulus"":""img/1to3/3.png"",""time"":310},{""stimulus"":""img/1to3/4.png"",""time"":402},{""stimulus"":""img/1to3/5.png"",""time"":496},{""stimulus"":""img/1to3/6.png"",""time"":595},{""stimulus"":""img/1to3/7.png"",""time"":696},{""stimulus"":""img/1to3/8.png"",""time"":804},{""stimulus"":""img/1to3/9.png"",""time"":897},{""stimulus"":""img/1to3/10.png"",""time"":1006},{""stimulus"":""img/1to3/11.png"",""time"":1099},{""stimulus"":""img/1to3/12.png"",""time"":1193}]","[]"
"image-keyboard-response","204","223961","0.0-5.0-1.100","633471b7c7b5fa52a0a407a7","bdp_cybrbll","Sat Apr 01 2023 11:40:14 GMT-0400 (Eastern Daylight Time)","442216","3","1","","null","","","","observe","","img/3to2/1.png","null","125","638","0.5","0.1","3","2","",""
"animation","205","225248","0.0-5.0-2.100","633471b7c7b5fa52a0a407a7","bdp_cybrbll","Sat Apr 01 2023 11:40:14 GMT-0400 (Eastern Daylight Time)","442216","3","1","","","","","","","","","","125","","","","3","2","[{""stimulus"":""img/3to2/1.png"",""time"":109},{""stimulus"":""img/3to2/2.png"",""time"":202},{""stimulus"":""img/3to2/3.png"",""time"":298},{""stimulus"":""img/3to2/4.png"",""time"":397},{""stimulus"":""img/3to2/5.png"",""time"":495},{""stimulus"":""img/3to2/6.png"",""time"":606},{""stimulus"":""img/3to2/7.png"",""time"":693},{""stimulus"":""img/3to2/8.png"",""time"":793},{""stimulus"":""img/3to2/9.png"",""time"":892},{""stimulus"":""img/3to2/10.png"",""time"":993},{""stimulus"":""img/3to2/11.png"",""time"":1090},{""stimulus"":""img/3to2/12.png"",""time"":1194}]","[]"
"image-keyboard-response","206","225577","0.0-5.0-1.101","633471b7c7b5fa52a0a407a7","bdp_cybrbll","Sat Apr 01 2023 11:40:14 GMT-0400 (Eastern Daylight Time)","442216","3","1","","328","","","","choice","","img/2to1/1.png","1","124","252","0.5","0.1","2","1","",""
"animation","207","226873","0.0-5.0-2.101","633471b7c7b5fa52a0a407a7","bdp_cybrbll","Sat Apr 01 2023 11:40:14 GMT-0400 (Eastern Daylight Time)","442216","3","1","","","","","","","","","","124","","","","2","1","[{""stimulus"":""img/2to1/1.png"",""time"":99},{""stimulus"":""img/2to1/2.png"",""time"":211},{""stimulus"":""img/2to1/3.png"",""time"":303},{""stimulus"":""img/2to1/4.png"",""time"":412},{""stimulus"":""img/2to1/5.png"",""time"":495},{""stimulus"":""img/2to1/6.png"",""time"":599},{""stimulus"":""img/2to1/7.png"",""time"":693},{""stimulus"":""img/2to1/8.png"",""time"":801},{""stimulus"":""img/2to1/9.png"",""time"":892},{""stimulus"":""img/2to1/10.png"",""time"":1002},{""stimulus"":""img/2to1/11.png"",""time"":1090},{""stimulus"":""img/2to1/12.png"",""time"":1188}]","[]"
"image-keyboard-response","208","227401","0.0-5.0-1.102","633471b7c7b5fa52a0a407a7","bdp_cybrbll","Sat Apr 01 2023 11:40:14 GMT-0400 (Eastern Daylight Time)","442216","3","1","","null","","","","observe","","img/1to3/1.png","null","123","521","0.5","0.1","1","3","",""
"animation","209","228690","0.0-5.0-2.102","633471b7c7b5fa52a0a407a7","bdp_cybrbll","Sat Apr 01 2023 11:40:14 GMT-0400 (Eastern Daylight Time)","442216","3","1","","","","","","","","","","123","","","","1","3","[{""stimulus"":""img/1to3/1.png"",""time"":108},{""stimulus"":""img/1to3/2.png"",""time"":199},{""stimulus"":""img/1to3/3.png"",""time"":298},{""stimulus"":""img/1to3/4.png"",""time"":397},{""stimulus"":""img/1to3/5.png"",""time"":499},{""stimulus"":""img/1to3/6.png"",""time"":595},{""stimulus"":""img/1to3/7.png"",""time"":694},{""stimulus"":""img/1to3/8.png"",""time"":793},{""stimulus"":""img/1to3/9.png"",""time"":902},{""stimulus"":""img/1to3/10.png"",""time"":995},{""stimulus"":""img/1to3/11.png"",""time"":1103},{""stimulus"":""img/1to3/12.png"",""time"":1189}]","[]"
"image-keyboard-response","210","229108","0.0-5.0-1.103","633471b7c7b5fa52a0a407a7","bdp_cybrbll","Sat Apr 01 2023 11:40:14 GMT-0400 (Eastern Daylight Time)","442216","3","1","","null","","","","observe","","img/3to2/1.png","null","122","402","0.5","0.1","3","2","",""
"animation","211","230396","0.0-5.0-2.103","633471b7c7b5fa52a0a407a7","bdp_cybrbll","Sat Apr 01 2023 11:40:14 GMT-0400 (Eastern Daylight Time)","442216","3","1","","","","","","","","","","122","","","","3","2","[{""stimulus"":""img/3to2/1.png"",""time"":108},{""stimulus"":""img/3to2/2.png"",""time"":199},{""stimulus"":""img/3to2/3.png"",""time"":298},{""stimulus"":""img/3to2/4.png"",""time"":396},{""stimulus"":""img/3to2/5.png"",""time"":497},{""stimulus"":""img/3to2/6.png"",""time"":595},{""stimulus"":""img/3to2/7.png"",""time"":693},{""stimulus"":""img/3to2/8.png"",""time"":806},{""stimulus"":""img/3to2/9.png"",""time"":892},{""stimulus"":""img/3to2/10.png"",""time"":992},{""stimulus"":""img/3to2/11.png"",""time"":1100},{""stimulus"":""img/3to2/12.png"",""time"":1193}]","[]"
"image-keyboard-response","212","230450","0.0-5.0-1.104","633471b7c7b5fa52a0a407a7","bdp_cybrbll","Sat Apr 01 2023 11:40:14 GMT-0400 (Eastern Daylight Time)","442216","3","1","","53","","","","choice","","img/2to1/1.png","2","121","169","0.5","0.1","2","3","",""
"animation","213","231739","0.0-5.0-2.104","633471b7c7b5fa52a0a407a7","bdp_cybrbll","Sat Apr 01 2023 11:40:14 GMT-0400 (Eastern Daylight Time)","442216","3","1","","","","","","","","","","121","","","","2","3","[{""stimulus"":""img/2to3/1.png"",""time"":113},{""stimulus"":""img/2to3/2.png"",""time"":204},{""stimulus"":""img/2to3/3.png"",""time"":313},{""stimulus"":""img/2to3/4.png"",""time"":406},{""stimulus"":""img/2to3/5.png"",""time"":496},{""stimulus"":""img/2to3/6.png"",""time"":594},{""stimulus"":""img/2to3/7.png"",""time"":701},{""stimulus"":""img/2to3/8.png"",""time"":794},{""stimulus"":""img/2to3/9.png"",""time"":902},{""stimulus"":""img/2to3/10.png"",""time"":990},{""stimulus"":""img/2to3/11.png"",""time"":1090},{""stimulus"":""img/2to3/12.png"",""time"":1196}]","[]"
"image-keyboard-response","214","232188","0.0-5.0-1.105","633471b7c7b5fa52a0a407a7","bdp_cybrbll","Sat Apr 01 2023 11:40:14 GMT-0400 (Eastern Daylight Time)","442216","3","1","","null","","","","observe","","img/3to2/1.png","null","120","436","0.5","0.1","3","2","",""
"animation","215","233490","0.0-5.0-2.105","633471b7c7b5fa52a0a407a7","bdp_cybrbll","Sat Apr 01 2023 11:40:14 GMT-0400 (Eastern Daylight Time)","442216","3","1","","","","","","","","","","120","","","","3","2","[{""stimulus"":""img/3to2/1.png"",""time"":108},{""stimulus"":""img/3to2/2.png"",""time"":199},{""stimulus"":""img/3to2/3.png"",""time"":309},{""stimulus"":""img/3to2/4.png"",""time"":396},{""stimulus"":""img/3to2/5.png"",""time"":496},{""stimulus"":""img/3to2/6.png"",""time"":595},{""stimulus"":""img/3to2/7.png"",""time"":694},{""stimulus"":""img/3to2/8.png"",""time"":792},{""stimulus"":""img/3to2/9.png"",""time"":892},{""stimulus"":""img/3to2/10.png"",""time"":1005},{""stimulus"":""img/3to2/11.png"",""time"":1098},{""stimulus"":""img/3to2/12.png"",""time"":1194}]","[]"
"image-keyboard-response","216","233565","0.0-5.0-1.106","633471b7c7b5fa52a0a407a7","bdp_cybrbll","Sat Apr 01 2023 11:40:14 GMT-0400 (Eastern Daylight Time)","442216","3","1","","75","","","","choice","","img/2to1/1.png","1","119","269","0.5","0.1","2","1","",""
"animation","217","234852","0.0-5.0-2.106","633471b7c7b5fa52a0a407a7","bdp_cybrbll","Sat Apr 01 2023 11:40:14 GMT-0400 (Eastern Daylight Time)","442216","3","1","","","","","","","","","","119","","","","2","1","[{""stimulus"":""img/2to1/1.png"",""time"":110},{""stimulus"":""img/2to1/2.png"",""time"":199},{""stimulus"":""img/2to1/3.png"",""time"":311},{""stimulus"":""img/2to1/4.png"",""time"":396},{""stimulus"":""img/2to1/5.png"",""time"":496},{""stimulus"":""img/2to1/6.png"",""time"":607},{""stimulus"":""img/2to1/7.png"",""time"":693},{""stimulus"":""img/2to1/8.png"",""time"":808},{""stimulus"":""img/2to1/9.png"",""time"":891},{""stimulus"":""img/2to1/10.png"",""time"":996},{""stimulus"":""img/2to1/11.png"",""time"":1089},{""stimulus"":""img/2to1/12.png"",""time"":1189}]","[]"
"image-keyboard-response","218","235091","0.0-5.0-1.107","633471b7c7b5fa52a0a407a7","bdp_cybrbll","Sat Apr 01 2023 11:40:14 GMT-0400 (Eastern Daylight Time)","442216","3","1","","null","","","","observe","","img/1to3/1.png","null","118","238","0.5","0.1","1","3","",""
"animation","219","236379","0.0-5.0-2.107","633471b7c7b5fa52a0a407a7","bdp_cybrbll","Sat Apr 01 2023 11:40:14 GMT-0400 (Eastern Daylight Time)","442216","3","1","","","","","","","","","","118","","","","1","3","[{""stimulus"":""img/1to3/1.png"",""time"":106},{""stimulus"":""img/1to3/2.png"",""time"":200},{""stimulus"":""img/1to3/3.png"",""time"":308},{""stimulus"":""img/1to3/4.png"",""time"":397},{""stimulus"":""img/1to3/5.png"",""time"":496},{""stimulus"":""img/1to3/6.png"",""time"":595},{""stimulus"":""img/1to3/7.png"",""time"":694},{""stimulus"":""img/1to3/8.png"",""time"":803},{""stimulus"":""img/1to3/9.png"",""time"":893},{""stimulus"":""img/1to3/10.png"",""time"":992},{""stimulus"":""img/1to3/11.png"",""time"":1097},{""stimulus"":""img/1to3/12.png"",""time"":1190}]","[]"
"image-keyboard-response","220","236702","0.0-5.0-1.108","633471b7c7b5fa52a0a407a7","bdp_cybrbll","Sat Apr 01 2023 11:40:14 GMT-0400 (Eastern Daylight Time)","442216","3","1","","null","","","","observe","","img/3to2/1.png","null","117","318","0.5","0.1","3","1","",""
"animation","221","238002","0.0-5.0-2.108","633471b7c7b5fa52a0a407a7","bdp_cybrbll","Sat Apr 01 2023 11:40:14 GMT-0400 (Eastern Daylight Time)","442216","3","1","","","","","","","","","","117","","","","3","1","[{""stimulus"":""img/3to1/1.png"",""time"":109},{""stimulus"":""img/3to1/2.png"",""time"":201},{""stimulus"":""img/3to1/3.png"",""time"":310},{""stimulus"":""img/3to1/4.png"",""time"":398},{""stimulus"":""img/3to1/5.png"",""time"":496},{""stimulus"":""img/3to1/6.png"",""time"":605},{""stimulus"":""img/3to1/7.png"",""time"":694},{""stimulus"":""img/3to1/8.png"",""time"":806},{""stimulus"":""img/3to1/9.png"",""time"":898},{""stimulus"":""img/3to1/10.png"",""time"":991},{""stimulus"":""img/3to1/11.png"",""time"":1090},{""stimulus"":""img/3to1/12.png"",""time"":1194}]","[]"
"image-keyboard-response","222","238528","0.0-5.0-1.109","633471b7c7b5fa52a0a407a7","bdp_cybrbll","Sat Apr 01 2023 11:40:14 GMT-0400 (Eastern Daylight Time)","442216","3","1","","null","","","","observe","","img/1to3/1.png","null","116","511","0.5","0.1","1","3","",""
"animation","223","239816","0.0-5.0-2.109","633471b7c7b5fa52a0a407a7","bdp_cybrbll","Sat Apr 01 2023 11:40:14 GMT-0400 (Eastern Daylight Time)","442216","3","1","","","","","","","","","","116","","","","1","3","[{""stimulus"":""img/1to3/1.png"",""time"":109},{""stimulus"":""img/1to3/2.png"",""time"":198},{""stimulus"":""img/1to3/3.png"",""time"":298},{""stimulus"":""img/1to3/4.png"",""time"":406},{""stimulus"":""img/1to3/5.png"",""time"":496},{""stimulus"":""img/1to3/6.png"",""time"":595},{""stimulus"":""img/1to3/7.png"",""time"":703},{""stimulus"":""img/1to3/8.png"",""time"":792},{""stimulus"":""img/1to3/9.png"",""time"":891},{""stimulus"":""img/1to3/10.png"",""time"":995},{""stimulus"":""img/1to3/11.png"",""time"":1089},{""stimulus"":""img/1to3/12.png"",""time"":1195}]","[]"
"image-keyboard-response","224","240282","0.0-5.0-1.110","633471b7c7b5fa52a0a407a7","bdp_cybrbll","Sat Apr 01 2023 11:40:14 GMT-0400 (Eastern Daylight Time)","442216","3","1","","null","","","","observe","","img/3to2/1.png","null","115","463","0.5","0.1","3","2","",""
"animation","225","241571","0.0-5.0-2.110","633471b7c7b5fa52a0a407a7","bdp_cybrbll","Sat Apr 01 2023 11:40:14 GMT-0400 (Eastern Daylight Time)","442216","3","1","","","","","","","","","","115","","","","3","2","[{""stimulus"":""img/3to2/1.png"",""time"":109},{""stimulus"":""img/3to2/2.png"",""time"":199},{""stimulus"":""img/3to2/3.png"",""time"":298},{""stimulus"":""img/3to2/4.png"",""time"":398},{""stimulus"":""img/3to2/5.png"",""time"":510},{""stimulus"":""img/3to2/6.png"",""time"":604},{""stimulus"":""img/3to2/7.png"",""time"":694},{""stimulus"":""img/3to2/8.png"",""time"":793},{""stimulus"":""img/3to2/9.png"",""time"":892},{""stimulus"":""img/3to2/10.png"",""time"":994},{""stimulus"":""img/3to2/11.png"",""time"":1091},{""stimulus"":""img/3to2/12.png"",""time"":1189}]","[]"
"image-keyboard-response","226","241617","0.0-5.0-1.111","633471b7c7b5fa52a0a407a7","bdp_cybrbll","Sat Apr 01 2023 11:40:14 GMT-0400 (Eastern Daylight Time)","442216","3","1","","45","","","","choice","","img/2to1/1.png","1","114","410","0.5","0.1","2","1","",""
"animation","227","242913","0.0-5.0-2.111","633471b7c7b5fa52a0a407a7","bdp_cybrbll","Sat Apr 01 2023 11:40:14 GMT-0400 (Eastern Daylight Time)","442216","3","1","","","","","","","","","","114","","","","2","1","[{""stimulus"":""img/2to1/1.png"",""time"":100},{""stimulus"":""img/2to1/2.png"",""time"":201},{""stimulus"":""img/2to1/3.png"",""time"":309},{""stimulus"":""img/2to1/4.png"",""time"":396},{""stimulus"":""img/2to1/5.png"",""time"":496},{""stimulus"":""img/2to1/6.png"",""time"":601},{""stimulus"":""img/2to1/7.png"",""time"":694},{""stimulus"":""img/2to1/8.png"",""time"":793},{""stimulus"":""img/2to1/9.png"",""time"":894},{""stimulus"":""img/2to1/10.png"",""time"":1002},{""stimulus"":""img/2to1/11.png"",""time"":1095},{""stimulus"":""img/2to1/12.png"",""time"":1189}]","[]"
"image-keyboard-response","228","243206","0.0-5.0-1.112","633471b7c7b5fa52a0a407a7","bdp_cybrbll","Sat Apr 01 2023 11:40:14 GMT-0400 (Eastern Daylight Time)","442216","3","1","","null","","","","observe","","img/1to3/1.png","null","113","291","0.5","0.1","1","3","",""
"animation","229","244494","0.0-5.0-2.112","633471b7c7b5fa52a0a407a7","bdp_cybrbll","Sat Apr 01 2023 11:40:14 GMT-0400 (Eastern Daylight Time)","442216","3","1","","","","","","","","","","113","","","","1","3","[{""stimulus"":""img/1to3/1.png"",""time"":108},{""stimulus"":""img/1to3/2.png"",""time"":198},{""stimulus"":""img/1to3/3.png"",""time"":299},{""stimulus"":""img/1to3/4.png"",""time"":397},{""stimulus"":""img/1to3/5.png"",""time"":495},{""stimulus"":""img/1to3/6.png"",""time"":605},{""stimulus"":""img/1to3/7.png"",""time"":699},{""stimulus"":""img/1to3/8.png"",""time"":793},{""stimulus"":""img/1to3/9.png"",""time"":891},{""stimulus"":""img/1to3/10.png"",""time"":992},{""stimulus"":""img/1to3/11.png"",""time"":1089},{""stimulus"":""img/1to3/12.png"",""time"":1195}]","[]"
"image-keyboard-response","230","245499","0.0-5.0-1.113","633471b7c7b5fa52a0a407a7","bdp_cybrbll","Sat Apr 01 2023 11:40:14 GMT-0400 (Eastern Daylight Time)","442216","3","1","","null","","","","observe","","img/3to2/1.png","null","112","1001","0.5","0.1","3","2","",""
"animation","231","246799","0.0-5.0-2.113","633471b7c7b5fa52a0a407a7","bdp_cybrbll","Sat Apr 01 2023 11:40:14 GMT-0400 (Eastern Daylight Time)","442216","3","1","","","","","","","","","","112","","","","3","2","[{""stimulus"":""img/3to2/1.png"",""time"":107},{""stimulus"":""img/3to2/2.png"",""time"":199},{""stimulus"":""img/3to2/3.png"",""time"":297},{""stimulus"":""img/3to2/4.png"",""time"":402},{""stimulus"":""img/3to2/5.png"",""time"":495},{""stimulus"":""img/3to2/6.png"",""time"":603},{""stimulus"":""img/3to2/7.png"",""time"":694},{""stimulus"":""img/3to2/8.png"",""time"":793},{""stimulus"":""img/3to2/9.png"",""time"":892},{""stimulus"":""img/3to2/10.png"",""time"":992},{""stimulus"":""img/3to2/11.png"",""time"":1091},{""stimulus"":""img/3to2/12.png"",""time"":1189}]","[]"
"image-keyboard-response","232","246889","0.0-5.0-1.114","633471b7c7b5fa52a0a407a7","bdp_cybrbll","Sat Apr 01 2023 11:40:14 GMT-0400 (Eastern Daylight Time)","442216","3","1","","90","","","","choice","","img/2to1/1.png","1","111","202","0.5","0.1","2","1","",""
"animation","233","248178","0.0-5.0-2.114","633471b7c7b5fa52a0a407a7","bdp_cybrbll","Sat Apr 01 2023 11:40:14 GMT-0400 (Eastern Daylight Time)","442216","3","1","","","","","","","","","","111","","","","2","1","[{""stimulus"":""img/2to1/1.png"",""time"":112},{""stimulus"":""img/2to1/2.png"",""time"":205},{""stimulus"":""img/2to1/3.png"",""time"":313},{""stimulus"":""img/2to1/4.png"",""time"":406},{""stimulus"":""img/2to1/5.png"",""time"":496},{""stimulus"":""img/2to1/6.png"",""time"":595},{""stimulus"":""img/2to1/7.png"",""time"":694},{""stimulus"":""img/2to1/8.png"",""time"":793},{""stimulus"":""img/2to1/9.png"",""time"":902},{""stimulus"":""img/2to1/10.png"",""time"":995},{""stimulus"":""img/2to1/11.png"",""time"":1103},{""stimulus"":""img/2to1/12.png"",""time"":1189}]","[]"
"image-keyboard-response","234","248613","0.0-5.0-1.115","633471b7c7b5fa52a0a407a7","bdp_cybrbll","Sat Apr 01 2023 11:40:14 GMT-0400 (Eastern Daylight Time)","442216","3","1","","null","","","","observe","","img/1to3/1.png","null","110","420","0.5","0.1","1","3","",""
"animation","235","249911","0.0-5.0-2.115","633471b7c7b5fa52a0a407a7","bdp_cybrbll","Sat Apr 01 2023 11:40:14 GMT-0400 (Eastern Daylight Time)","442216","3","1","","","","","","","","","","110","","","","1","3","[{""stimulus"":""img/1to3/1.png"",""time"":108},{""stimulus"":""img/1to3/2.png"",""time"":198},{""stimulus"":""img/1to3/3.png"",""time"":308},{""stimulus"":""img/1to3/4.png"",""time"":396},{""stimulus"":""img/1to3/5.png"",""time"":496},{""stimulus"":""img/1to3/6.png"",""time"":595},{""stimulus"":""img/1to3/7.png"",""time"":708},{""stimulus"":""img/1to3/8.png"",""time"":792},{""stimulus"":""img/1to3/9.png"",""time"":892},{""stimulus"":""img/1to3/10.png"",""time"":1003},{""stimulus"":""img/1to3/11.png"",""time"":1089},{""stimulus"":""img/1to3/12.png"",""time"":1189}]","[]"
"image-keyboard-response","236","250395","0.0-5.0-1.116","633471b7c7b5fa52a0a407a7","bdp_cybrbll","Sat Apr 01 2023 11:40:14 GMT-0400 (Eastern Daylight Time)","442216","3","1","","null","","","","observe","","img/3to2/1.png","null","109","468","0.5","0.1","3","1","",""
"animation","237","251682","0.0-5.0-2.116","633471b7c7b5fa52a0a407a7","bdp_cybrbll","Sat Apr 01 2023 11:40:14 GMT-0400 (Eastern Daylight Time)","442216","3","1","","","","","","","","","","109","","","","3","1","[{""stimulus"":""img/3to1/1.png"",""time"":111},{""stimulus"":""img/3to1/2.png"",""time"":199},{""stimulus"":""img/3to1/3.png"",""time"":299},{""stimulus"":""img/3to1/4.png"",""time"":405},{""stimulus"":""img/3to1/5.png"",""time"":499},{""stimulus"":""img/3to1/6.png"",""time"":595},{""stimulus"":""img/3to1/7.png"",""time"":694},{""stimulus"":""img/3to1/8.png"",""time"":793},{""stimulus"":""img/3to1/9.png"",""time"":903},{""stimulus"":""img/3to1/10.png"",""time"":991},{""stimulus"":""img/3to1/11.png"",""time"":1090},{""stimulus"":""img/3to1/12.png"",""time"":1189}]","[]"
"image-keyboard-response","238","252085","0.0-5.0-1.117","633471b7c7b5fa52a0a407a7","bdp_cybrbll","Sat Apr 01 2023 11:40:14 GMT-0400 (Eastern Daylight Time)","442216","3","1","","null","","","","observe","","img/1to3/1.png","null","108","391","0.5","0.1","1","3","",""
"animation","239","253388","0.0-5.0-2.117","633471b7c7b5fa52a0a407a7","bdp_cybrbll","Sat Apr 01 2023 11:40:14 GMT-0400 (Eastern Daylight Time)","442216","3","1","","","","","","","","","","108","","","","1","3","[{""stimulus"":""img/1to3/1.png"",""time"":108},{""stimulus"":""img/1to3/2.png"",""time"":199},{""stimulus"":""img/1to3/3.png"",""time"":309},{""stimulus"":""img/1to3/4.png"",""time"":396},{""stimulus"":""img/1to3/5.png"",""time"":497},{""stimulus"":""img/1to3/6.png"",""time"":605},{""stimulus"":""img/1to3/7.png"",""time"":693},{""stimulus"":""img/1to3/8.png"",""time"":793},{""stimulus"":""img/1to3/9.png"",""time"":900},{""stimulus"":""img/1to3/10.png"",""time"":990},{""stimulus"":""img/1to3/11.png"",""time"":1089},{""stimulus"":""img/1to3/12.png"",""time"":1194}]","[]"
"image-keyboard-response","240","253839","0.0-5.0-1.118","633471b7c7b5fa52a0a407a7","bdp_cybrbll","Sat Apr 01 2023 11:40:14 GMT-0400 (Eastern Daylight Time)","442216","3","1","","null","","","","observe","","img/3to2/1.png","null","107","450","0.5","0.1","3","2","",""
"animation","241","255128","0.0-5.0-2.118","633471b7c7b5fa52a0a407a7","bdp_cybrbll","Sat Apr 01 2023 11:40:14 GMT-0400 (Eastern Daylight Time)","442216","3","1","","","","","","","","","","107","","","","3","2","[{""stimulus"":""img/3to2/1.png"",""time"":108},{""stimulus"":""img/3to2/2.png"",""time"":199},{""stimulus"":""img/3to2/3.png"",""time"":298},{""stimulus"":""img/3to2/4.png"",""time"":404},{""stimulus"":""img/3to2/5.png"",""time"":496},{""stimulus"":""img/3to2/6.png"",""time"":604},{""stimulus"":""img/3to2/7.png"",""time"":695},{""stimulus"":""img/3to2/8.png"",""time"":793},{""stimulus"":""img/3to2/9.png"",""time"":901},{""stimulus"":""img/3to2/10.png"",""time"":994},{""stimulus"":""img/3to2/11.png"",""time"":1101},{""stimulus"":""img/3to2/12.png"",""time"":1193}]","[]"
"image-keyboard-response","242","255528","0.0-5.0-1.119","633471b7c7b5fa52a0a407a7","bdp_cybrbll","Sat Apr 01 2023 11:40:14 GMT-0400 (Eastern Daylight Time)","442216","3","1","","400","","","","choice","","img/2to1/1.png","1","106","293","0.5","0.1","2","1","",""
"animation","243","256816","0.0-5.0-2.119","633471b7c7b5fa52a0a407a7","bdp_cybrbll","Sat Apr 01 2023 11:40:14 GMT-0400 (Eastern Daylight Time)","442216","3","1","","","","","","","","","","106","","","","2","1","[{""stimulus"":""img/2to1/1.png"",""time"":100},{""stimulus"":""img/2to1/2.png"",""time"":204},{""stimulus"":""img/2to1/3.png"",""time"":313},{""stimulus"":""img/2to1/4.png"",""time"":407},{""stimulus"":""img/2to1/5.png"",""time"":496},{""stimulus"":""img/2to1/6.png"",""time"":607},{""stimulus"":""img/2to1/7.png"",""time"":699},{""stimulus"":""img/2to1/8.png"",""time"":793},{""stimulus"":""img/2to1/9.png"",""time"":893},{""stimulus"":""img/2to1/10.png"",""time"":991},{""stimulus"":""img/2to1/11.png"",""time"":1090},{""stimulus"":""img/2to1/12.png"",""time"":1195}]","[]"
"image-keyboard-response","244","257671","0.0-5.0-1.120","633471b7c7b5fa52a0a407a7","bdp_cybrbll","Sat Apr 01 2023 11:40:14 GMT-0400 (Eastern Daylight Time)","442216","3","1","","null","","","","observe","","img/1to3/1.png","null","105","840","0.5","0.1","1","3","",""
"animation","245","258958","0.0-5.0-2.120","633471b7c7b5fa52a0a407a7","bdp_cybrbll","Sat Apr 01 2023 11:40:14 GMT-0400 (Eastern Daylight Time)","442216","3","1","","","","","","","","","","105","","","","1","3","[{""stimulus"":""img/1to3/1.png"",""time"":109},{""stimulus"":""img/1to3/2.png"",""time"":202},{""stimulus"":""img/1to3/3.png"",""time"":297},{""stimulus"":""img/1to3/4.png"",""time"":405},{""stimulus"":""img/1to3/5.png"",""time"":496},{""stimulus"":""img/1to3/6.png"",""time"":606},{""stimulus"":""img/1to3/7.png"",""time"":694},{""stimulus"":""img/1to3/8.png"",""time"":807},{""stimulus"":""img/1to3/9.png"",""time"":892},{""stimulus"":""img/1to3/10.png"",""time"":991},{""stimulus"":""img/1to3/11.png"",""time"":1101},{""stimulus"":""img/1to3/12.png"",""time"":1196}]","[]"
"image-keyboard-response","246","259284","0.0-5.0-1.121","633471b7c7b5fa52a0a407a7","bdp_cybrbll","Sat Apr 01 2023 11:40:14 GMT-0400 (Eastern Daylight Time)","442216","3","1","","null","","","","observe","","img/3to2/1.png","null","104","313","0.5","0.1","3","2","",""
"animation","247","260586","0.0-5.0-2.121","633471b7c7b5fa52a0a407a7","bdp_cybrbll","Sat Apr 01 2023 11:40:14 GMT-0400 (Eastern Daylight Time)","442216","3","1","","","","","","","","","","104","","","","3","2","[{""stimulus"":""img/3to2/1.png"",""time"":110},{""stimulus"":""img/3to2/2.png"",""time"":200},{""stimulus"":""img/3to2/3.png"",""time"":298},{""stimulus"":""img/3to2/4.png"",""time"":398},{""stimulus"":""img/3to2/5.png"",""time"":497},{""stimulus"":""img/3to2/6.png"",""time"":605},{""stimulus"":""img/3to2/7.png"",""time"":694},{""stimulus"":""img/3to2/8.png"",""time"":794},{""stimulus"":""img/3to2/9.png"",""time"":892},{""stimulus"":""img/3to2/10.png"",""time"":992},{""stimulus"":""img/3to2/11.png"",""time"":1101},{""stimulus"":""img/3to2/12.png"",""time"":1195}]","[]"
"image-keyboard-response","248","260692","0.0-5.0-1.122","633471b7c7b5fa52a0a407a7","bdp_cybrbll","Sat Apr 01 2023 11:40:14 GMT-0400 (Eastern Daylight Time)","442216","3","1","","105","","","","choice","","img/2to1/1.png","2","103","489","0.5","0.1","2","3","",""
"animation","249","261980","0.0-5.0-2.122","633471b7c7b5fa52a0a407a7","bdp_cybrbll","Sat Apr 01 2023 11:40:14 GMT-0400 (Eastern Daylight Time)","442216","3","1","","","","","","","","","","103","","","","2","3","[{""stimulus"":""img/2to3/1.png"",""time"":112},{""stimulus"":""img/2to3/2.png"",""time"":206},{""stimulus"":""img/2to3/3.png"",""time"":299},{""stimulus"":""img/2to3/4.png"",""time"":397},{""stimulus"":""img/2to3/5.png"",""time"":497},{""stimulus"":""img/2to3/6.png"",""time"":609},{""stimulus"":""img/2to3/7.png"",""time"":702},{""stimulus"":""img/2to3/8.png"",""time"":792},{""stimulus"":""img/2to3/9.png"",""time"":891},{""stimulus"":""img/2to3/10.png"",""time"":998},{""stimulus"":""img/2to3/11.png"",""time"":1092},{""stimulus"":""img/2to3/12.png"",""time"":1202}]","[]"
"image-keyboard-response","250","262483","0.0-5.0-1.123","633471b7c7b5fa52a0a407a7","bdp_cybrbll","Sat Apr 01 2023 11:40:14 GMT-0400 (Eastern Daylight Time)","442216","3","1","","null","","","","observe","","img/3to2/1.png","null","102","492","0.5","0.1","3","2","",""
"animation","251","263775","0.0-5.0-2.123","633471b7c7b5fa52a0a407a7","bdp_cybrbll","Sat Apr 01 2023 11:40:14 GMT-0400 (Eastern Daylight Time)","442216","3","1","","","","","","","","","","102","","","","3","2","[{""stimulus"":""img/3to2/1.png"",""time"":109},{""stimulus"":""img/3to2/2.png"",""time"":199},{""stimulus"":""img/3to2/3.png"",""time"":298},{""stimulus"":""img/3to2/4.png"",""time"":405},{""stimulus"":""img/3to2/5.png"",""time"":496},{""stimulus"":""img/3to2/6.png"",""time"":594},{""stimulus"":""img/3to2/7.png"",""time"":693},{""stimulus"":""img/3to2/8.png"",""time"":794},{""stimulus"":""img/3to2/9.png"",""time"":903},{""stimulus"":""img/3to2/10.png"",""time"":995},{""stimulus"":""img/3to2/11.png"",""time"":1089},{""stimulus"":""img/3to2/12.png"",""time"":1199}]","[]"
"image-keyboard-response","252","264371","0.0-5.0-1.124","633471b7c7b5fa52a0a407a7","bdp_cybrbll","Sat Apr 01 2023 11:40:14 GMT-0400 (Eastern Daylight Time)","442216","3","1","","595","","","","choice","","img/2to1/1.png","1","101","258","0.5","0.1","2","1","",""
"animation","253","265658","0.0-5.0-2.124","633471b7c7b5fa52a0a407a7","bdp_cybrbll","Sat Apr 01 2023 11:40:14 GMT-0400 (Eastern Daylight Time)","442216","3","1","","","","","","","","","","101","","","","2","1","[{""stimulus"":""img/2to1/1.png"",""time"":100},{""stimulus"":""img/2to1/2.png"",""time"":209},{""stimulus"":""img/2to1/3.png"",""time"":302},{""stimulus"":""img/2to1/4.png"",""time"":397},{""stimulus"":""img/2to1/5.png"",""time"":505},{""stimulus"":""img/2to1/6.png"",""time"":596},{""stimulus"":""img/2to1/7.png"",""time"":693},{""stimulus"":""img/2to1/8.png"",""time"":793},{""stimulus"":""img/2to1/9.png"",""time"":892},{""stimulus"":""img/2to1/10.png"",""time"":1000},{""stimulus"":""img/2to1/11.png"",""time"":1092},{""stimulus"":""img/2to1/12.png"",""time"":1201}]","[]"
"image-keyboard-response","254","265897","0.0-5.0-1.125","633471b7c7b5fa52a0a407a7","bdp_cybrbll","Sat Apr 01 2023 11:40:14 GMT-0400 (Eastern Daylight Time)","442216","3","1","","null","","","","observe","","img/1to3/1.png","null","100","224","0.5","0.1","1","3","",""
"animation","255","267184","0.0-5.0-2.125","633471b7c7b5fa52a0a407a7","bdp_cybrbll","Sat Apr 01 2023 11:40:14 GMT-0400 (Eastern Daylight Time)","442216","3","1","","","","","","","","","","100","","","","1","3","[{""stimulus"":""img/1to3/1.png"",""time"":109},{""stimulus"":""img/1to3/2.png"",""time"":199},{""stimulus"":""img/1to3/3.png"",""time"":298},{""stimulus"":""img/1to3/4.png"",""time"":397},{""stimulus"":""img/1to3/5.png"",""time"":510},{""stimulus"":""img/1to3/6.png"",""time"":603},{""stimulus"":""img/1to3/7.png"",""time"":694},{""stimulus"":""img/1to3/8.png"",""time"":793},{""stimulus"":""img/1to3/9.png"",""time"":892},{""stimulus"":""img/1to3/10.png"",""time"":1005},{""stimulus"":""img/1to3/11.png"",""time"":1089},{""stimulus"":""img/1to3/12.png"",""time"":1188}]","[]"
"image-keyboard-response","256","267429","0.0-5.0-1.126","633471b7c7b5fa52a0a407a7","bdp_cybrbll","Sat Apr 01 2023 11:40:14 GMT-0400 (Eastern Daylight Time)","442216","3","1","","null","","","","observe","","img/3to2/1.png","null","99","236","0.5","0.1","3","1","",""
"animation","257","268717","0.0-5.0-2.126","633471b7c7b5fa52a0a407a7","bdp_cybrbll","Sat Apr 01 2023 11:40:14 GMT-0400 (Eastern Daylight Time)","442216","3","1","","","","","","","","","","99","","","","3","1","[{""stimulus"":""img/3to1/1.png"",""time"":107},{""stimulus"":""img/3to1/2.png"",""time"":199},{""stimulus"":""img/3to1/3.png"",""time"":309},{""stimulus"":""img/3to1/4.png"",""time"":403},{""stimulus"":""img/3to1/5.png"",""time"":511},{""stimulus"":""img/3to1/6.png"",""time"":604},{""stimulus"":""img/3to1/7.png"",""time"":693},{""stimulus"":""img/3to1/8.png"",""time"":793},{""stimulus"":""img/3to1/9.png"",""time"":895},{""stimulus"":""img/3to1/10.png"",""time"":992},{""stimulus"":""img/3to1/11.png"",""time"":1096},{""stimulus"":""img/3to1/12.png"",""time"":1190}]","[]"
"image-keyboard-response","258","268995","0.0-5.0-1.127","633471b7c7b5fa52a0a407a7","bdp_cybrbll","Sat Apr 01 2023 11:40:14 GMT-0400 (Eastern Daylight Time)","442216","3","1","","null","","","","observe","","img/1to3/1.png","null","98","273","0.5","0.1","1","3","",""
"animation","259","270293","0.0-5.0-2.127","633471b7c7b5fa52a0a407a7","bdp_cybrbll","Sat Apr 01 2023 11:40:14 GMT-0400 (Eastern Daylight Time)","442216","3","1","","","","","","","","","","98","","","","1","3","[{""stimulus"":""img/1to3/1.png"",""time"":108},{""stimulus"":""img/1to3/2.png"",""time"":199},{""stimulus"":""img/1to3/3.png"",""time"":299},{""stimulus"":""img/1to3/4.png"",""time"":401},{""stimulus"":""img/1to3/5.png"",""time"":496},{""stimulus"":""img/1to3/6.png"",""time"":596},{""stimulus"":""img/1to3/7.png"",""time"":694},{""stimulus"":""img/1to3/8.png"",""time"":793},{""stimulus"":""img/1to3/9.png"",""time"":896},{""stimulus"":""img/1to3/10.png"",""time"":1005},{""stimulus"":""img/1to3/11.png"",""time"":1098},{""stimulus"":""img/1to3/12.png"",""time"":1189}]","[]"
"image-keyboard-response","260","270542","0.0-5.0-1.128","633471b7c7b5fa52a0a407a7","bdp_cybrbll","Sat Apr 01 2023 11:40:14 GMT-0400 (Eastern Daylight Time)","442216","3","1","","null","","","","observe","","img/3to2/1.png","null","97","247","0.5","0.1","3","1","",""
"animation","261","271830","0.0-5.0-2.128","633471b7c7b5fa52a0a407a7","bdp_cybrbll","Sat Apr 01 2023 11:40:14 GMT-0400 (Eastern Daylight Time)","442216","3","1","","","","","","","","","","97","","","","3","1","[{""stimulus"":""img/3to1/1.png"",""time"":110},{""stimulus"":""img/3to1/2.png"",""time"":198},{""stimulus"":""img/3to1/3.png"",""time"":310},{""stimulus"":""img/3to1/4.png"",""time"":404},{""stimulus"":""img/3to1/5.png"",""time"":496},{""stimulus"":""img/3to1/6.png"",""time"":608},{""stimulus"":""img/3to1/7.png"",""time"":701},{""stimulus"":""img/3to1/8.png"",""time"":794},{""stimulus"":""img/3to1/9.png"",""time"":891},{""stimulus"":""img/3to1/10.png"",""time"":991},{""stimulus"":""img/3to1/11.png"",""time"":1103},{""stimulus"":""img/3to1/12.png"",""time"":1196}]","[]"
"image-keyboard-response","262","272175","0.0-5.0-1.129","633471b7c7b5fa52a0a407a7","bdp_cybrbll","Sat Apr 01 2023 11:40:14 GMT-0400 (Eastern Daylight Time)","442216","3","1","","null","","","","observe","","img/1to3/1.png","null","96","340","0.5","0.1","1","3","",""
"animation","263","273474","0.0-5.0-2.129","633471b7c7b5fa52a0a407a7","bdp_cybrbll","Sat Apr 01 2023 11:40:14 GMT-0400 (Eastern Daylight Time)","442216","3","1","","","","","","","","","","96","","","","1","3","[{""stimulus"":""img/1to3/1.png"",""time"":108},{""stimulus"":""img/1to3/2.png"",""time"":201},{""stimulus"":""img/1to3/3.png"",""time"":297},{""stimulus"":""img/1to3/4.png"",""time"":397},{""stimulus"":""img/1to3/5.png"",""time"":496},{""stimulus"":""img/1to3/6.png"",""time"":605},{""stimulus"":""img/1to3/7.png"",""time"":698},{""stimulus"":""img/1to3/8.png"",""time"":805},{""stimulus"":""img/1to3/9.png"",""time"":892},{""stimulus"":""img/1to3/10.png"",""time"":992},{""stimulus"":""img/1to3/11.png"",""time"":1090},{""stimulus"":""img/1to3/12.png"",""time"":1191}]","[]"
"image-keyboard-response","264","273629","0.0-5.0-1.130","633471b7c7b5fa52a0a407a7","bdp_cybrbll","Sat Apr 01 2023 11:40:14 GMT-0400 (Eastern Daylight Time)","442216","3","1","","null","","","","observe","","img/3to2/1.png","null","95","144","0.5","0.1","3","2","",""
"animation","265","274929","0.0-5.0-2.130","633471b7c7b5fa52a0a407a7","bdp_cybrbll","Sat Apr 01 2023 11:40:14 GMT-0400 (Eastern Daylight Time)","442216","3","1","","","","","","","","","","95","","","","3","2","[{""stimulus"":""img/3to2/1.png"",""time"":108},{""stimulus"":""img/3to2/2.png"",""time"":200},{""stimulus"":""img/3to2/3.png"",""time"":307},{""stimulus"":""img/3to2/4.png"",""time"":396},{""stimulus"":""img/3to2/5.png"",""time"":509},{""stimulus"":""img/3to2/6.png"",""time"":595},{""stimulus"":""img/3to2/7.png"",""time"":694},{""stimulus"":""img/3to2/8.png"",""time"":805},{""stimulus"":""img/3to2/9.png"",""time"":897},{""stimulus"":""img/3to2/10.png"",""time"":991},{""stimulus"":""img/3to2/11.png"",""time"":1099},{""stimulus"":""img/3to2/12.png"",""time"":1190}]","[]"
"image-keyboard-response","266","275004","0.0-5.0-1.131","633471b7c7b5fa52a0a407a7","bdp_cybrbll","Sat Apr 01 2023 11:40:14 GMT-0400 (Eastern Daylight Time)","442216","3","1","","75","","","","choice","","img/2to1/1.png","1","94","321","0.5","0.1","2","1","",""
"animation","267","276292","0.0-5.0-2.131","633471b7c7b5fa52a0a407a7","bdp_cybrbll","Sat Apr 01 2023 11:40:14 GMT-0400 (Eastern Daylight Time)","442216","3","1","","","","","","","","","","94","","","","2","1","[{""stimulus"":""img/2to1/1.png"",""time"":110},{""stimulus"":""img/2to1/2.png"",""time"":199},{""stimulus"":""img/2to1/3.png"",""time"":298},{""stimulus"":""img/2to1/4.png"",""time"":408},{""stimulus"":""img/2to1/5.png"",""time"":496},{""stimulus"":""img/2to1/6.png"",""time"":595},{""stimulus"":""img/2to1/7.png"",""time"":701},{""stimulus"":""img/2to1/8.png"",""time"":795},{""stimulus"":""img/2to1/9.png"",""time"":904},{""stimulus"":""img/2to1/10.png"",""time"":997},{""stimulus"":""img/2to1/11.png"",""time"":1090},{""stimulus"":""img/2to1/12.png"",""time"":1198}]","[]"
"image-keyboard-response","268","276511","0.0-5.0-1.132","633471b7c7b5fa52a0a407a7","bdp_cybrbll","Sat Apr 01 2023 11:40:14 GMT-0400 (Eastern Daylight Time)","442216","3","1","","null","","","","observe","","img/1to3/1.png","null","93","212","0.5","0.1","1","3","",""
"animation","269","277800","0.0-5.0-2.132","633471b7c7b5fa52a0a407a7","bdp_cybrbll","Sat Apr 01 2023 11:40:14 GMT-0400 (Eastern Daylight Time)","442216","3","1","","","","","","","","","","93","","","","1","3","[{""stimulus"":""img/1to3/1.png"",""time"":109},{""stimulus"":""img/1to3/2.png"",""time"":199},{""stimulus"":""img/1to3/3.png"",""time"":298},{""stimulus"":""img/1to3/4.png"",""time"":403},{""stimulus"":""img/1to3/5.png"",""time"":496},{""stimulus"":""img/1to3/6.png"",""time"":595},{""stimulus"":""img/1to3/7.png"",""time"":694},{""stimulus"":""img/1to3/8.png"",""time"":808},{""stimulus"":""img/1to3/9.png"",""time"":901},{""stimulus"":""img/1to3/10.png"",""time"":990},{""stimulus"":""img/1to3/11.png"",""time"":1089},{""stimulus"":""img/1to3/12.png"",""time"":1188}]","[]"
"image-keyboard-response","270","278188","0.0-5.0-1.133","633471b7c7b5fa52a0a407a7","bdp_cybrbll","Sat Apr 01 2023 11:40:14 GMT-0400 (Eastern Daylight Time)","442216","3","1","","null","","","","observe","","img/3to2/1.png","null","92","380","0.5","0.1","3","2","",""
"animation","271","279491","0.0-5.0-2.133","633471b7c7b5fa52a0a407a7","bdp_cybrbll","Sat Apr 01 2023 11:40:14 GMT-0400 (Eastern Daylight Time)","442216","3","1","","","","","","","","","","92","","","","3","2","[{""stimulus"":""img/3to2/1.png"",""time"":109},{""stimulus"":""img/3to2/2.png"",""time"":201},{""stimulus"":""img/3to2/3.png"",""time"":298},{""stimulus"":""img/3to2/4.png"",""time"":398},{""stimulus"":""img/3to2/5.png"",""time"":496},{""stimulus"":""img/3to2/6.png"",""time"":606},{""stimulus"":""img/3to2/7.png"",""time"":698},{""stimulus"":""img/3to2/8.png"",""time"":805},{""stimulus"":""img/3to2/9.png"",""time"":891},{""stimulus"":""img/3to2/10.png"",""time"":990},{""stimulus"":""img/3to2/11.png"",""time"":1100},{""stimulus"":""img/3to2/12.png"",""time"":1194}]","[]"
"image-keyboard-response","272","279663","0.0-5.0-1.134","633471b7c7b5fa52a0a407a7","bdp_cybrbll","Sat Apr 01 2023 11:40:14 GMT-0400 (Eastern Daylight Time)","442216","3","1","","171","","","","choice","","img/2to1/1.png","2","91","432","0.5","0.1","2","3","",""
"animation","273","280951","0.0-5.0-2.134","633471b7c7b5fa52a0a407a7","bdp_cybrbll","Sat Apr 01 2023 11:40:14 GMT-0400 (Eastern Daylight Time)","442216","3","1","","","","","","","","","","91","","","","2","3","[{""stimulus"":""img/2to3/1.png"",""time"":100},{""stimulus"":""img/2to3/2.png"",""time"":215},{""stimulus"":""img/2to3/3.png"",""time"":307},{""stimulus"":""img/2to3/4.png"",""time"":400},{""stimulus"":""img/2to3/5.png"",""time"":496},{""stimulus"":""img/2to3/6.png"",""time"":600},{""stimulus"":""img/2to3/7.png"",""time"":694},{""stimulus"":""img/2to3/8.png"",""time"":806},{""stimulus"":""img/2to3/9.png"",""time"":893},{""stimulus"":""img/2to3/10.png"",""time"":992},{""stimulus"":""img/2to3/11.png"",""time"":1090},{""stimulus"":""img/2to3/12.png"",""time"":1189}]","[]"
"image-keyboard-response","274","281482","0.0-5.0-1.135","633471b7c7b5fa52a0a407a7","bdp_cybrbll","Sat Apr 01 2023 11:40:14 GMT-0400 (Eastern Daylight Time)","442216","3","1","","null","","","","observe","","img/3to2/1.png","null","90","530","0.5","0.1","3","2","",""
"animation","275","282771","0.0-5.0-2.135","633471b7c7b5fa52a0a407a7","bdp_cybrbll","Sat Apr 01 2023 11:40:14 GMT-0400 (Eastern Daylight Time)","442216","3","1","","","","","","","","","","90","","","","3","2","[{""stimulus"":""img/3to2/1.png"",""time"":109},{""stimulus"":""img/3to2/2.png"",""time"":199},{""stimulus"":""img/3to2/3.png"",""time"":299},{""stimulus"":""img/3to2/4.png"",""time"":407},{""stimulus"":""img/3to2/5.png"",""time"":495},{""stimulus"":""img/3to2/6.png"",""time"":607},{""stimulus"":""img/3to2/7.png"",""time"":694},{""stimulus"":""img/3to2/8.png"",""time"":793},{""stimulus"":""img/3to2/9.png"",""time"":903},{""stimulus"":""img/3to2/10.png"",""time"":991},{""stimulus"":""img/3to2/11.png"",""time"":1102},{""stimulus"":""img/3to2/12.png"",""time"":1195}]","[]"
"image-keyboard-response","276","282788","0.0-5.0-1.136","633471b7c7b5fa52a0a407a7","bdp_cybrbll","Sat Apr 01 2023 11:40:14 GMT-0400 (Eastern Daylight Time)","442216","3","1","","16","","","","choice","","img/2to1/1.png","1","89","512","0.5","0.1","2","1","",""
"animation","277","284076","0.0-5.0-2.136","633471b7c7b5fa52a0a407a7","bdp_cybrbll","Sat Apr 01 2023 11:40:14 GMT-0400 (Eastern Daylight Time)","442216","3","1","","","","","","","","","","89","","","","2","1","[{""stimulus"":""img/2to1/1.png"",""time"":108},{""stimulus"":""img/2to1/2.png"",""time"":199},{""stimulus"":""img/2to1/3.png"",""time"":298},{""stimulus"":""img/2to1/4.png"",""time"":406},{""stimulus"":""img/2to1/5.png"",""time"":498},{""stimulus"":""img/2to1/6.png"",""time"":606},{""stimulus"":""img/2to1/7.png"",""time"":699},{""stimulus"":""img/2to1/8.png"",""time"":792},{""stimulus"":""img/2to1/9.png"",""time"":892},{""stimulus"":""img/2to1/10.png"",""time"":992},{""stimulus"":""img/2to1/11.png"",""time"":1100},{""stimulus"":""img/2to1/12.png"",""time"":1194}]","[]"
"image-keyboard-response","278","284299","0.0-5.0-1.137","633471b7c7b5fa52a0a407a7","bdp_cybrbll","Sat Apr 01 2023 11:40:14 GMT-0400 (Eastern Daylight Time)","442216","3","1","","null","","","","observe","","img/1to3/1.png","null","88","222","0.5","0.1","1","3","",""
"animation","279","285588","0.0-5.0-2.137","633471b7c7b5fa52a0a407a7","bdp_cybrbll","Sat Apr 01 2023 11:40:14 GMT-0400 (Eastern Daylight Time)","442216","3","1","","","","","","","","","","88","","","","1","3","[{""stimulus"":""img/1to3/1.png"",""time"":100},{""stimulus"":""img/1to3/2.png"",""time"":198},{""stimulus"":""img/1to3/3.png"",""time"":301},{""stimulus"":""img/1to3/4.png"",""time"":396},{""stimulus"":""img/1to3/5.png"",""time"":496},{""stimulus"":""img/1to3/6.png"",""time"":609},{""stimulus"":""img/1to3/7.png"",""time"":701},{""stimulus"":""img/1to3/8.png"",""time"":793},{""stimulus"":""img/1to3/9.png"",""time"":901},{""stimulus"":""img/1to3/10.png"",""time"":994},{""stimulus"":""img/1to3/11.png"",""time"":1090},{""stimulus"":""img/1to3/12.png"",""time"":1195}]","[]"
"image-keyboard-response","280","285961","0.0-5.0-1.138","633471b7c7b5fa52a0a407a7","bdp_cybrbll","Sat Apr 01 2023 11:40:14 GMT-0400 (Eastern Daylight Time)","442216","3","1","","null","","","","observe","","img/3to2/1.png","null","87","363","0.5","0.1","3","2","",""
"animation","281","287256","0.0-5.0-2.138","633471b7c7b5fa52a0a407a7","bdp_cybrbll","Sat Apr 01 2023 11:40:14 GMT-0400 (Eastern Daylight Time)","442216","3","1","","","","","","","","","","87","","","","3","2","[{""stimulus"":""img/3to2/1.png"",""time"":108},{""stimulus"":""img/3to2/2.png"",""time"":199},{""stimulus"":""img/3to2/3.png"",""time"":308},{""stimulus"":""img/3to2/4.png"",""time"":401},{""stimulus"":""img/3to2/5.png"",""time"":509},{""stimulus"":""img/3to2/6.png"",""time"":595},{""stimulus"":""img/3to2/7.png"",""time"":694},{""stimulus"":""img/3to2/8.png"",""time"":793},{""stimulus"":""img/3to2/9.png"",""time"":892},{""stimulus"":""img/3to2/10.png"",""time"":1000},{""stimulus"":""img/3to2/11.png"",""time"":1090},{""stimulus"":""img/3to2/12.png"",""time"":1201}]","[]"
"image-keyboard-response","282","287349","0.0-5.0-1.139","633471b7c7b5fa52a0a407a7","bdp_cybrbll","Sat Apr 01 2023 11:40:14 GMT-0400 (Eastern Daylight Time)","442216","3","1","","92","","","","choice","","img/2to1/1.png","1","86","262","0.5","0.1","2","1","",""
"animation","283","288637","0.0-5.0-2.139","633471b7c7b5fa52a0a407a7","bdp_cybrbll","Sat Apr 01 2023 11:40:14 GMT-0400 (Eastern Daylight Time)","442216","3","1","","","","","","","","","","86","","","","2","1","[{""stimulus"":""img/2to1/1.png"",""time"":107},{""stimulus"":""img/2to1/2.png"",""time"":199},{""stimulus"":""img/2to1/3.png"",""time"":310},{""stimulus"":""img/2to1/4.png"",""time"":402},{""stimulus"":""img/2to1/5.png"",""time"":497},{""stimulus"":""img/2to1/6.png"",""time"":605},{""stimulus"":""img/2to1/7.png"",""time"":693},{""stimulus"":""img/2to1/8.png"",""time"":792},{""stimulus"":""img/2to1/9.png"",""time"":892},{""stimulus"":""img/2to1/10.png"",""time"":992},{""stimulus"":""img/2to1/11.png"",""time"":1100},{""stimulus"":""img/2to1/12.png"",""time"":1193}]","[]"
"image-keyboard-response","284","289055","0.0-5.0-1.140","633471b7c7b5fa52a0a407a7","bdp_cybrbll","Sat Apr 01 2023 11:40:14 GMT-0400 (Eastern Daylight Time)","442216","3","1","","null","","","","observe","","img/1to3/1.png","null","85","416","0.5","0.1","1","3","",""
"animation","285","290342","0.0-5.0-2.140","633471b7c7b5fa52a0a407a7","bdp_cybrbll","Sat Apr 01 2023 11:40:14 GMT-0400 (Eastern Daylight Time)","442216","3","1","","","","","","","","","","85","","","","1","3","[{""stimulus"":""img/1to3/1.png"",""time"":108},{""stimulus"":""img/1to3/2.png"",""time"":200},{""stimulus"":""img/1to3/3.png"",""time"":310},{""stimulus"":""img/1to3/4.png"",""time"":402},{""stimulus"":""img/1to3/5.png"",""time"":510},{""stimulus"":""img/1to3/6.png"",""time"":595},{""stimulus"":""img/1to3/7.png"",""time"":694},{""stimulus"":""img/1to3/8.png"",""time"":804},{""stimulus"":""img/1to3/9.png"",""time"":892},{""stimulus"":""img/1to3/10.png"",""time"":991},{""stimulus"":""img/1to3/11.png"",""time"":1090},{""stimulus"":""img/1to3/12.png"",""time"":1204}]","[]"
"image-keyboard-response","286","290993","0.0-5.0-1.141","633471b7c7b5fa52a0a407a7","bdp_cybrbll","Sat Apr 01 2023 11:40:14 GMT-0400 (Eastern Daylight Time)","442216","3","1","","null","","","","observe","","img/3to2/1.png","null","84","639","0.5","0.1","3","2","",""
"animation","287","292280","0.0-5.0-2.141","633471b7c7b5fa52a0a407a7","bdp_cybrbll","Sat Apr 01 2023 11:40:14 GMT-0400 (Eastern Daylight Time)","442216","3","1","","","","","","","","","","84","","","","3","2","[{""stimulus"":""img/3to2/1.png"",""time"":109},{""stimulus"":""img/3to2/2.png"",""time"":200},{""stimulus"":""img/3to2/3.png"",""time"":297},{""stimulus"":""img/3to2/4.png"",""time"":403},{""stimulus"":""img/3to2/5.png"",""time"":510},{""stimulus"":""img/3to2/6.png"",""time"":594},{""stimulus"":""img/3to2/7.png"",""time"":694},{""stimulus"":""img/3to2/8.png"",""time"":803},{""stimulus"":""img/3to2/9.png"",""time"":896},{""stimulus"":""img/3to2/10.png"",""time"":1004},{""stimulus"":""img/3to2/11.png"",""time"":1090},{""stimulus"":""img/3to2/12.png"",""time"":1190}]","[]"
"image-keyboard-response","288","292284","0.0-5.0-1.142","633471b7c7b5fa52a0a407a7","bdp_cybrbll","Sat Apr 01 2023 11:40:14 GMT-0400 (Eastern Daylight Time)","442216","3","1","","3","","","","choice","","img/2to1/1.png","2","83","265","0.5","0.1","2","3","",""
"animation","289","293571","0.0-5.0-2.142","633471b7c7b5fa52a0a407a7","bdp_cybrbll","Sat Apr 01 2023 11:40:14 GMT-0400 (Eastern Daylight Time)","442216","3","1","","","","","","","","","","83","","","","2","3","[{""stimulus"":""img/2to3/1.png"",""time"":100},{""stimulus"":""img/2to3/2.png"",""time"":210},{""stimulus"":""img/2to3/3.png"",""time"":302},{""stimulus"":""img/2to3/4.png"",""time"":397},{""stimulus"":""img/2to3/5.png"",""time"":504},{""stimulus"":""img/2to3/6.png"",""time"":598},{""stimulus"":""img/2to3/7.png"",""time"":707},{""stimulus"":""img/2to3/8.png"",""time"":793},{""stimulus"":""img/2to3/9.png"",""time"":892},{""stimulus"":""img/2to3/10.png"",""time"":991},{""stimulus"":""img/2to3/11.png"",""time"":1096},{""stimulus"":""img/2to3/12.png"",""time"":1204}]","[]"
"image-keyboard-response","290","295317","0.0-5.0-1.143","633471b7c7b5fa52a0a407a7","bdp_cybrbll","Sat Apr 01 2023 11:40:14 GMT-0400 (Eastern Daylight Time)","442216","3","1","","null","","","","observe","","img/3to2/1.png","null","82","1737","0.5","0.1","3","1","",""
"animation","291","296605","0.0-5.0-2.143","633471b7c7b5fa52a0a407a7","bdp_cybrbll","Sat Apr 01 2023 11:40:14 GMT-0400 (Eastern Daylight Time)","442216","3","1","","","","","","","","","","82","","","","3","1","[{""stimulus"":""img/3to1/1.png"",""time"":110},{""stimulus"":""img/3to1/2.png"",""time"":199},{""stimulus"":""img/3to1/3.png"",""time"":310},{""stimulus"":""img/3to1/4.png"",""time"":397},{""stimulus"":""img/3to1/5.png"",""time"":496},{""stimulus"":""img/3to1/6.png"",""time"":605},{""stimulus"":""img/3to1/7.png"",""time"":695},{""stimulus"":""img/3to1/8.png"",""time"":794},{""stimulus"":""img/3to1/9.png"",""time"":899},{""stimulus"":""img/3to1/10.png"",""time"":993},{""stimulus"":""img/3to1/11.png"",""time"":1090},{""stimulus"":""img/3to1/12.png"",""time"":1194}]","[]"
"image-keyboard-response","292","297025","0.0-5.0-1.144","633471b7c7b5fa52a0a407a7","bdp_cybrbll","Sat Apr 01 2023 11:40:14 GMT-0400 (Eastern Daylight Time)","442216","3","1","","null","","","","observe","","img/1to3/1.png","null","81","406","0.5","0.1","1","3","",""
"animation","293","298327","0.0-5.0-2.144","633471b7c7b5fa52a0a407a7","bdp_cybrbll","Sat Apr 01 2023 11:40:14 GMT-0400 (Eastern Daylight Time)","442216","3","1","","","","","","","","","","81","","","","1","3","[{""stimulus"":""img/1to3/1.png"",""time"":110},{""stimulus"":""img/1to3/2.png"",""time"":203},{""stimulus"":""img/1to3/3.png"",""time"":311},{""stimulus"":""img/1to3/4.png"",""time"":396},{""stimulus"":""img/1to3/5.png"",""time"":496},{""stimulus"":""img/1to3/6.png"",""time"":603},{""stimulus"":""img/1to3/7.png"",""time"":693},{""stimulus"":""img/1to3/8.png"",""time"":805},{""stimulus"":""img/1to3/9.png"",""time"":899},{""stimulus"":""img/1to3/10.png"",""time"":991},{""stimulus"":""img/1to3/11.png"",""time"":1089},{""stimulus"":""img/1to3/12.png"",""time"":1189}]","[]"
"image-keyboard-response","294","298805","0.0-5.0-1.145","633471b7c7b5fa52a0a407a7","bdp_cybrbll","Sat Apr 01 2023 11:40:14 GMT-0400 (Eastern Daylight Time)","442216","3","1","","null","","","","observe","","img/3to2/1.png","null","80","463","0.5","0.1","3","2","",""
"animation","295","300094","0.0-5.0-2.145","633471b7c7b5fa52a0a407a7","bdp_cybrbll","Sat Apr 01 2023 11:40:14 GMT-0400 (Eastern Daylight Time)","442216","3","1","","","","","","","","","","80","","","","3","2","[{""stimulus"":""img/3to2/1.png"",""time"":112},{""stimulus"":""img/3to2/2.png"",""time"":199},{""stimulus"":""img/3to2/3.png"",""time"":297},{""stimulus"":""img/3to2/4.png"",""time"":397},{""stimulus"":""img/3to2/5.png"",""time"":500},{""stimulus"":""img/3to2/6.png"",""time"":608},{""stimulus"":""img/3to2/7.png"",""time"":702},{""stimulus"":""img/3to2/8.png"",""time"":796},{""stimulus"":""img/3to2/9.png"",""time"":892},{""stimulus"":""img/3to2/10.png"",""time"":992},{""stimulus"":""img/3to2/11.png"",""time"":1090},{""stimulus"":""img/3to2/12.png"",""time"":1198}]","[]"
"image-keyboard-response","296","300579","0.0-5.0-1.146","633471b7c7b5fa52a0a407a7","bdp_cybrbll","Sat Apr 01 2023 11:40:14 GMT-0400 (Eastern Daylight Time)","442216","3","1","","484","","","","choice","","img/2to1/1.png","1","79","911","0.5","0.1","2","1","",""
"animation","297","301874","0.0-5.0-2.146","633471b7c7b5fa52a0a407a7","bdp_cybrbll","Sat Apr 01 2023 11:40:14 GMT-0400 (Eastern Daylight Time)","442216","3","1","","","","","","","","","","79","","","","2","1","[{""stimulus"":""img/2to1/1.png"",""time"":99},{""stimulus"":""img/2to1/2.png"",""time"":198},{""stimulus"":""img/2to1/3.png"",""time"":300},{""stimulus"":""img/2to1/4.png"",""time"":397},{""stimulus"":""img/2to1/5.png"",""time"":495},{""stimulus"":""img/2to1/6.png"",""time"":595},{""stimulus"":""img/2to1/7.png"",""time"":708},{""stimulus"":""img/2to1/8.png"",""time"":802},{""stimulus"":""img/2to1/9.png"",""time"":895},{""stimulus"":""img/2to1/10.png"",""time"":990},{""stimulus"":""img/2to1/11.png"",""time"":1095},{""stimulus"":""img/2to1/12.png"",""time"":1203}]","[]"
"image-keyboard-response","298","302603","0.0-5.0-1.147","633471b7c7b5fa52a0a407a7","bdp_cybrbll","Sat Apr 01 2023 11:40:14 GMT-0400 (Eastern Daylight Time)","442216","3","1","","null","","","","observe","","img/1to3/1.png","null","78","719","0.5","0.1","1","3","",""
"animation","299","303901","0.0-5.0-2.147","633471b7c7b5fa52a0a407a7","bdp_cybrbll","Sat Apr 01 2023 11:40:14 GMT-0400 (Eastern Daylight Time)","442216","3","1","","","","","","","","","","78","","","","1","3","[{""stimulus"":""img/1to3/1.png"",""time"":109},{""stimulus"":""img/1to3/2.png"",""time"":199},{""stimulus"":""img/1to3/3.png"",""time"":311},{""stimulus"":""img/1to3/4.png"",""time"":396},{""stimulus"":""img/1to3/5.png"",""time"":496},{""stimulus"":""img/1to3/6.png"",""time"":603},{""stimulus"":""img/1to3/7.png"",""time"":694},{""stimulus"":""img/1to3/8.png"",""time"":805},{""stimulus"":""img/1to3/9.png"",""time"":898},{""stimulus"":""img/1to3/10.png"",""time"":1006},{""stimulus"":""img/1to3/11.png"",""time"":1090},{""stimulus"":""img/1to3/12.png"",""time"":1188}]","[]"
"image-keyboard-response","300","304349","0.0-5.0-1.148","633471b7c7b5fa52a0a407a7","bdp_cybrbll","Sat Apr 01 2023 11:40:14 GMT-0400 (Eastern Daylight Time)","442216","3","1","","null","","","","observe","","img/3to2/1.png","null","77","446","0.5","0.1","3","2","",""
"animation","301","305640","0.0-5.0-2.148","633471b7c7b5fa52a0a407a7","bdp_cybrbll","Sat Apr 01 2023 11:40:14 GMT-0400 (Eastern Daylight Time)","442216","3","1","","","","","","","","","","77","","","","3","2","[{""stimulus"":""img/3to2/1.png"",""time"":112},{""stimulus"":""img/3to2/2.png"",""time"":199},{""stimulus"":""img/3to2/3.png"",""time"":299},{""stimulus"":""img/3to2/4.png"",""time"":406},{""stimulus"":""img/3to2/5.png"",""time"":496},{""stimulus"":""img/3to2/6.png"",""time"":595},{""stimulus"":""img/3to2/7.png"",""time"":694},{""stimulus"":""img/3to2/8.png"",""time"":793},{""stimulus"":""img/3to2/9.png"",""time"":905},{""stimulus"":""img/3to2/10.png"",""time"":991},{""stimulus"":""img/3to2/11.png"",""time"":1090},{""stimulus"":""img/3to2/12.png"",""time"":1198}]","[]"
"image-keyboard-response","302","306139","0.0-5.0-1.149","633471b7c7b5fa52a0a407a7","bdp_cybrbll","Sat Apr 01 2023 11:40:14 GMT-0400 (Eastern Daylight Time)","442216","3","1","","498","","","","choice","","img/2to1/1.png","1","76","578","0.5","0.1","2","1","",""
"animation","303","307439","0.0-5.0-2.149","633471b7c7b5fa52a0a407a7","bdp_cybrbll","Sat Apr 01 2023 11:40:14 GMT-0400 (Eastern Daylight Time)","442216","3","1","","","","","","","","","","76","","","","2","1","[{""stimulus"":""img/2to1/1.png"",""time"":109},{""stimulus"":""img/2to1/2.png"",""time"":202},{""stimulus"":""img/2to1/3.png"",""time"":310},{""stimulus"":""img/2to1/4.png"",""time"":402},{""stimulus"":""img/2to1/5.png"",""time"":496},{""stimulus"":""img/2to1/6.png"",""time"":603},{""stimulus"":""img/2to1/7.png"",""time"":695},{""stimulus"":""img/2to1/8.png"",""time"":805},{""stimulus"":""img/2to1/9.png"",""time"":899},{""stimulus"":""img/2to1/10.png"",""time"":991},{""stimulus"":""img/2to1/11.png"",""time"":1099},{""stimulus"":""img/2to1/12.png"",""time"":1192}]","[]"
"image-keyboard-response","304","308015","0.0-5.0-1.150","633471b7c7b5fa52a0a407a7","bdp_cybrbll","Sat Apr 01 2023 11:40:14 GMT-0400 (Eastern Daylight Time)","442216","3","1","","null","","","","observe","","img/1to3/1.png","null","75","573","0.5","0.1","1","3","",""
"animation","305","309312","0.0-5.0-2.150","633471b7c7b5fa52a0a407a7","bdp_cybrbll","Sat Apr 01 2023 11:40:14 GMT-0400 (Eastern Daylight Time)","442216","3","1","","","","","","","","","","75","","","","1","3","[{""stimulus"":""img/1to3/1.png"",""time"":108},{""stimulus"":""img/1to3/2.png"",""time"":199},{""stimulus"":""img/1to3/3.png"",""time"":298},{""stimulus"":""img/1to3/4.png"",""time"":396},{""stimulus"":""img/1to3/5.png"",""time"":509},{""stimulus"":""img/1to3/6.png"",""time"":602},{""stimulus"":""img/1to3/7.png"",""time"":693},{""stimulus"":""img/1to3/8.png"",""time"":793},{""stimulus"":""img/1to3/9.png"",""time"":895},{""stimulus"":""img/1to3/10.png"",""time"":991},{""stimulus"":""img/1to3/11.png"",""time"":1090},{""stimulus"":""img/1to3/12.png"",""time"":1189}]","[]"
"image-keyboard-response","306","310216","0.0-5.0-1.151","633471b7c7b5fa52a0a407a7","bdp_cybrbll","Sat Apr 01 2023 11:40:14 GMT-0400 (Eastern Daylight Time)","442216","3","1","","null","","","","observe","","img/3to2/1.png","null","74","902","0.5","0.5","3","2","",""
"animation","307","311519","0.0-5.0-2.151","633471b7c7b5fa52a0a407a7","bdp_cybrbll","Sat Apr 01 2023 11:40:14 GMT-0400 (Eastern Daylight Time)","442216","3","1","","","","","","","","","","74","","","","3","2","[{""stimulus"":""img/3to2/1.png"",""time"":110},{""stimulus"":""img/3to2/2.png"",""time"":199},{""stimulus"":""img/3to2/3.png"",""time"":313},{""stimulus"":""img/3to2/4.png"",""time"":398},{""stimulus"":""img/3to2/5.png"",""time"":497},{""stimulus"":""img/3to2/6.png"",""time"":606},{""stimulus"":""img/3to2/7.png"",""time"":697},{""stimulus"":""img/3to2/8.png"",""time"":805},{""stimulus"":""img/3to2/9.png"",""time"":892},{""stimulus"":""img/3to2/10.png"",""time"":992},{""stimulus"":""img/3to2/11.png"",""time"":1090},{""stimulus"":""img/3to2/12.png"",""time"":1193}]","[]"
"image-keyboard-response","308","311613","0.0-5.0-1.152","633471b7c7b5fa52a0a407a7","bdp_cybrbll","Sat Apr 01 2023 11:40:14 GMT-0400 (Eastern Daylight Time)","442216","3","1","","94","","","","choice","","img/2to1/1.png","1","73","341","0.5","0.5","2","1","",""
"animation","309","312914","0.0-5.0-2.152","633471b7c7b5fa52a0a407a7","bdp_cybrbll","Sat Apr 01 2023 11:40:14 GMT-0400 (Eastern Daylight Time)","442216","3","1","","","","","","","","","","73","","","","2","1","[{""stimulus"":""img/2to1/1.png"",""time"":106},{""stimulus"":""img/2to1/2.png"",""time"":214},{""stimulus"":""img/2to1/3.png"",""time"":307},{""stimulus"":""img/2to1/4.png"",""time"":402},{""stimulus"":""img/2to1/5.png"",""time"":496},{""stimulus"":""img/2to1/6.png"",""time"":596},{""stimulus"":""img/2to1/7.png"",""time"":694},{""stimulus"":""img/2to1/8.png"",""time"":795},{""stimulus"":""img/2to1/9.png"",""time"":900},{""stimulus"":""img/2to1/10.png"",""time"":991},{""stimulus"":""img/2to1/11.png"",""time"":1091},{""stimulus"":""img/2to1/12.png"",""time"":1192}]","[]"
"image-keyboard-response","310","313303","0.0-5.0-1.153","633471b7c7b5fa52a0a407a7","bdp_cybrbll","Sat Apr 01 2023 11:40:14 GMT-0400 (Eastern Daylight Time)","442216","3","1","","null","","","","observe","","img/1to3/1.png","null","72","388","0.5","0.5","1","2","",""
"animation","311","314599","0.0-5.0-2.153","633471b7c7b5fa52a0a407a7","bdp_cybrbll","Sat Apr 01 2023 11:40:14 GMT-0400 (Eastern Daylight Time)","442216","3","1","","","","","","","","","","72","","","","1","2","[{""stimulus"":""img/1to2/1.png"",""time"":107},{""stimulus"":""img/1to2/2.png"",""time"":199},{""stimulus"":""img/1to2/3.png"",""time"":307},{""stimulus"":""img/1to2/4.png"",""time"":397},{""stimulus"":""img/1to2/5.png"",""time"":496},{""stimulus"":""img/1to2/6.png"",""time"":602},{""stimulus"":""img/1to2/7.png"",""time"":695},{""stimulus"":""img/1to2/8.png"",""time"":802},{""stimulus"":""img/1to2/9.png"",""time"":892},{""stimulus"":""img/1to2/10.png"",""time"":991},{""stimulus"":""img/1to2/11.png"",""time"":1096},{""stimulus"":""img/1to2/12.png"",""time"":1204}]","[]"
"image-keyboard-response","312","315187","0.0-5.0-1.154","633471b7c7b5fa52a0a407a7","bdp_cybrbll","Sat Apr 01 2023 11:40:14 GMT-0400 (Eastern Daylight Time)","442216","3","1","","587","","","","choice","","img/2to1/1.png","2","71","536","0.5","0.5","2","3","",""
"animation","313","316475","0.0-5.0-2.154","633471b7c7b5fa52a0a407a7","bdp_cybrbll","Sat Apr 01 2023 11:40:14 GMT-0400 (Eastern Daylight Time)","442216","3","1","","","","","","","","","","71","","","","2","3","[{""stimulus"":""img/2to3/1.png"",""time"":109},{""stimulus"":""img/2to3/2.png"",""time"":201},{""stimulus"":""img/2to3/3.png"",""time"":310},{""stimulus"":""img/2to3/4.png"",""time"":403},{""stimulus"":""img/2to3/5.png"",""time"":497},{""stimulus"":""img/2to3/6.png"",""time"":605},{""stimulus"":""img/2to3/7.png"",""time"":697},{""stimulus"":""img/2to3/8.png"",""time"":805},{""stimulus"":""img/2to3/9.png"",""time"":892},{""stimulus"":""img/2to3/10.png"",""time"":991},{""stimulus"":""img/2to3/11.png"",""time"":1100},{""stimulus"":""img/2to3/12.png"",""time"":1190}]","[]"
"image-keyboard-response","314","317081","0.0-5.0-1.155","633471b7c7b5fa52a0a407a7","bdp_cybrbll","Sat Apr 01 2023 11:40:14 GMT-0400 (Eastern Daylight Time)","442216","3","1","","null","","","","observe","","img/3to2/1.png","null","70","591","0.5","0.5","3","1","",""
"animation","315","318369","0.0-5.0-2.155","633471b7c7b5fa52a0a407a7","bdp_cybrbll","Sat Apr 01 2023 11:40:14 GMT-0400 (Eastern Daylight Time)","442216","3","1","","","","","","","","","","70","","","","3","1","[{""stimulus"":""img/3to1/1.png"",""time"":110},{""stimulus"":""img/3to1/2.png"",""time"":205},{""stimulus"":""img/3to1/3.png"",""time"":313},{""stimulus"":""img/3to1/4.png"",""time"":405},{""stimulus"":""img/3to1/5.png"",""time"":498},{""stimulus"":""img/3to1/6.png"",""time"":607},{""stimulus"":""img/3to1/7.png"",""time"":694},{""stimulus"":""img/3to1/8.png"",""time"":795},{""stimulus"":""img/3to1/9.png"",""time"":891},{""stimulus"":""img/3to1/10.png"",""time"":995},{""stimulus"":""img/3to1/11.png"",""time"":1090},{""stimulus"":""img/3to1/12.png"",""time"":1196}]","[]"
"image-keyboard-response","316","318742","0.0-5.0-1.156","633471b7c7b5fa52a0a407a7","bdp_cybrbll","Sat Apr 01 2023 11:40:14 GMT-0400 (Eastern Daylight Time)","442216","3","1","","null","","","","observe","","img/1to3/1.png","null","69","361","0.5","0.5","1","2","",""
"animation","317","320030","0.0-5.0-2.156","633471b7c7b5fa52a0a407a7","bdp_cybrbll","Sat Apr 01 2023 11:40:14 GMT-0400 (Eastern Daylight Time)","442216","3","1","","","","","","","","","","69","","","","1","2","[{""stimulus"":""img/1to2/1.png"",""time"":108},{""stimulus"":""img/1to2/2.png"",""time"":199},{""stimulus"":""img/1to2/3.png"",""time"":310},{""stimulus"":""img/1to2/4.png"",""time"":403},{""stimulus"":""img/1to2/5.png"",""time"":497},{""stimulus"":""img/1to2/6.png"",""time"":606},{""stimulus"":""img/1to2/7.png"",""time"":698},{""stimulus"":""img/1to2/8.png"",""time"":807},{""stimulus"":""img/1to2/9.png"",""time"":892},{""stimulus"":""img/1to2/10.png"",""time"":992},{""stimulus"":""img/1to2/11.png"",""time"":1102},{""stimulus"":""img/1to2/12.png"",""time"":1195}]","[]"
"image-keyboard-response","318","320297","0.0-5.0-1.157","633471b7c7b5fa52a0a407a7","bdp_cybrbll","Sat Apr 01 2023 11:40:14 GMT-0400 (Eastern Daylight Time)","442216","3","1","","267","","","","choice","","img/2to1/1.png","2","68","175","0.5","0.5","2","3","",""
"animation","319","321595","0.0-5.0-2.157","633471b7c7b5fa52a0a407a7","bdp_cybrbll","Sat Apr 01 2023 11:40:14 GMT-0400 (Eastern Daylight Time)","442216","3","1","","","","","","","","","","68","","","","2","3","[{""stimulus"":""img/2to3/1.png"",""time"":106},{""stimulus"":""img/2to3/2.png"",""time"":201},{""stimulus"":""img/2to3/3.png"",""time"":308},{""stimulus"":""img/2to3/4.png"",""time"":397},{""stimulus"":""img/2to3/5.png"",""time"":496},{""stimulus"":""img/2to3/6.png"",""time"":601},{""stimulus"":""img/2to3/7.png"",""time"":694},{""stimulus"":""img/2to3/8.png"",""time"":802},{""stimulus"":""img/2to3/9.png"",""time"":892},{""stimulus"":""img/2to3/10.png"",""time"":1004},{""stimulus"":""img/2to3/11.png"",""time"":1097},{""stimulus"":""img/2to3/12.png"",""time"":1190}]","[]"
"image-keyboard-response","320","321903","0.0-5.0-1.158","633471b7c7b5fa52a0a407a7","bdp_cybrbll","Sat Apr 01 2023 11:40:14 GMT-0400 (Eastern Daylight Time)","442216","3","1","","null","","","","observe","","img/3to2/1.png","null","67","307","0.5","0.5","3","1","",""
"animation","321","323191","0.0-5.0-2.158","633471b7c7b5fa52a0a407a7","bdp_cybrbll","Sat Apr 01 2023 11:40:14 GMT-0400 (Eastern Daylight Time)","442216","3","1","","","","","","","","","","67","","","","3","1","[{""stimulus"":""img/3to1/1.png"",""time"":109},{""stimulus"":""img/3to1/2.png"",""time"":199},{""stimulus"":""img/3to1/3.png"",""time"":297},{""stimulus"":""img/3to1/4.png"",""time"":396},{""stimulus"":""img/3to1/5.png"",""time"":495},{""stimulus"":""img/3to1/6.png"",""time"":603},{""stimulus"":""img/3to1/7.png"",""time"":696},{""stimulus"":""img/3to1/8.png"",""time"":804},{""stimulus"":""img/3to1/9.png"",""time"":892},{""stimulus"":""img/3to1/10.png"",""time"":1006},{""stimulus"":""img/3to1/11.png"",""time"":1089},{""stimulus"":""img/3to1/12.png"",""time"":1189}]","[]"
"image-keyboard-response","322","323468","0.0-5.0-1.159","633471b7c7b5fa52a0a407a7","bdp_cybrbll","Sat Apr 01 2023 11:40:14 GMT-0400 (Eastern Daylight Time)","442216","3","1","","null","","","","observe","","img/1to3/1.png","null","66","274","0.5","0.5","1","2","",""
"animation","323","324771","0.0-5.0-2.159","633471b7c7b5fa52a0a407a7","bdp_cybrbll","Sat Apr 01 2023 11:40:14 GMT-0400 (Eastern Daylight Time)","442216","3","1","","","","","","","","","","66","","","","1","2","[{""stimulus"":""img/1to2/1.png"",""time"":107},{""stimulus"":""img/1to2/2.png"",""time"":201},{""stimulus"":""img/1to2/3.png"",""time"":298},{""stimulus"":""img/1to2/4.png"",""time"":402},{""stimulus"":""img/1to2/5.png"",""time"":510},{""stimulus"":""img/1to2/6.png"",""time"":595},{""stimulus"":""img/1to2/7.png"",""time"":693},{""stimulus"":""img/1to2/8.png"",""time"":793},{""stimulus"":""img/1to2/9.png"",""time"":898},{""stimulus"":""img/1to2/10.png"",""time"":991},{""stimulus"":""img/1to2/11.png"",""time"":1089},{""stimulus"":""img/1to2/12.png"",""time"":1195}]","[]"
"image-keyboard-response","324","324908","0.0-5.0-1.160","633471b7c7b5fa52a0a407a7","bdp_cybrbll","Sat Apr 01 2023 11:40:14 GMT-0400 (Eastern Daylight Time)","442216","3","1","","137","","","","choice","","img/2to1/1.png","2","65","778","0.5","0.5","2","3","",""
"animation","325","326196","0.0-5.0-2.160","633471b7c7b5fa52a0a407a7","bdp_cybrbll","Sat Apr 01 2023 11:40:14 GMT-0400 (Eastern Daylight Time)","442216","3","1","","","","","","","","","","65","","","","2","3","[{""stimulus"":""img/2to3/1.png"",""time"":109},{""stimulus"":""img/2to3/2.png"",""time"":199},{""stimulus"":""img/2to3/3.png"",""time"":298},{""stimulus"":""img/2to3/4.png"",""time"":405},{""stimulus"":""img/2to3/5.png"",""time"":499},{""stimulus"":""img/2to3/6.png"",""time"":608},{""stimulus"":""img/2to3/7.png"",""time"":702},{""stimulus"":""img/2to3/8.png"",""time"":794},{""stimulus"":""img/2to3/9.png"",""time"":892},{""stimulus"":""img/2to3/10.png"",""time"":996},{""stimulus"":""img/2to3/11.png"",""time"":1090},{""stimulus"":""img/2to3/12.png"",""time"":1199}]","[]"
"image-keyboard-response","326","326712","0.0-5.0-1.161","633471b7c7b5fa52a0a407a7","bdp_cybrbll","Sat Apr 01 2023 11:40:14 GMT-0400 (Eastern Daylight Time)","442216","3","1","","null","","","","observe","","img/3to2/1.png","null","64","509","0.5","0.5","3","1","",""
"animation","327","328015","0.0-5.0-2.161","633471b7c7b5fa52a0a407a7","bdp_cybrbll","Sat Apr 01 2023 11:40:14 GMT-0400 (Eastern Daylight Time)","442216","3","1","","","","","","","","","","64","","","","3","1","[{""stimulus"":""img/3to1/1.png"",""time"":110},{""stimulus"":""img/3to1/2.png"",""time"":204},{""stimulus"":""img/3to1/3.png"",""time"":312},{""stimulus"":""img/3to1/4.png"",""time"":404},{""stimulus"":""img/3to1/5.png"",""time"":497},{""stimulus"":""img/3to1/6.png"",""time"":595},{""stimulus"":""img/3to1/7.png"",""time"":698},{""stimulus"":""img/3to1/8.png"",""time"":794},{""stimulus"":""img/3to1/9.png"",""time"":900},{""stimulus"":""img/3to1/10.png"",""time"":991},{""stimulus"":""img/3to1/11.png"",""time"":1090},{""stimulus"":""img/3to1/12.png"",""time"":1194}]","[]"
"image-keyboard-response","328","328510","0.0-5.0-1.162","633471b7c7b5fa52a0a407a7","bdp_cybrbll","Sat Apr 01 2023 11:40:14 GMT-0400 (Eastern Daylight Time)","442216","3","1","","null","","","","observe","","img/1to3/1.png","null","63","494","0.5","0.5","1","2","",""
"animation","329","329806","0.0-5.0-2.162","633471b7c7b5fa52a0a407a7","bdp_cybrbll","Sat Apr 01 2023 11:40:14 GMT-0400 (Eastern Daylight Time)","442216","3","1","","","","","","","","","","63","","","","1","2","[{""stimulus"":""img/1to2/1.png"",""time"":108},{""stimulus"":""img/1to2/2.png"",""time"":202},{""stimulus"":""img/1to2/3.png"",""time"":298},{""stimulus"":""img/1to2/4.png"",""time"":403},{""stimulus"":""img/1to2/5.png"",""time"":497},{""stimulus"":""img/1to2/6.png"",""time"":594},{""stimulus"":""img/1to2/7.png"",""time"":694},{""stimulus"":""img/1to2/8.png"",""time"":793},{""stimulus"":""img/1to2/9.png"",""time"":898},{""stimulus"":""img/1to2/10.png"",""time"":1005},{""stimulus"":""img/1to2/11.png"",""time"":1096},{""stimulus"":""img/1to2/12.png"",""time"":1203}]","[]"
"image-keyboard-response","330","329897","0.0-5.0-1.163","633471b7c7b5fa52a0a407a7","bdp_cybrbll","Sat Apr 01 2023 11:40:14 GMT-0400 (Eastern Daylight Time)","442216","3","1","","91","","","","choice","","img/2to1/1.png","2","62","542","0.5","0.5","2","3","",""
"animation","331","331185","0.0-5.0-2.163","633471b7c7b5fa52a0a407a7","bdp_cybrbll","Sat Apr 01 2023 11:40:14 GMT-0400 (Eastern Daylight Time)","442216","3","1","","","","","","","","","","62","","","","2","3","[{""stimulus"":""img/2to3/1.png"",""time"":99},{""stimulus"":""img/2to3/2.png"",""time"":198},{""stimulus"":""img/2to3/3.png"",""time"":313},{""stimulus"":""img/2to3/4.png"",""time"":396},{""stimulus"":""img/2to3/5.png"",""time"":495},{""stimulus"":""img/2to3/6.png"",""time"":607},{""stimulus"":""img/2to3/7.png"",""time"":701},{""stimulus"":""img/2to3/8.png"",""time"":792},{""stimulus"":""img/2to3/9.png"",""time"":891},{""stimulus"":""img/2to3/10.png"",""time"":994},{""stimulus"":""img/2to3/11.png"",""time"":1089},{""stimulus"":""img/2to3/12.png"",""time"":1188}]","[]"
"image-keyboard-response","332","331991","0.0-5.0-1.164","633471b7c7b5fa52a0a407a7","bdp_cybrbll","Sat Apr 01 2023 11:40:14 GMT-0400 (Eastern Daylight Time)","442216","3","1","","null","","","","observe","","img/3to2/1.png","null","61","795","0.5","0.5","3","1","",""
"animation","333","333293","0.0-5.0-2.164","633471b7c7b5fa52a0a407a7","bdp_cybrbll","Sat Apr 01 2023 11:40:14 GMT-0400 (Eastern Daylight Time)","442216","3","1","","","","","","","","","","61","","","","3","1","[{""stimulus"":""img/3to1/1.png"",""time"":109},{""stimulus"":""img/3to1/2.png"",""time"":199},{""stimulus"":""img/3to1/3.png"",""time"":311},{""stimulus"":""img/3to1/4.png"",""time"":397},{""stimulus"":""img/3to1/5.png"",""time"":498},{""stimulus"":""img/3to1/6.png"",""time"":595},{""stimulus"":""img/3to1/7.png"",""time"":700},{""stimulus"":""img/3to1/8.png"",""time"":794},{""stimulus"":""img/3to1/9.png"",""time"":902},{""stimulus"":""img/3to1/10.png"",""time"":996},{""stimulus"":""img/3to1/11.png"",""time"":1091},{""stimulus"":""img/3to1/12.png"",""time"":1195}]","[]"
"image-keyboard-response","334","333990","0.0-5.0-1.165","633471b7c7b5fa52a0a407a7","bdp_cybrbll","Sat Apr 01 2023 11:40:14 GMT-0400 (Eastern Daylight Time)","442216","3","1","","null","","","","observe","","img/1to3/1.png","null","60","687","0.5","0.5","1","3","",""
"animation","335","335293","0.0-5.0-2.165","633471b7c7b5fa52a0a407a7","bdp_cybrbll","Sat Apr 01 2023 11:40:14 GMT-0400 (Eastern Daylight Time)","442216","3","1","","","","","","","","","","60","","","","1","3","[{""stimulus"":""img/1to3/1.png"",""time"":110},{""stimulus"":""img/1to3/2.png"",""time"":199},{""stimulus"":""img/1to3/3.png"",""time"":309},{""stimulus"":""img/1to3/4.png"",""time"":397},{""stimulus"":""img/1to3/5.png"",""time"":496},{""stimulus"":""img/1to3/6.png"",""time"":595},{""stimulus"":""img/1to3/7.png"",""time"":699},{""stimulus"":""img/1to3/8.png"",""time"":807},{""stimulus"":""img/1to3/9.png"",""time"":900},{""stimulus"":""img/1to3/10.png"",""time"":991},{""stimulus"":""img/1to3/11.png"",""time"":1090},{""stimulus"":""img/1to3/12.png"",""time"":1189}]","[]"
"image-keyboard-response","336","336118","0.0-5.0-1.166","633471b7c7b5fa52a0a407a7","bdp_cybrbll","Sat Apr 01 2023 11:40:14 GMT-0400 (Eastern Daylight Time)","442216","3","1","","null","","","","observe","","img/3to2/1.png","null","59","811","0.5","0.5","3","1","",""
"animation","337","337420","0.0-5.0-2.166","633471b7c7b5fa52a0a407a7","bdp_cybrbll","Sat Apr 01 2023 11:40:14 GMT-0400 (Eastern Daylight Time)","442216","3","1","","","","","","","","","","59","","","","3","1","[{""stimulus"":""img/3to1/1.png"",""time"":109},{""stimulus"":""img/3to1/2.png"",""time"":198},{""stimulus"":""img/3to1/3.png"",""time"":297},{""stimulus"":""img/3to1/4.png"",""time"":404},{""stimulus"":""img/3to1/5.png"",""time"":496},{""stimulus"":""img/3to1/6.png"",""time"":594},{""stimulus"":""img/3to1/7.png"",""time"":698},{""stimulus"":""img/3to1/8.png"",""time"":807},{""stimulus"":""img/3to1/9.png"",""time"":892},{""stimulus"":""img/3to1/10.png"",""time"":990},{""stimulus"":""img/3to1/11.png"",""time"":1089},{""stimulus"":""img/3to1/12.png"",""time"":1195}]","[]"
"image-keyboard-response","338","337839","0.0-5.0-1.167","633471b7c7b5fa52a0a407a7","bdp_cybrbll","Sat Apr 01 2023 11:40:14 GMT-0400 (Eastern Daylight Time)","442216","3","1","","null","","","","observe","","img/1to3/1.png","null","58","416","0.5","0.5","1","3","",""
"animation","339","339127","0.0-5.0-2.167","633471b7c7b5fa52a0a407a7","bdp_cybrbll","Sat Apr 01 2023 11:40:14 GMT-0400 (Eastern Daylight Time)","442216","3","1","","","","","","","","","","58","","","","1","3","[{""stimulus"":""img/1to3/1.png"",""time"":109},{""stimulus"":""img/1to3/2.png"",""time"":200},{""stimulus"":""img/1to3/3.png"",""time"":299},{""stimulus"":""img/1to3/4.png"",""time"":404},{""stimulus"":""img/1to3/5.png"",""time"":497},{""stimulus"":""img/1to3/6.png"",""time"":596},{""stimulus"":""img/1to3/7.png"",""time"":694},{""stimulus"":""img/1to3/8.png"",""time"":806},{""stimulus"":""img/1to3/9.png"",""time"":899},{""stimulus"":""img/1to3/10.png"",""time"":992},{""stimulus"":""img/1to3/11.png"",""time"":1101},{""stimulus"":""img/1to3/12.png"",""time"":1189}]","[]"
"image-keyboard-response","340","339826","0.0-5.0-1.168","633471b7c7b5fa52a0a407a7","bdp_cybrbll","Sat Apr 01 2023 11:40:14 GMT-0400 (Eastern Daylight Time)","442216","3","1","","null","","","","observe","","img/3to2/1.png","null","57","687","0.5","0.5","3","2","",""
"animation","341","341121","0.0-5.0-2.168","633471b7c7b5fa52a0a407a7","bdp_cybrbll","Sat Apr 01 2023 11:40:14 GMT-0400 (Eastern Daylight Time)","442216","3","1","","","","","","","","","","57","","","","3","2","[{""stimulus"":""img/3to2/1.png"",""time"":108},{""stimulus"":""img/3to2/2.png"",""time"":198},{""stimulus"":""img/3to2/3.png"",""time"":298},{""stimulus"":""img/3to2/4.png"",""time"":402},{""stimulus"":""img/3to2/5.png"",""time"":511},{""stimulus"":""img/3to2/6.png"",""time"":595},{""stimulus"":""img/3to2/7.png"",""time"":694},{""stimulus"":""img/3to2/8.png"",""time"":801},{""stimulus"":""img/3to2/9.png"",""time"":891},{""stimulus"":""img/3to2/10.png"",""time"":991},{""stimulus"":""img/3to2/11.png"",""time"":1097},{""stimulus"":""img/3to2/12.png"",""time"":1189}]","[]"
"image-keyboard-response","342","341262","0.0-5.0-1.169","633471b7c7b5fa52a0a407a7","bdp_cybrbll","Sat Apr 01 2023 11:40:14 GMT-0400 (Eastern Daylight Time)","442216","3","1","","141","","","","choice","","img/2to1/1.png","1","56","234","0.5","0.5","2","1","",""
"animation","343","342551","0.0-5.0-2.169","633471b7c7b5fa52a0a407a7","bdp_cybrbll","Sat Apr 01 2023 11:40:14 GMT-0400 (Eastern Daylight Time)","442216","3","1","","","","","","","","","","56","","","","2","1","[{""stimulus"":""img/2to1/1.png"",""time"":100},{""stimulus"":""img/2to1/2.png"",""time"":201},{""stimulus"":""img/2to1/3.png"",""time"":310},{""stimulus"":""img/2to1/4.png"",""time"":403},{""stimulus"":""img/2to1/5.png"",""time"":497},{""stimulus"":""img/2to1/6.png"",""time"":604},{""stimulus"":""img/2to1/7.png"",""time"":694},{""stimulus"":""img/2to1/8.png"",""time"":793},{""stimulus"":""img/2to1/9.png"",""time"":900},{""stimulus"":""img/2to1/10.png"",""time"":991},{""stimulus"":""img/2to1/11.png"",""time"":1091},{""stimulus"":""img/2to1/12.png"",""time"":1190}]","[]"
"image-keyboard-response","344","343079","0.0-5.0-1.170","633471b7c7b5fa52a0a407a7","bdp_cybrbll","Sat Apr 01 2023 11:40:14 GMT-0400 (Eastern Daylight Time)","442216","3","1","","null","","","","observe","","img/1to3/1.png","null","55","515","0.5","0.5","1","3","",""
"animation","345","344367","0.0-5.0-2.170","633471b7c7b5fa52a0a407a7","bdp_cybrbll","Sat Apr 01 2023 11:40:14 GMT-0400 (Eastern Daylight Time)","442216","3","1","","","","","","","","","","55","","","","1","3","[{""stimulus"":""img/1to3/1.png"",""time"":109},{""stimulus"":""img/1to3/2.png"",""time"":201},{""stimulus"":""img/1to3/3.png"",""time"":309},{""stimulus"":""img/1to3/4.png"",""time"":401},{""stimulus"":""img/1to3/5.png"",""time"":510},{""stimulus"":""img/1to3/6.png"",""time"":602},{""stimulus"":""img/1to3/7.png"",""time"":695},{""stimulus"":""img/1to3/8.png"",""time"":803},{""stimulus"":""img/1to3/9.png"",""time"":896},{""stimulus"":""img/1to3/10.png"",""time"":991},{""stimulus"":""img/1to3/11.png"",""time"":1098},{""stimulus"":""img/1to3/12.png"",""time"":1189}]","[]"
"image-keyboard-response","346","344783","0.0-5.0-1.171","633471b7c7b5fa52a0a407a7","bdp_cybrbll","Sat Apr 01 2023 11:40:14 GMT-0400 (Eastern Daylight Time)","442216","3","1","","null","","","","observe","","img/3to2/1.png","null","54","411","0.5","0.5","3","1","",""
"animation","347","346071","0.0-5.0-2.171","633471b7c7b5fa52a0a407a7","bdp_cybrbll","Sat Apr 01 2023 11:40:14 GMT-0400 (Eastern Daylight Time)","442216","3","1","","","","","","","","","","54","","","","3","1","[{""stimulus"":""img/3to1/1.png"",""time"":110},{""stimulus"":""img/3to1/2.png"",""time"":200},{""stimulus"":""img/3to1/3.png"",""time"":297},{""stimulus"":""img/3to1/4.png"",""time"":397},{""stimulus"":""img/3to1/5.png"",""time"":498},{""stimulus"":""img/3to1/6.png"",""time"":605},{""stimulus"":""img/3to1/7.png"",""time"":698},{""stimulus"":""img/3to1/8.png"",""time"":793},{""stimulus"":""img/3to1/9.png"",""time"":899},{""stimulus"":""img/3to1/10.png"",""time"":991},{""stimulus"":""img/3to1/11.png"",""time"":1098},{""stimulus"":""img/3to1/12.png"",""time"":1192}]","[]"
"image-keyboard-response","348","346982","0.0-5.0-1.172","633471b7c7b5fa52a0a407a7","bdp_cybrbll","Sat Apr 01 2023 11:40:14 GMT-0400 (Eastern Daylight Time)","442216","3","1","","null","","","","observe","","img/1to3/1.png","null","53","895","0.5","0.5","1","2","",""
"animation","349","348271","0.0-5.0-2.172","633471b7c7b5fa52a0a407a7","bdp_cybrbll","Sat Apr 01 2023 11:40:14 GMT-0400 (Eastern Daylight Time)","442216","3","1","","","","","","","","","","53","","","","1","2","[{""stimulus"":""img/1to2/1.png"",""time"":109},{""stimulus"":""img/1to2/2.png"",""time"":199},{""stimulus"":""img/1to2/3.png"",""time"":311},{""stimulus"":""img/1to2/4.png"",""time"":397},{""stimulus"":""img/1to2/5.png"",""time"":499},{""stimulus"":""img/1to2/6.png"",""time"":606},{""stimulus"":""img/1to2/7.png"",""time"":700},{""stimulus"":""img/1to2/8.png"",""time"":793},{""stimulus"":""img/1to2/9.png"",""time"":902},{""stimulus"":""img/1to2/10.png"",""time"":992},{""stimulus"":""img/1to2/11.png"",""time"":1091},{""stimulus"":""img/1to2/12.png"",""time"":1189}]","[]"
"image-keyboard-response","350","349101","0.0-5.0-1.173","633471b7c7b5fa52a0a407a7","bdp_cybrbll","Sat Apr 01 2023 11:40:14 GMT-0400 (Eastern Daylight Time)","442216","3","1","","829","","","","choice","","img/2to1/1.png","1","52","443","0.5","0.5","2","1","",""
"animation","351","350389","0.0-5.0-2.173","633471b7c7b5fa52a0a407a7","bdp_cybrbll","Sat Apr 01 2023 11:40:14 GMT-0400 (Eastern Daylight Time)","442216","3","1","","","","","","","","","","52","","","","2","1","[{""stimulus"":""img/2to1/1.png"",""time"":103},{""stimulus"":""img/2to1/2.png"",""time"":211},{""stimulus"":""img/2to1/3.png"",""time"":304},{""stimulus"":""img/2to1/4.png"",""time"":412},{""stimulus"":""img/2to1/5.png"",""time"":497},{""stimulus"":""img/2to1/6.png"",""time"":599},{""stimulus"":""img/2to1/7.png"",""time"":694},{""stimulus"":""img/2to1/8.png"",""time"":800},{""stimulus"":""img/2to1/9.png"",""time"":892},{""stimulus"":""img/2to1/10.png"",""time"":991},{""stimulus"":""img/2to1/11.png"",""time"":1090},{""stimulus"":""img/2to1/12.png"",""time"":1189}]","[]"
"image-keyboard-response","352","350892","0.0-5.0-1.174","633471b7c7b5fa52a0a407a7","bdp_cybrbll","Sat Apr 01 2023 11:40:14 GMT-0400 (Eastern Daylight Time)","442216","3","1","","null","","","","observe","","img/1to3/1.png","null","51","490","0.5","0.5","1","2","",""
"animation","353","352180","0.0-5.0-2.174","633471b7c7b5fa52a0a407a7","bdp_cybrbll","Sat Apr 01 2023 11:40:14 GMT-0400 (Eastern Daylight Time)","442216","3","1","","","","","","","","","","51","","","","1","2","[{""stimulus"":""img/1to2/1.png"",""time"":108},{""stimulus"":""img/1to2/2.png"",""time"":201},{""stimulus"":""img/1to2/3.png"",""time"":299},{""stimulus"":""img/1to2/4.png"",""time"":397},{""stimulus"":""img/1to2/5.png"",""time"":497},{""stimulus"":""img/1to2/6.png"",""time"":605},{""stimulus"":""img/1to2/7.png"",""time"":694},{""stimulus"":""img/1to2/8.png"",""time"":806},{""stimulus"":""img/1to2/9.png"",""time"":892},{""stimulus"":""img/1to2/10.png"",""time"":992},{""stimulus"":""img/1to2/11.png"",""time"":1100},{""stimulus"":""img/1to2/12.png"",""time"":1194}]","[]"
"image-keyboard-response","354","352328","0.0-5.0-1.175","633471b7c7b5fa52a0a407a7","bdp_cybrbll","Sat Apr 01 2023 11:40:14 GMT-0400 (Eastern Daylight Time)","442216","3","1","","148","","","","choice","","img/2to1/1.png","2","50","350","0.5","0.5","2","3","",""
"animation","355","353623","0.0-5.0-2.175","633471b7c7b5fa52a0a407a7","bdp_cybrbll","Sat Apr 01 2023 11:40:14 GMT-0400 (Eastern Daylight Time)","442216","3","1","","","","","","","","","","50","","","","2","3","[{""stimulus"":""img/2to3/1.png"",""time"":100},{""stimulus"":""img/2to3/2.png"",""time"":199},{""stimulus"":""img/2to3/3.png"",""time"":298},{""stimulus"":""img/2to3/4.png"",""time"":412},{""stimulus"":""img/2to3/5.png"",""time"":496},{""stimulus"":""img/2to3/6.png"",""time"":598},{""stimulus"":""img/2to3/7.png"",""time"":706},{""stimulus"":""img/2to3/8.png"",""time"":793},{""stimulus"":""img/2to3/9.png"",""time"":892},{""stimulus"":""img/2to3/10.png"",""time"":991},{""stimulus"":""img/2to3/11.png"",""time"":1093},{""stimulus"":""img/2to3/12.png"",""time"":1200}]","[]"
"image-keyboard-response","356","354229","0.0-5.0-1.176","633471b7c7b5fa52a0a407a7","bdp_cybrbll","Sat Apr 01 2023 11:40:14 GMT-0400 (Eastern Daylight Time)","442216","3","1","","null","","","","observe","","img/3to2/1.png","null","49","599","0.5","0.5","3","1","",""
"animation","357","355531","0.0-5.0-2.176","633471b7c7b5fa52a0a407a7","bdp_cybrbll","Sat Apr 01 2023 11:40:14 GMT-0400 (Eastern Daylight Time)","442216","3","1","","","","","","","","","","49","","","","3","1","[{""stimulus"":""img/3to1/1.png"",""time"":107},{""stimulus"":""img/3to1/2.png"",""time"":201},{""stimulus"":""img/3to1/3.png"",""time"":298},{""stimulus"":""img/3to1/4.png"",""time"":397},{""stimulus"":""img/3to1/5.png"",""time"":497},{""stimulus"":""img/3to1/6.png"",""time"":595},{""stimulus"":""img/3to1/7.png"",""time"":698},{""stimulus"":""img/3to1/8.png"",""time"":793},{""stimulus"":""img/3to1/9.png"",""time"":900},{""stimulus"":""img/3to1/10.png"",""time"":993},{""stimulus"":""img/3to1/11.png"",""time"":1089},{""stimulus"":""img/3to1/12.png"",""time"":1189}]","[]"
"image-keyboard-response","358","355793","0.0-5.0-1.177","633471b7c7b5fa52a0a407a7","bdp_cybrbll","Sat Apr 01 2023 11:40:14 GMT-0400 (Eastern Daylight Time)","442216","3","1","","null","","","","observe","","img/1to3/1.png","null","48","258","0.5","0.5","1","2","",""
"animation","359","357082","0.0-5.0-2.177","633471b7c7b5fa52a0a407a7","bdp_cybrbll","Sat Apr 01 2023 11:40:14 GMT-0400 (Eastern Daylight Time)","442216","3","1","","","","","","","","","","48","","","","1","2","[{""stimulus"":""img/1to2/1.png"",""time"":108},{""stimulus"":""img/1to2/2.png"",""time"":199},{""stimulus"":""img/1to2/3.png"",""time"":309},{""stimulus"":""img/1to2/4.png"",""time"":397},{""stimulus"":""img/1to2/5.png"",""time"":496},{""stimulus"":""img/1to2/6.png"",""time"":595},{""stimulus"":""img/1to2/7.png"",""time"":695},{""stimulus"":""img/1to2/8.png"",""time"":807},{""stimulus"":""img/1to2/9.png"",""time"":901},{""stimulus"":""img/1to2/10.png"",""time"":991},{""stimulus"":""img/1to2/11.png"",""time"":1105},{""stimulus"":""img/1to2/12.png"",""time"":1199}]","[]"
"image-keyboard-response","360","357147","0.0-5.0-1.178","633471b7c7b5fa52a0a407a7","bdp_cybrbll","Sat Apr 01 2023 11:40:14 GMT-0400 (Eastern Daylight Time)","442216","3","1","","65","","","","choice","","img/2to1/1.png","2","47","388","0.5","0.5","2","3","",""
"animation","361","358435","0.0-5.0-2.178","633471b7c7b5fa52a0a407a7","bdp_cybrbll","Sat Apr 01 2023 11:40:14 GMT-0400 (Eastern Daylight Time)","442216","3","1","","","","","","","","","","47","","","","2","3","[{""stimulus"":""img/2to3/1.png"",""time"":108},{""stimulus"":""img/2to3/2.png"",""time"":203},{""stimulus"":""img/2to3/3.png"",""time"":312},{""stimulus"":""img/2to3/4.png"",""time"":397},{""stimulus"":""img/2to3/5.png"",""time"":497},{""stimulus"":""img/2to3/6.png"",""time"":606},{""stimulus"":""img/2to3/7.png"",""time"":699},{""stimulus"":""img/2to3/8.png"",""time"":794},{""stimulus"":""img/2to3/9.png"",""time"":901},{""stimulus"":""img/2to3/10.png"",""time"":991},{""stimulus"":""img/2to3/11.png"",""time"":1090},{""stimulus"":""img/2to3/12.png"",""time"":1195}]","[]"
"image-keyboard-response","362","358760","0.0-5.0-1.179","633471b7c7b5fa52a0a407a7","bdp_cybrbll","Sat Apr 01 2023 11:40:14 GMT-0400 (Eastern Daylight Time)","442216","3","1","","null","","","","observe","","img/3to2/1.png","null","46","311","0.5","0.5","3","1","",""
"animation","363","360058","0.0-5.0-2.179","633471b7c7b5fa52a0a407a7","bdp_cybrbll","Sat Apr 01 2023 11:40:14 GMT-0400 (Eastern Daylight Time)","442216","3","1","","","","","","","","","","46","","","","3","1","[{""stimulus"":""img/3to1/1.png"",""time"":107},{""stimulus"":""img/3to1/2.png"",""time"":198},{""stimulus"":""img/3to1/3.png"",""time"":298},{""stimulus"":""img/3to1/4.png"",""time"":401},{""stimulus"":""img/3to1/5.png"",""time"":510},{""stimulus"":""img/3to1/6.png"",""time"":595},{""stimulus"":""img/3to1/7.png"",""time"":695},{""stimulus"":""img/3to1/8.png"",""time"":803},{""stimulus"":""img/3to1/9.png"",""time"":892},{""stimulus"":""img/3to1/10.png"",""time"":1005},{""stimulus"":""img/3to1/11.png"",""time"":1090},{""stimulus"":""img/3to1/12.png"",""time"":1190}]","[]"
"image-keyboard-response","364","360534","0.0-5.0-1.180","633471b7c7b5fa52a0a407a7","bdp_cybrbll","Sat Apr 01 2023 11:40:14 GMT-0400 (Eastern Daylight Time)","442216","3","1","","null","","","","observe","","img/1to3/1.png","null","45","475","0.5","0.5","1","3","",""
"animation","365","361822","0.0-5.0-2.180","633471b7c7b5fa52a0a407a7","bdp_cybrbll","Sat Apr 01 2023 11:40:14 GMT-0400 (Eastern Daylight Time)","442216","3","1","","","","","","","","","","45","","","","1","3","[{""stimulus"":""img/1to3/1.png"",""time"":100},{""stimulus"":""img/1to3/2.png"",""time"":208},{""stimulus"":""img/1to3/3.png"",""time"":298},{""stimulus"":""img/1to3/4.png"",""time"":408},{""stimulus"":""img/1to3/5.png"",""time"":496},{""stimulus"":""img/1to3/6.png"",""time"":594},{""stimulus"":""img/1to3/7.png"",""time"":705},{""stimulus"":""img/1to3/8.png"",""time"":797},{""stimulus"":""img/1to3/9.png"",""time"":906},{""stimulus"":""img/1to3/10.png"",""time"":999},{""stimulus"":""img/1to3/11.png"",""time"":1091},{""stimulus"":""img/1to3/12.png"",""time"":1201}]","[]"
"image-keyboard-response","366","362146","0.0-5.0-1.181","633471b7c7b5fa52a0a407a7","bdp_cybrbll","Sat Apr 01 2023 11:40:14 GMT-0400 (Eastern Daylight Time)","442216","3","1","","null","","","","observe","","img/3to2/1.png","null","44","322","0.5","0.5","3","2","",""
"animation","367","363441","0.0-5.0-2.181","633471b7c7b5fa52a0a407a7","bdp_cybrbll","Sat Apr 01 2023 11:40:14 GMT-0400 (Eastern Daylight Time)","442216","3","1","","","","","","","","","","44","","","","3","2","[{""stimulus"":""img/3to2/1.png"",""time"":102},{""stimulus"":""img/3to2/2.png"",""time"":199},{""stimulus"":""img/3to2/3.png"",""time"":299},{""stimulus"":""img/3to2/4.png"",""time"":397},{""stimulus"":""img/3to2/5.png"",""time"":504},{""stimulus"":""img/3to2/6.png"",""time"":597},{""stimulus"":""img/3to2/7.png"",""time"":694},{""stimulus"":""img/3to2/8.png"",""time"":798},{""stimulus"":""img/3to2/9.png"",""time"":892},{""stimulus"":""img/3to2/10.png"",""time"":997},{""stimulus"":""img/3to2/11.png"",""time"":1090},{""stimulus"":""img/3to2/12.png"",""time"":1202}]","[]"
"image-keyboard-response","368","364942","0.0-5.0-1.182","633471b7c7b5fa52a0a407a7","bdp_cybrbll","Sat Apr 01 2023 11:40:14 GMT-0400 (Eastern Daylight Time)","442216","3","1","","1501","","","","choice","","img/2to1/1.png","1","43","444","0.5","0.5","2","1","",""
"animation","369","366231","0.0-5.0-2.182","633471b7c7b5fa52a0a407a7","bdp_cybrbll","Sat Apr 01 2023 11:40:14 GMT-0400 (Eastern Daylight Time)","442216","3","1","","","","","","","","","","43","","","","2","1","[{""stimulus"":""img/2to1/1.png"",""time"":99},{""stimulus"":""img/2to1/2.png"",""time"":202},{""stimulus"":""img/2to1/3.png"",""time"":311},{""stimulus"":""img/2to1/4.png"",""time"":396},{""stimulus"":""img/2to1/5.png"",""time"":496},{""stimulus"":""img/2to1/6.png"",""time"":604},{""stimulus"":""img/2to1/7.png"",""time"":698},{""stimulus"":""img/2to1/8.png"",""time"":805},{""stimulus"":""img/2to1/9.png"",""time"":898},{""stimulus"":""img/2to1/10.png"",""time"":991},{""stimulus"":""img/2to1/11.png"",""time"":1089},{""stimulus"":""img/2to1/12.png"",""time"":1189}]","[]"
"image-keyboard-response","370","367340","0.0-5.0-1.183","633471b7c7b5fa52a0a407a7","bdp_cybrbll","Sat Apr 01 2023 11:40:14 GMT-0400 (Eastern Daylight Time)","442216","3","1","","null","","","","observe","","img/1to3/1.png","null","42","1094","0.5","0.5","1","3","",""
"animation","371","368629","0.0-5.0-2.183","633471b7c7b5fa52a0a407a7","bdp_cybrbll","Sat Apr 01 2023 11:40:14 GMT-0400 (Eastern Daylight Time)","442216","3","1","","","","","","","","","","42","","","","1","3","[{""stimulus"":""img/1to3/1.png"",""time"":109},{""stimulus"":""img/1to3/2.png"",""time"":202},{""stimulus"":""img/1to3/3.png"",""time"":311},{""stimulus"":""img/1to3/4.png"",""time"":404},{""stimulus"":""img/1to3/5.png"",""time"":497},{""stimulus"":""img/1to3/6.png"",""time"":605},{""stimulus"":""img/1to3/7.png"",""time"":697},{""stimulus"":""img/1to3/8.png"",""time"":805},{""stimulus"":""img/1to3/9.png"",""time"":891},{""stimulus"":""img/1to3/10.png"",""time"":992},{""stimulus"":""img/1to3/11.png"",""time"":1090},{""stimulus"":""img/1to3/12.png"",""time"":1188}]","[]"
"image-keyboard-response","372","368999","0.0-5.0-1.184","633471b7c7b5fa52a0a407a7","bdp_cybrbll","Sat Apr 01 2023 11:40:14 GMT-0400 (Eastern Daylight Time)","442216","3","1","","null","","","","observe","","img/3to2/1.png","null","41","359","0.5","0.5","3","2","",""
"animation","373","370295","0.0-5.0-2.184","633471b7c7b5fa52a0a407a7","bdp_cybrbll","Sat Apr 01 2023 11:40:14 GMT-0400 (Eastern Daylight Time)","442216","3","1","","","","","","","","","","41","","","","3","2","[{""stimulus"":""img/3to2/1.png"",""time"":109},{""stimulus"":""img/3to2/2.png"",""time"":199},{""stimulus"":""img/3to2/3.png"",""time"":311},{""stimulus"":""img/3to2/4.png"",""time"":397},{""stimulus"":""img/3to2/5.png"",""time"":509},{""stimulus"":""img/3to2/6.png"",""time"":595},{""stimulus"":""img/3to2/7.png"",""time"":695},{""stimulus"":""img/3to2/8.png"",""time"":793},{""stimulus"":""img/3to2/9.png"",""time"":896},{""stimulus"":""img/3to2/10.png"",""time"":991},{""stimulus"":""img/3to2/11.png"",""time"":1096},{""stimulus"":""img/3to2/12.png"",""time"":1189}]","[]"
"image-keyboard-response","374","370366","0.0-5.0-1.185","633471b7c7b5fa52a0a407a7","bdp_cybrbll","Sat Apr 01 2023 11:40:14 GMT-0400 (Eastern Daylight Time)","442216","3","1","","70","","","","choice","","img/2to1/1.png","1","40","499","0.5","0.5","2","1","",""
"animation","375","371654","0.0-5.0-2.185","633471b7c7b5fa52a0a407a7","bdp_cybrbll","Sat Apr 01 2023 11:40:14 GMT-0400 (Eastern Daylight Time)","442216","3","1","","","","","","","","","","40","","","","2","1","[{""stimulus"":""img/2to1/1.png"",""time"":100},{""stimulus"":""img/2to1/2.png"",""time"":198},{""stimulus"":""img/2to1/3.png"",""time"":304},{""stimulus"":""img/2to1/4.png"",""time"":397},{""stimulus"":""img/2to1/5.png"",""time"":504},{""stimulus"":""img/2to1/6.png"",""time"":597},{""stimulus"":""img/2to1/7.png"",""time"":694},{""stimulus"":""img/2to1/8.png"",""time"":798},{""stimulus"":""img/2to1/9.png"",""time"":892},{""stimulus"":""img/2to1/10.png"",""time"":1000},{""stimulus"":""img/2to1/11.png"",""time"":1090},{""stimulus"":""img/2to1/12.png"",""time"":1201}]","[]"
"image-keyboard-response","376","372268","0.0-5.0-1.186","633471b7c7b5fa52a0a407a7","bdp_cybrbll","Sat Apr 01 2023 11:40:14 GMT-0400 (Eastern Daylight Time)","442216","3","1","","null","","","","observe","","img/1to3/1.png","null","39","604","0.5","0.5","1","3","",""
"animation","377","373565","0.0-5.0-2.186","633471b7c7b5fa52a0a407a7","bdp_cybrbll","Sat Apr 01 2023 11:40:14 GMT-0400 (Eastern Daylight Time)","442216","3","1","","","","","","","","","","39","","","","1","3","[{""stimulus"":""img/1to3/1.png"",""time"":108},{""stimulus"":""img/1to3/2.png"",""time"":198},{""stimulus"":""img/1to3/3.png"",""time"":298},{""stimulus"":""img/1to3/4.png"",""time"":401},{""stimulus"":""img/1to3/5.png"",""time"":509},{""stimulus"":""img/1to3/6.png"",""time"":601},{""stimulus"":""img/1to3/7.png"",""time"":694},{""stimulus"":""img/1to3/8.png"",""time"":802},{""stimulus"":""img/1to3/9.png"",""time"":892},{""stimulus"":""img/1to3/10.png"",""time"":990},{""stimulus"":""img/1to3/11.png"",""time"":1089},{""stimulus"":""img/1to3/12.png"",""time"":1189}]","[]"
"image-keyboard-response","378","373793","0.0-5.0-1.187","633471b7c7b5fa52a0a407a7","bdp_cybrbll","Sat Apr 01 2023 11:40:14 GMT-0400 (Eastern Daylight Time)","442216","3","1","","null","","","","observe","","img/3to2/1.png","null","38","226","0.5","0.5","3","2","",""
"animation","379","375085","0.0-5.0-2.187","633471b7c7b5fa52a0a407a7","bdp_cybrbll","Sat Apr 01 2023 11:40:14 GMT-0400 (Eastern Daylight Time)","442216","3","1","","","","","","","","","","38","","","","3","2","[{""stimulus"":""img/3to2/1.png"",""time"":114},{""stimulus"":""img/3to2/2.png"",""time"":199},{""stimulus"":""img/3to2/3.png"",""time"":298},{""stimulus"":""img/3to2/4.png"",""time"":397},{""stimulus"":""img/3to2/5.png"",""time"":496},{""stimulus"":""img/3to2/6.png"",""time"":596},{""stimulus"":""img/3to2/7.png"",""time"":694},{""stimulus"":""img/3to2/8.png"",""time"":793},{""stimulus"":""img/3to2/9.png"",""time"":905},{""stimulus"":""img/3to2/10.png"",""time"":997},{""stimulus"":""img/3to2/11.png"",""time"":1091},{""stimulus"":""img/3to2/12.png"",""time"":1199}]","[]"
"image-keyboard-response","380","375474","0.0-5.0-1.188","633471b7c7b5fa52a0a407a7","bdp_cybrbll","Sat Apr 01 2023 11:40:14 GMT-0400 (Eastern Daylight Time)","442216","3","1","","388","","","","choice","","img/2to1/1.png","1","37","348","0.5","0.5","2","1","",""
"animation","381","376762","0.0-5.0-2.188","633471b7c7b5fa52a0a407a7","bdp_cybrbll","Sat Apr 01 2023 11:40:14 GMT-0400 (Eastern Daylight Time)","442216","3","1","","","","","","","","","","37","","","","2","1","[{""stimulus"":""img/2to1/1.png"",""time"":107},{""stimulus"":""img/2to1/2.png"",""time"":200},{""stimulus"":""img/2to1/3.png"",""time"":309},{""stimulus"":""img/2to1/4.png"",""time"":404},{""stimulus"":""img/2to1/5.png"",""time"":512},{""stimulus"":""img/2to1/6.png"",""time"":595},{""stimulus"":""img/2to1/7.png"",""time"":697},{""stimulus"":""img/2to1/8.png"",""time"":805},{""stimulus"":""img/2to1/9.png"",""time"":892},{""stimulus"":""img/2to1/10.png"",""time"":1006},{""stimulus"":""img/2to1/11.png"",""time"":1090},{""stimulus"":""img/2to1/12.png"",""time"":1192}]","[]"
"image-keyboard-response","382","377258","0.0-5.0-1.189","633471b7c7b5fa52a0a407a7","bdp_cybrbll","Sat Apr 01 2023 11:40:14 GMT-0400 (Eastern Daylight Time)","442216","3","1","","null","","","","observe","","img/1to3/1.png","null","36","495","0.5","0.5","1","3","",""
"animation","383","378558","0.0-5.0-2.189","633471b7c7b5fa52a0a407a7","bdp_cybrbll","Sat Apr 01 2023 11:40:14 GMT-0400 (Eastern Daylight Time)","442216","3","1","","","","","","","","","","36","","","","1","3","[{""stimulus"":""img/1to3/1.png"",""time"":108},{""stimulus"":""img/1to3/2.png"",""time"":201},{""stimulus"":""img/1to3/3.png"",""time"":309},{""stimulus"":""img/1to3/4.png"",""time"":396},{""stimulus"":""img/1to3/5.png"",""time"":496},{""stimulus"":""img/1to3/6.png"",""time"":604},{""stimulus"":""img/1to3/7.png"",""time"":694},{""stimulus"":""img/1to3/8.png"",""time"":793},{""stimulus"":""img/1to3/9.png"",""time"":900},{""stimulus"":""img/1to3/10.png"",""time"":991},{""stimulus"":""img/1to3/11.png"",""time"":1090},{""stimulus"":""img/1to3/12.png"",""time"":1189}]","[]"
"image-keyboard-response","384","379085","0.0-5.0-1.190","633471b7c7b5fa52a0a407a7","bdp_cybrbll","Sat Apr 01 2023 11:40:14 GMT-0400 (Eastern Daylight Time)","442216","3","1","","null","","","","observe","","img/3to2/1.png","null","35","513","0.5","0.5","3","2","",""
"animation","385","380377","0.0-5.0-2.190","633471b7c7b5fa52a0a407a7","bdp_cybrbll","Sat Apr 01 2023 11:40:14 GMT-0400 (Eastern Daylight Time)","442216","3","1","","","","","","","","","","35","","","","3","2","[{""stimulus"":""img/3to2/1.png"",""time"":109},{""stimulus"":""img/3to2/2.png"",""time"":199},{""stimulus"":""img/3to2/3.png"",""time"":298},{""stimulus"":""img/3to2/4.png"",""time"":396},{""stimulus"":""img/3to2/5.png"",""time"":496},{""stimulus"":""img/3to2/6.png"",""time"":606},{""stimulus"":""img/3to2/7.png"",""time"":700},{""stimulus"":""img/3to2/8.png"",""time"":793},{""stimulus"":""img/3to2/9.png"",""time"":901},{""stimulus"":""img/3to2/10.png"",""time"":990},{""stimulus"":""img/3to2/11.png"",""time"":1099},{""stimulus"":""img/3to2/12.png"",""time"":1198}]","[]"
"image-keyboard-response","386","380486","0.0-5.0-1.191","633471b7c7b5fa52a0a407a7","bdp_cybrbll","Sat Apr 01 2023 11:40:14 GMT-0400 (Eastern Daylight Time)","442216","3","1","","108","","","","choice","","img/2to1/1.png","2","34","761","0.5","0.5","2","3","",""
"animation","387","381787","0.0-5.0-2.191","633471b7c7b5fa52a0a407a7","bdp_cybrbll","Sat Apr 01 2023 11:40:14 GMT-0400 (Eastern Daylight Time)","442216","3","1","","","","","","","","","","34","","","","2","3","[{""stimulus"":""img/2to3/1.png"",""time"":106},{""stimulus"":""img/2to3/2.png"",""time"":199},{""stimulus"":""img/2to3/3.png"",""time"":297},{""stimulus"":""img/2to3/4.png"",""time"":399},{""stimulus"":""img/2to3/5.png"",""time"":507},{""stimulus"":""img/2to3/6.png"",""time"":595},{""stimulus"":""img/2to3/7.png"",""time"":708},{""stimulus"":""img/2to3/8.png"",""time"":792},{""stimulus"":""img/2to3/9.png"",""time"":892},{""stimulus"":""img/2to3/10.png"",""time"":1006},{""stimulus"":""img/2to3/11.png"",""time"":1090},{""stimulus"":""img/2to3/12.png"",""time"":1188}]","[]"
"image-keyboard-response","388","382283","0.0-5.0-1.192","633471b7c7b5fa52a0a407a7","bdp_cybrbll","Sat Apr 01 2023 11:40:14 GMT-0400 (Eastern Daylight Time)","442216","3","1","","null","","","","observe","","img/3to2/1.png","null","33","481","0.5","0.5","3","2","",""
"animation","389","383583","0.0-5.0-2.192","633471b7c7b5fa52a0a407a7","bdp_cybrbll","Sat Apr 01 2023 11:40:14 GMT-0400 (Eastern Daylight Time)","442216","3","1","","","","","","","","","","33","","","","3","2","[{""stimulus"":""img/3to2/1.png"",""time"":108},{""stimulus"":""img/3to2/2.png"",""time"":199},{""stimulus"":""img/3to2/3.png"",""time"":309},{""stimulus"":""img/3to2/4.png"",""time"":397},{""stimulus"":""img/3to2/5.png"",""time"":495},{""stimulus"":""img/3to2/6.png"",""time"":603},{""stimulus"":""img/3to2/7.png"",""time"":696},{""stimulus"":""img/3to2/8.png"",""time"":792},{""stimulus"":""img/3to2/9.png"",""time"":898},{""stimulus"":""img/3to2/10.png"",""time"":991},{""stimulus"":""img/3to2/11.png"",""time"":1099},{""stimulus"":""img/3to2/12.png"",""time"":1189}]","[]"
"image-keyboard-response","390","383883","0.0-5.0-1.193","633471b7c7b5fa52a0a407a7","bdp_cybrbll","Sat Apr 01 2023 11:40:14 GMT-0400 (Eastern Daylight Time)","442216","3","1","","299","","","","choice","","img/2to1/1.png","1","32","265","0.5","0.5","2","1","",""
"animation","391","385175","0.0-5.0-2.193","633471b7c7b5fa52a0a407a7","bdp_cybrbll","Sat Apr 01 2023 11:40:14 GMT-0400 (Eastern Daylight Time)","442216","3","1","","","","","","","","","","32","","","","2","1","[{""stimulus"":""img/2to1/1.png"",""time"":102},{""stimulus"":""img/2to1/2.png"",""time"":199},{""stimulus"":""img/2to1/3.png"",""time"":303},{""stimulus"":""img/2to1/4.png"",""time"":411},{""stimulus"":""img/2to1/5.png"",""time"":504},{""stimulus"":""img/2to1/6.png"",""time"":597},{""stimulus"":""img/2to1/7.png"",""time"":694},{""stimulus"":""img/2to1/8.png"",""time"":793},{""stimulus"":""img/2to1/9.png"",""time"":892},{""stimulus"":""img/2to1/10.png"",""time"":999},{""stimulus"":""img/2to1/11.png"",""time"":1090},{""stimulus"":""img/2to1/12.png"",""time"":1189}]","[]"
"image-keyboard-response","392","386058","0.0-5.0-1.194","633471b7c7b5fa52a0a407a7","bdp_cybrbll","Sat Apr 01 2023 11:40:14 GMT-0400 (Eastern Daylight Time)","442216","3","1","","null","","","","observe","","img/1to3/1.png","null","31","880","0.5","0.5","1","2","",""
"animation","393","387347","0.0-5.0-2.194","633471b7c7b5fa52a0a407a7","bdp_cybrbll","Sat Apr 01 2023 11:40:14 GMT-0400 (Eastern Daylight Time)","442216","3","1","","","","","","","","","","31","","","","1","2","[{""stimulus"":""img/1to2/1.png"",""time"":109},{""stimulus"":""img/1to2/2.png"",""time"":199},{""stimulus"":""img/1to2/3.png"",""time"":298},{""stimulus"":""img/1to2/4.png"",""time"":396},{""stimulus"":""img/1to2/5.png"",""time"":496},{""stimulus"":""img/1to2/6.png"",""time"":606},{""stimulus"":""img/1to2/7.png"",""time"":700},{""stimulus"":""img/1to2/8.png"",""time"":793},{""stimulus"":""img/1to2/9.png"",""time"":902},{""stimulus"":""img/1to2/10.png"",""time"":991},{""stimulus"":""img/1to2/11.png"",""time"":1091},{""stimulus"":""img/1to2/12.png"",""time"":1195}]","[]"
"image-keyboard-response","394","387462","0.0-5.0-1.195","633471b7c7b5fa52a0a407a7","bdp_cybrbll","Sat Apr 01 2023 11:40:14 GMT-0400 (Eastern Daylight Time)","442216","3","1","","115","","","","choice","","img/2to1/1.png","2","30","1832","0.5","0.5","2","3","",""
"animation","395","388758","0.0-5.0-2.195","633471b7c7b5fa52a0a407a7","bdp_cybrbll","Sat Apr 01 2023 11:40:14 GMT-0400 (Eastern Daylight Time)","442216","3","1","","","","","","","","","","30","","","","2","3","[{""stimulus"":""img/2to3/1.png"",""time"":115},{""stimulus"":""img/2to3/2.png"",""time"":209},{""stimulus"":""img/2to3/3.png"",""time"":301},{""stimulus"":""img/2to3/4.png"",""time"":411},{""stimulus"":""img/2to3/5.png"",""time"":505},{""stimulus"":""img/2to3/6.png"",""time"":595},{""stimulus"":""img/2to3/7.png"",""time"":706},{""stimulus"":""img/2to3/8.png"",""time"":799},{""stimulus"":""img/2to3/9.png"",""time"":892},{""stimulus"":""img/2to3/10.png"",""time"":991},{""stimulus"":""img/2to3/11.png"",""time"":1090},{""stimulus"":""img/2to3/12.png"",""time"":1202}]","[]"
"image-keyboard-response","396","389566","0.0-5.0-1.196","633471b7c7b5fa52a0a407a7","bdp_cybrbll","Sat Apr 01 2023 11:40:14 GMT-0400 (Eastern Daylight Time)","442216","3","1","","null","","","","observe","","img/3to2/1.png","null","29","803","0.5","0.5","3","1","",""
"animation","397","390868","0.0-5.0-2.196","633471b7c7b5fa52a0a407a7","bdp_cybrbll","Sat Apr 01 2023 11:40:14 GMT-0400 (Eastern Daylight Time)","442216","3","1","","","","","","","","","","29","","","","3","1","[{""stimulus"":""img/3to1/1.png"",""time"":109},{""stimulus"":""img/3to1/2.png"",""time"":199},{""stimulus"":""img/3to1/3.png"",""time"":310},{""stimulus"":""img/3to1/4.png"",""time"":397},{""stimulus"":""img/3to1/5.png"",""time"":511},{""stimulus"":""img/3to1/6.png"",""time"":596},{""stimulus"":""img/3to1/7.png"",""time"":695},{""stimulus"":""img/3to1/8.png"",""time"":804},{""stimulus"":""img/3to1/9.png"",""time"":893},{""stimulus"":""img/3to1/10.png"",""time"":992},{""stimulus"":""img/3to1/11.png"",""time"":1090},{""stimulus"":""img/3to1/12.png"",""time"":1189}]","[]"
"image-keyboard-response","398","391222","0.0-5.0-1.197","633471b7c7b5fa52a0a407a7","bdp_cybrbll","Sat Apr 01 2023 11:40:14 GMT-0400 (Eastern Daylight Time)","442216","3","1","","null","","","","observe","","img/1to3/1.png","null","28","348","0.5","0.5","1","3","",""
"animation","399","392510","0.0-5.0-2.197","633471b7c7b5fa52a0a407a7","bdp_cybrbll","Sat Apr 01 2023 11:40:14 GMT-0400 (Eastern Daylight Time)","442216","3","1","","","","","","","","","","28","","","","1","3","[{""stimulus"":""img/1to3/1.png"",""time"":110},{""stimulus"":""img/1to3/2.png"",""time"":204},{""stimulus"":""img/1to3/3.png"",""time"":313},{""stimulus"":""img/1to3/4.png"",""time"":405},{""stimulus"":""img/1to3/5.png"",""time"":496},{""stimulus"":""img/1to3/6.png"",""time"":594},{""stimulus"":""img/1to3/7.png"",""time"":701},{""stimulus"":""img/1to3/8.png"",""time"":793},{""stimulus"":""img/1to3/9.png"",""time"":891},{""stimulus"":""img/1to3/10.png"",""time"":994},{""stimulus"":""img/1to3/11.png"",""time"":1089},{""stimulus"":""img/1to3/12.png"",""time"":1188}]","[]"
"image-keyboard-response","400","392945","0.0-5.0-1.198","633471b7c7b5fa52a0a407a7","bdp_cybrbll","Sat Apr 01 2023 11:40:14 GMT-0400 (Eastern Daylight Time)","442216","3","1","","null","","","","observe","","img/3to2/1.png","null","27","425","0.5","0.5","3","1","",""
"animation","401","394245","0.0-5.0-2.198","633471b7c7b5fa52a0a407a7","bdp_cybrbll","Sat Apr 01 2023 11:40:14 GMT-0400 (Eastern Daylight Time)","442216","3","1","","","","","","","","","","27","","","","3","1","[{""stimulus"":""img/3to1/1.png"",""time"":108},{""stimulus"":""img/3to1/2.png"",""time"":198},{""stimulus"":""img/3to1/3.png"",""time"":309},{""stimulus"":""img/3to1/4.png"",""time"":401},{""stimulus"":""img/3to1/5.png"",""time"":510},{""stimulus"":""img/3to1/6.png"",""time"":602},{""stimulus"":""img/3to1/7.png"",""time"":694},{""stimulus"":""img/3to1/8.png"",""time"":792},{""stimulus"":""img/3to1/9.png"",""time"":891},{""stimulus"":""img/3to1/10.png"",""time"":1005},{""stimulus"":""img/3to1/11.png"",""time"":1098},{""stimulus"":""img/3to1/12.png"",""time"":1189}]","[]"
"image-keyboard-response","402","394571","0.0-5.0-1.199","633471b7c7b5fa52a0a407a7","bdp_cybrbll","Sat Apr 01 2023 11:40:14 GMT-0400 (Eastern Daylight Time)","442216","3","1","","null","","","","observe","","img/1to3/1.png","null","26","312","0.5","0.5","1","2","",""
"animation","403","395859","0.0-5.0-2.199","633471b7c7b5fa52a0a407a7","bdp_cybrbll","Sat Apr 01 2023 11:40:14 GMT-0400 (Eastern Daylight Time)","442216","3","1","","","","","","","","","","26","","","","1","2","[{""stimulus"":""img/1to2/1.png"",""time"":108},{""stimulus"":""img/1to2/2.png"",""time"":198},{""stimulus"":""img/1to2/3.png"",""time"":312},{""stimulus"":""img/1to2/4.png"",""time"":396},{""stimulus"":""img/1to2/5.png"",""time"":496},{""stimulus"":""img/1to2/6.png"",""time"":596},{""stimulus"":""img/1to2/7.png"",""time"":694},{""stimulus"":""img/1to2/8.png"",""time"":793},{""stimulus"":""img/1to2/9.png"",""time"":891},{""stimulus"":""img/1to2/10.png"",""time"":993},{""stimulus"":""img/1to2/11.png"",""time"":1102},{""stimulus"":""img/1to2/12.png"",""time"":1195}]","[]"
"image-keyboard-response","404","395892","0.0-5.0-1.200","633471b7c7b5fa52a0a407a7","bdp_cybrbll","Sat Apr 01 2023 11:40:14 GMT-0400 (Eastern Daylight Time)","442216","3","1","","32","","","","choice","","img/2to1/1.png","2","25","274","0.5","0.5","2","3","",""
"animation","405","397180","0.0-5.0-2.200","633471b7c7b5fa52a0a407a7","bdp_cybrbll","Sat Apr 01 2023 11:40:14 GMT-0400 (Eastern Daylight Time)","442216","3","1","","","","","","","","","","25","","","","2","3","[{""stimulus"":""img/2to3/1.png"",""time"":107},{""stimulus"":""img/2to3/2.png"",""time"":200},{""stimulus"":""img/2to3/3.png"",""time"":308},{""stimulus"":""img/2to3/4.png"",""time"":401},{""stimulus"":""img/2to3/5.png"",""time"":496},{""stimulus"":""img/2to3/6.png"",""time"":602},{""stimulus"":""img/2to3/7.png"",""time"":695},{""stimulus"":""img/2to3/8.png"",""time"":794},{""stimulus"":""img/2to3/9.png"",""time"":897},{""stimulus"":""img/2to3/10.png"",""time"":1005},{""stimulus"":""img/2to3/11.png"",""time"":1090},{""stimulus"":""img/2to3/12.png"",""time"":1190}]","[]"
"image-keyboard-response","406","397518","0.0-5.0-1.201","633471b7c7b5fa52a0a407a7","bdp_cybrbll","Sat Apr 01 2023 11:40:14 GMT-0400 (Eastern Daylight Time)","442216","3","1","","null","","","","observe","","img/3to2/1.png","null","24","329","0.5","0.5","3","2","",""
"animation","407","398806","0.0-5.0-2.201","633471b7c7b5fa52a0a407a7","bdp_cybrbll","Sat Apr 01 2023 11:40:14 GMT-0400 (Eastern Daylight Time)","442216","3","1","","","","","","","","","","24","","","","3","2","[{""stimulus"":""img/3to2/1.png"",""time"":108},{""stimulus"":""img/3to2/2.png"",""time"":199},{""stimulus"":""img/3to2/3.png"",""time"":298},{""stimulus"":""img/3to2/4.png"",""time"":403},{""stimulus"":""img/3to2/5.png"",""time"":496},{""stimulus"":""img/3to2/6.png"",""time"":605},{""stimulus"":""img/3to2/7.png"",""time"":698},{""stimulus"":""img/3to2/8.png"",""time"":793},{""stimulus"":""img/3to2/9.png"",""time"":901},{""stimulus"":""img/3to2/10.png"",""time"":992},{""stimulus"":""img/3to2/11.png"",""time"":1102},{""stimulus"":""img/3to2/12.png"",""time"":1195}]","[]"
"image-keyboard-response","408","398855","0.0-5.0-1.202","633471b7c7b5fa52a0a407a7","bdp_cybrbll","Sat Apr 01 2023 11:40:14 GMT-0400 (Eastern Daylight Time)","442216","3","1","","48","","","","choice","","img/2to1/1.png","1","23","488","0.5","0.5","2","1","",""
"animation","409","400154","0.0-5.0-2.202","633471b7c7b5fa52a0a407a7","bdp_cybrbll","Sat Apr 01 2023 11:40:14 GMT-0400 (Eastern Daylight Time)","442216","3","1","","","","","","","","","","23","","","","2","1","[{""stimulus"":""img/2to1/1.png"",""time"":101},{""stimulus"":""img/2to1/2.png"",""time"":199},{""stimulus"":""img/2to1/3.png"",""time"":308},{""stimulus"":""img/2to1/4.png"",""time"":399},{""stimulus"":""img/2to1/5.png"",""time"":496},{""stimulus"":""img/2to1/6.png"",""time"":595},{""stimulus"":""img/2to1/7.png"",""time"":709},{""stimulus"":""img/2to1/8.png"",""time"":802},{""stimulus"":""img/2to1/9.png"",""time"":896},{""stimulus"":""img/2to1/10.png"",""time"":991},{""stimulus"":""img/2to1/11.png"",""time"":1098},{""stimulus"":""img/2to1/12.png"",""time"":1191}]","[]"
"image-keyboard-response","410","400557","0.0-5.0-1.203","633471b7c7b5fa52a0a407a7","bdp_cybrbll","Sat Apr 01 2023 11:40:14 GMT-0400 (Eastern Daylight Time)","442216","3","1","","null","","","","observe","","img/1to3/1.png","null","22","395","0.5","0.5","1","2","",""
"animation","411","401845","0.0-5.0-2.203","633471b7c7b5fa52a0a407a7","bdp_cybrbll","Sat Apr 01 2023 11:40:14 GMT-0400 (Eastern Daylight Time)","442216","3","1","","","","","","","","","","22","","","","1","2","[{""stimulus"":""img/1to2/1.png"",""time"":110},{""stimulus"":""img/1to2/2.png"",""time"":203},{""stimulus"":""img/1to2/3.png"",""time"":314},{""stimulus"":""img/1to2/4.png"",""time"":398},{""stimulus"":""img/1to2/5.png"",""time"":496},{""stimulus"":""img/1to2/6.png"",""time"":607},{""stimulus"":""img/1to2/7.png"",""time"":700},{""stimulus"":""img/1to2/8.png"",""time"":793},{""stimulus"":""img/1to2/9.png"",""time"":893},{""stimulus"":""img/1to2/10.png"",""time"":994},{""stimulus"":""img/1to2/11.png"",""time"":1090},{""stimulus"":""img/1to2/12.png"",""time"":1189}]","[]"
"image-keyboard-response","412","402717","0.0-5.0-1.204","633471b7c7b5fa52a0a407a7","bdp_cybrbll","Sat Apr 01 2023 11:40:14 GMT-0400 (Eastern Daylight Time)","442216","3","1","","871","","","","choice","","img/2to1/1.png","2","21","192","0.5","0.5","2","3","",""
"animation","413","404005","0.0-5.0-2.204","633471b7c7b5fa52a0a407a7","bdp_cybrbll","Sat Apr 01 2023 11:40:14 GMT-0400 (Eastern Daylight Time)","442216","3","1","","","","","","","","","","21","","","","2","3","[{""stimulus"":""img/2to3/1.png"",""time"":106},{""stimulus"":""img/2to3/2.png"",""time"":207},{""stimulus"":""img/2to3/3.png"",""time"":308},{""stimulus"":""img/2to3/4.png"",""time"":398},{""stimulus"":""img/2to3/5.png"",""time"":496},{""stimulus"":""img/2to3/6.png"",""time"":603},{""stimulus"":""img/2to3/7.png"",""time"":695},{""stimulus"":""img/2to3/8.png"",""time"":793},{""stimulus"":""img/2to3/9.png"",""time"":896},{""stimulus"":""img/2to3/10.png"",""time"":991},{""stimulus"":""img/2to3/11.png"",""time"":1098},{""stimulus"":""img/2to3/12.png"",""time"":1190}]","[]"
"image-keyboard-response","414","404482","0.0-5.0-1.205","633471b7c7b5fa52a0a407a7","bdp_cybrbll","Sat Apr 01 2023 11:40:14 GMT-0400 (Eastern Daylight Time)","442216","3","1","","null","","","","observe","","img/3to2/1.png","null","20","471","0.5","0.5","3","2","",""
"animation","415","405774","0.0-5.0-2.205","633471b7c7b5fa52a0a407a7","bdp_cybrbll","Sat Apr 01 2023 11:40:14 GMT-0400 (Eastern Daylight Time)","442216","3","1","","","","","","","","","","20","","","","3","2","[{""stimulus"":""img/3to2/1.png"",""time"":110},{""stimulus"":""img/3to2/2.png"",""time"":199},{""stimulus"":""img/3to2/3.png"",""time"":312},{""stimulus"":""img/3to2/4.png"",""time"":405},{""stimulus"":""img/3to2/5.png"",""time"":496},{""stimulus"":""img/3to2/6.png"",""time"":595},{""stimulus"":""img/3to2/7.png"",""time"":702},{""stimulus"":""img/3to2/8.png"",""time"":794},{""stimulus"":""img/3to2/9.png"",""time"":902},{""stimulus"":""img/3to2/10.png"",""time"":992},{""stimulus"":""img/3to2/11.png"",""time"":1105},{""stimulus"":""img/3to2/12.png"",""time"":1189}]","[]"
"image-keyboard-response","416","405966","0.0-5.0-1.206","633471b7c7b5fa52a0a407a7","bdp_cybrbll","Sat Apr 01 2023 11:40:14 GMT-0400 (Eastern Daylight Time)","442216","3","1","","192","","","","choice","","img/2to1/1.png","1","19","159","0.5","0.5","2","1","",""
"animation","417","407258","0.0-5.0-2.206","633471b7c7b5fa52a0a407a7","bdp_cybrbll","Sat Apr 01 2023 11:40:14 GMT-0400 (Eastern Daylight Time)","442216","3","1","","","","","","","","","","19","","","","2","1","[{""stimulus"":""img/2to1/1.png"",""time"":101},{""stimulus"":""img/2to1/2.png"",""time"":198},{""stimulus"":""img/2to1/3.png"",""time"":303},{""stimulus"":""img/2to1/4.png"",""time"":410},{""stimulus"":""img/2to1/5.png"",""time"":503},{""stimulus"":""img/2to1/6.png"",""time"":594},{""stimulus"":""img/2to1/7.png"",""time"":694},{""stimulus"":""img/2to1/8.png"",""time"":799},{""stimulus"":""img/2to1/9.png"",""time"":891},{""stimulus"":""img/2to1/10.png"",""time"":990},{""stimulus"":""img/2to1/11.png"",""time"":1090},{""stimulus"":""img/2to1/12.png"",""time"":1200}]","[]"
"image-keyboard-response","418","408252","0.0-5.0-1.207","633471b7c7b5fa52a0a407a7","bdp_cybrbll","Sat Apr 01 2023 11:40:14 GMT-0400 (Eastern Daylight Time)","442216","3","1","","null","","","","observe","","img/1to3/1.png","null","18","987","0.5","0.5","1","3","",""
"animation","419","409553","0.0-5.0-2.207","633471b7c7b5fa52a0a407a7","bdp_cybrbll","Sat Apr 01 2023 11:40:14 GMT-0400 (Eastern Daylight Time)","442216","3","1","","","","","","","","","","18","","","","1","3","[{""stimulus"":""img/1to3/1.png"",""time"":109},{""stimulus"":""img/1to3/2.png"",""time"":198},{""stimulus"":""img/1to3/3.png"",""time"":310},{""stimulus"":""img/1to3/4.png"",""time"":396},{""stimulus"":""img/1to3/5.png"",""time"":496},{""stimulus"":""img/1to3/6.png"",""time"":594},{""stimulus"":""img/1to3/7.png"",""time"":693},{""stimulus"":""img/1to3/8.png"",""time"":805},{""stimulus"":""img/1to3/9.png"",""time"":899},{""stimulus"":""img/1to3/10.png"",""time"":991},{""stimulus"":""img/1to3/11.png"",""time"":1089},{""stimulus"":""img/1to3/12.png"",""time"":1193}]","[]"
"image-keyboard-response","420","409878","0.0-5.0-1.208","633471b7c7b5fa52a0a407a7","bdp_cybrbll","Sat Apr 01 2023 11:40:14 GMT-0400 (Eastern Daylight Time)","442216","3","1","","null","","","","observe","","img/3to2/1.png","null","17","310","0.5","0.5","3","1","",""
"animation","421","411180","0.0-5.0-2.208","633471b7c7b5fa52a0a407a7","bdp_cybrbll","Sat Apr 01 2023 11:40:14 GMT-0400 (Eastern Daylight Time)","442216","3","1","","","","","","","","","","17","","","","3","1","[{""stimulus"":""img/3to1/1.png"",""time"":108},{""stimulus"":""img/3to1/2.png"",""time"":198},{""stimulus"":""img/3to1/3.png"",""time"":308},{""stimulus"":""img/3to1/4.png"",""time"":402},{""stimulus"":""img/3to1/5.png"",""time"":496},{""stimulus"":""img/3to1/6.png"",""time"":604},{""stimulus"":""img/3to1/7.png"",""time"":694},{""stimulus"":""img/3to1/8.png"",""time"":806},{""stimulus"":""img/3to1/9.png"",""time"":891},{""stimulus"":""img/3to1/10.png"",""time"":992},{""stimulus"":""img/3to1/11.png"",""time"":1089},{""stimulus"":""img/3to1/12.png"",""time"":1189}]","[]"
"image-keyboard-response","422","412108","0.0-5.0-1.209","633471b7c7b5fa52a0a407a7","bdp_cybrbll","Sat Apr 01 2023 11:40:14 GMT-0400 (Eastern Daylight Time)","442216","3","1","","null","","","","observe","","img/1to3/1.png","null","16","916","0.5","0.5","1","2","",""
"animation","423","413409","0.0-5.0-2.209","633471b7c7b5fa52a0a407a7","bdp_cybrbll","Sat Apr 01 2023 11:40:14 GMT-0400 (Eastern Daylight Time)","442216","3","1","","","","","","","","","","16","","","","1","2","[{""stimulus"":""img/1to2/1.png"",""time"":108},{""stimulus"":""img/1to2/2.png"",""time"":202},{""stimulus"":""img/1to2/3.png"",""time"":298},{""stimulus"":""img/1to2/4.png"",""time"":397},{""stimulus"":""img/1to2/5.png"",""time"":497},{""stimulus"":""img/1to2/6.png"",""time"":605},{""stimulus"":""img/1to2/7.png"",""time"":694},{""stimulus"":""img/1to2/8.png"",""time"":805},{""stimulus"":""img/1to2/9.png"",""time"":898},{""stimulus"":""img/1to2/10.png"",""time"":992},{""stimulus"":""img/1to2/11.png"",""time"":1090},{""stimulus"":""img/1to2/12.png"",""time"":1193}]","[]"
"image-keyboard-response","424","413677","0.0-5.0-1.210","633471b7c7b5fa52a0a407a7","bdp_cybrbll","Sat Apr 01 2023 11:40:14 GMT-0400 (Eastern Daylight Time)","442216","3","1","","268","","","","choice","","img/2to1/1.png","2","15","1046","0.5","0.5","2","3","",""
"animation","425","414965","0.0-5.0-2.210","633471b7c7b5fa52a0a407a7","bdp_cybrbll","Sat Apr 01 2023 11:40:14 GMT-0400 (Eastern Daylight Time)","442216","3","1","","","","","","","","","","15","","","","2","3","[{""stimulus"":""img/2to3/1.png"",""time"":104},{""stimulus"":""img/2to3/2.png"",""time"":214},{""stimulus"":""img/2to3/3.png"",""time"":305},{""stimulus"":""img/2to3/4.png"",""time"":397},{""stimulus"":""img/2to3/5.png"",""time"":496},{""stimulus"":""img/2to3/6.png"",""time"":599},{""stimulus"":""img/2to3/7.png"",""time"":694},{""stimulus"":""img/2to3/8.png"",""time"":801},{""stimulus"":""img/2to3/9.png"",""time"":893},{""stimulus"":""img/2to3/10.png"",""time"":991},{""stimulus"":""img/2to3/11.png"",""time"":1095},{""stimulus"":""img/2to3/12.png"",""time"":1203}]","[]"
"image-keyboard-response","426","415268","0.0-5.0-1.211","633471b7c7b5fa52a0a407a7","bdp_cybrbll","Sat Apr 01 2023 11:40:14 GMT-0400 (Eastern Daylight Time)","442216","3","1","","null","","","","observe","","img/3to2/1.png","null","14","298","0.5","0.5","3","1","",""
"animation","427","416556","0.0-5.0-2.211","633471b7c7b5fa52a0a407a7","bdp_cybrbll","Sat Apr 01 2023 11:40:14 GMT-0400 (Eastern Daylight Time)","442216","3","1","","","","","","","","","","14","","","","3","1","[{""stimulus"":""img/3to1/1.png"",""time"":109},{""stimulus"":""img/3to1/2.png"",""time"":199},{""stimulus"":""img/3to1/3.png"",""time"":311},{""stimulus"":""img/3to1/4.png"",""time"":404},{""stimulus"":""img/3to1/5.png"",""time"":496},{""stimulus"":""img/3to1/6.png"",""time"":607},{""stimulus"":""img/3to1/7.png"",""time"":694},{""stimulus"":""img/3to1/8.png"",""time"":794},{""stimulus"":""img/3to1/9.png"",""time"":903},{""stimulus"":""img/3to1/10.png"",""time"":996},{""stimulus"":""img/3to1/11.png"",""time"":1091},{""stimulus"":""img/3to1/12.png"",""time"":1189}]","[]"
"image-keyboard-response","428","416897","0.0-5.0-1.212","633471b7c7b5fa52a0a407a7","bdp_cybrbll","Sat Apr 01 2023 11:40:14 GMT-0400 (Eastern Daylight Time)","442216","3","1","","null","","","","observe","","img/1to3/1.png","null","13","330","0.5","0.5","1","3","",""
"animation","429","418200","0.0-5.0-2.212","633471b7c7b5fa52a0a407a7","bdp_cybrbll","Sat Apr 01 2023 11:40:14 GMT-0400 (Eastern Daylight Time)","442216","3","1","","","","","","","","","","13","","","","1","3","[{""stimulus"":""img/1to3/1.png"",""time"":109},{""stimulus"":""img/1to3/2.png"",""time"":199},{""stimulus"":""img/1to3/3.png"",""time"":298},{""stimulus"":""img/1to3/4.png"",""time"":404},{""stimulus"":""img/1to3/5.png"",""time"":496},{""stimulus"":""img/1to3/6.png"",""time"":595},{""stimulus"":""img/1to3/7.png"",""time"":697},{""stimulus"":""img/1to3/8.png"",""time"":793},{""stimulus"":""img/1to3/9.png"",""time"":901},{""stimulus"":""img/1to3/10.png"",""time"":994},{""stimulus"":""img/1to3/11.png"",""time"":1103},{""stimulus"":""img/1to3/12.png"",""time"":1195}]","[]"
"image-keyboard-response","430","418463","0.0-5.0-1.213","633471b7c7b5fa52a0a407a7","bdp_cybrbll","Sat Apr 01 2023 11:40:14 GMT-0400 (Eastern Daylight Time)","442216","3","1","","null","","","","observe","","img/3to2/1.png","null","12","258","0.5","0.5","3","2","",""
"animation","431","419765","0.0-5.0-2.213","633471b7c7b5fa52a0a407a7","bdp_cybrbll","Sat Apr 01 2023 11:40:14 GMT-0400 (Eastern Daylight Time)","442216","3","1","","","","","","","","","","12","","","","3","2","[{""stimulus"":""img/3to2/1.png"",""time"":108},{""stimulus"":""img/3to2/2.png"",""time"":199},{""stimulus"":""img/3to2/3.png"",""time"":308},{""stimulus"":""img/3to2/4.png"",""time"":400},{""stimulus"":""img/3to2/5.png"",""time"":509},{""stimulus"":""img/3to2/6.png"",""time"":594},{""stimulus"":""img/3to2/7.png"",""time"":695},{""stimulus"":""img/3to2/8.png"",""time"":794},{""stimulus"":""img/3to2/9.png"",""time"":897},{""stimulus"":""img/3to2/10.png"",""time"":992},{""stimulus"":""img/3to2/11.png"",""time"":1099},{""stimulus"":""img/3to2/12.png"",""time"":1192}]","[]"
"image-keyboard-response","432","419972","0.0-5.0-1.214","633471b7c7b5fa52a0a407a7","bdp_cybrbll","Sat Apr 01 2023 11:40:14 GMT-0400 (Eastern Daylight Time)","442216","3","1","","206","","","","choice","","img/2to1/1.png","1","11","403","0.5","0.5","2","1","",""
"animation","433","421270","0.0-5.0-2.214","633471b7c7b5fa52a0a407a7","bdp_cybrbll","Sat Apr 01 2023 11:40:14 GMT-0400 (Eastern Daylight Time)","442216","3","1","","","","","","","","","","11","","","","2","1","[{""stimulus"":""img/2to1/1.png"",""time"":103},{""stimulus"":""img/2to1/2.png"",""time"":199},{""stimulus"":""img/2to1/3.png"",""time"":297},{""stimulus"":""img/2to1/4.png"",""time"":399},{""stimulus"":""img/2to1/5.png"",""time"":509},{""stimulus"":""img/2to1/6.png"",""time"":601},{""stimulus"":""img/2to1/7.png"",""time"":693},{""stimulus"":""img/2to1/8.png"",""time"":792},{""stimulus"":""img/2to1/9.png"",""time"":895},{""stimulus"":""img/2to1/10.png"",""time"":991},{""stimulus"":""img/2to1/11.png"",""time"":1089},{""stimulus"":""img/2to1/12.png"",""time"":1189}]","[]"
"image-keyboard-response","434","421702","0.0-5.0-1.215","633471b7c7b5fa52a0a407a7","bdp_cybrbll","Sat Apr 01 2023 11:40:14 GMT-0400 (Eastern Daylight Time)","442216","3","1","","null","","","","observe","","img/1to3/1.png","null","10","416","0.5","0.5","1","3","",""
"animation","435","423005","0.0-5.0-2.215","633471b7c7b5fa52a0a407a7","bdp_cybrbll","Sat Apr 01 2023 11:40:14 GMT-0400 (Eastern Daylight Time)","442216","3","1","","","","","","","","","","10","","","","1","3","[{""stimulus"":""img/1to3/1.png"",""time"":109},{""stimulus"":""img/1to3/2.png"",""time"":202},{""stimulus"":""img/1to3/3.png"",""time"":299},{""stimulus"":""img/1to3/4.png"",""time"":397},{""stimulus"":""img/1to3/5.png"",""time"":512},{""stimulus"":""img/1to3/6.png"",""time"":605},{""stimulus"":""img/1to3/7.png"",""time"":699},{""stimulus"":""img/1to3/8.png"",""time"":807},{""stimulus"":""img/1to3/9.png"",""time"":900},{""stimulus"":""img/1to3/10.png"",""time"":991},{""stimulus"":""img/1to3/11.png"",""time"":1090},{""stimulus"":""img/1to3/12.png"",""time"":1195}]","[]"
"image-keyboard-response","436","423376","0.0-5.0-1.216","633471b7c7b5fa52a0a407a7","bdp_cybrbll","Sat Apr 01 2023 11:40:14 GMT-0400 (Eastern Daylight Time)","442216","3","1","","null","","","","observe","","img/3to2/1.png","null","9","369","0.5","0.5","3","2","",""
"animation","437","424679","0.0-5.0-2.216","633471b7c7b5fa52a0a407a7","bdp_cybrbll","Sat Apr 01 2023 11:40:14 GMT-0400 (Eastern Daylight Time)","442216","3","1","","","","","","","","","","9","","","","3","2","[{""stimulus"":""img/3to2/1.png"",""time"":109},{""stimulus"":""img/3to2/2.png"",""time"":200},{""stimulus"":""img/3to2/3.png"",""time"":298},{""stimulus"":""img/3to2/4.png"",""time"":401},{""stimulus"":""img/3to2/5.png"",""time"":510},{""stimulus"":""img/3to2/6.png"",""time"":595},{""stimulus"":""img/3to2/7.png"",""time"":695},{""stimulus"":""img/3to2/8.png"",""time"":806},{""stimulus"":""img/3to2/9.png"",""time"":893},{""stimulus"":""img/3to2/10.png"",""time"":992},{""stimulus"":""img/3to2/11.png"",""time"":1100},{""stimulus"":""img/3to2/12.png"",""time"":1193}]","[]"
"image-keyboard-response","438","424756","0.0-5.0-1.217","633471b7c7b5fa52a0a407a7","bdp_cybrbll","Sat Apr 01 2023 11:40:14 GMT-0400 (Eastern Daylight Time)","442216","3","1","","77","","","","choice","","img/2to1/1.png","1","8","285","0.5","0.5","2","1","",""
"animation","439","426045","0.0-5.0-2.217","633471b7c7b5fa52a0a407a7","bdp_cybrbll","Sat Apr 01 2023 11:40:14 GMT-0400 (Eastern Daylight Time)","442216","3","1","","","","","","","","","","8","","","","2","1","[{""stimulus"":""img/2to1/1.png"",""time"":99},{""stimulus"":""img/2to1/2.png"",""time"":199},{""stimulus"":""img/2to1/3.png"",""time"":298},{""stimulus"":""img/2to1/4.png"",""time"":403},{""stimulus"":""img/2to1/5.png"",""time"":496},{""stimulus"":""img/2to1/6.png"",""time"":604},{""stimulus"":""img/2to1/7.png"",""time"":694},{""stimulus"":""img/2to1/8.png"",""time"":793},{""stimulus"":""img/2to1/9.png"",""time"":898},{""stimulus"":""img/2to1/10.png"",""time"":991},{""stimulus"":""img/2to1/11.png"",""time"":1090},{""stimulus"":""img/2to1/12.png"",""time"":1189}]","[]"
"image-keyboard-response","440","426615","0.0-5.0-1.218","633471b7c7b5fa52a0a407a7","bdp_cybrbll","Sat Apr 01 2023 11:40:14 GMT-0400 (Eastern Daylight Time)","442216","3","1","","null","","","","observe","","img/1to3/1.png","null","7","559","0.5","0.5","1","2","",""
"animation","441","427914","0.0-5.0-2.218","633471b7c7b5fa52a0a407a7","bdp_cybrbll","Sat Apr 01 2023 11:40:14 GMT-0400 (Eastern Daylight Time)","442216","3","1","","","","","","","","","","7","","","","1","2","[{""stimulus"":""img/1to2/1.png"",""time"":108},{""stimulus"":""img/1to2/2.png"",""time"":200},{""stimulus"":""img/1to2/3.png"",""time"":310},{""stimulus"":""img/1to2/4.png"",""time"":397},{""stimulus"":""img/1to2/5.png"",""time"":497},{""stimulus"":""img/1to2/6.png"",""time"":603},{""stimulus"":""img/1to2/7.png"",""time"":696},{""stimulus"":""img/1to2/8.png"",""time"":793},{""stimulus"":""img/1to2/9.png"",""time"":892},{""stimulus"":""img/1to2/10.png"",""time"":1005},{""stimulus"":""img/1to2/11.png"",""time"":1091},{""stimulus"":""img/1to2/12.png"",""time"":1190}]","[]"
"image-keyboard-response","442","430861","0.0-5.0-1.219","633471b7c7b5fa52a0a407a7","bdp_cybrbll","Sat Apr 01 2023 11:40:14 GMT-0400 (Eastern Daylight Time)","442216","3","1","","2946","","","","choice","","img/2to1/1.png","2","6","409","0.5","0.5","2","3","",""
"animation","443","432148","0.0-5.0-2.219","633471b7c7b5fa52a0a407a7","bdp_cybrbll","Sat Apr 01 2023 11:40:14 GMT-0400 (Eastern Daylight Time)","442216","3","1","","","","","","","","","","6","","","","2","3","[{""stimulus"":""img/2to3/1.png"",""time"":100},{""stimulus"":""img/2to3/2.png"",""time"":207},{""stimulus"":""img/2to3/3.png"",""time"":300},{""stimulus"":""img/2to3/4.png"",""time"":397},{""stimulus"":""img/2to3/5.png"",""time"":496},{""stimulus"":""img/2to3/6.png"",""time"":596},{""stimulus"":""img/2to3/7.png"",""time"":694},{""stimulus"":""img/2to3/8.png"",""time"":798},{""stimulus"":""img/2to3/9.png"",""time"":892},{""stimulus"":""img/2to3/10.png"",""time"":1000},{""stimulus"":""img/2to3/11.png"",""time"":1090},{""stimulus"":""img/2to3/12.png"",""time"":1189}]","[]"
"image-keyboard-response","444","432912","0.0-5.0-1.220","633471b7c7b5fa52a0a407a7","bdp_cybrbll","Sat Apr 01 2023 11:40:14 GMT-0400 (Eastern Daylight Time)","442216","3","1","","null","","","","observe","","img/3to2/1.png","null","5","751","0.5","0.5","3","1","",""
"animation","445","434215","0.0-5.0-2.220","633471b7c7b5fa52a0a407a7","bdp_cybrbll","Sat Apr 01 2023 11:40:14 GMT-0400 (Eastern Daylight Time)","442216","3","1","","","","","","","","","","5","","","","3","1","[{""stimulus"":""img/3to1/1.png"",""time"":109},{""stimulus"":""img/3to1/2.png"",""time"":202},{""stimulus"":""img/3to1/3.png"",""time"":310},{""stimulus"":""img/3to1/4.png"",""time"":403},{""stimulus"":""img/3to1/5.png"",""time"":496},{""stimulus"":""img/3to1/6.png"",""time"":594},{""stimulus"":""img/3to1/7.png"",""time"":694},{""stimulus"":""img/3to1/8.png"",""time"":792},{""stimulus"":""img/3to1/9.png"",""time"":891},{""stimulus"":""img/3to1/10.png"",""time"":991},{""stimulus"":""img/3to1/11.png"",""time"":1101},{""stimulus"":""img/3to1/12.png"",""time"":1188}]","[]"
"image-keyboard-response","446","434534","0.0-5.0-1.221","633471b7c7b5fa52a0a407a7","bdp_cybrbll","Sat Apr 01 2023 11:40:14 GMT-0400 (Eastern Daylight Time)","442216","3","1","","null","","","","observe","","img/1to3/1.png","null","4","319","0.5","0.5","1","3","",""
"animation","447","435822","0.0-5.0-2.221","633471b7c7b5fa52a0a407a7","bdp_cybrbll","Sat Apr 01 2023 11:40:14 GMT-0400 (Eastern Daylight Time)","442216","3","1","","","","","","","","","","4","","","","1","3","[{""stimulus"":""img/1to3/1.png"",""time"":100},{""stimulus"":""img/1to3/2.png"",""time"":199},{""stimulus"":""img/1to3/3.png"",""time"":301},{""stimulus"":""img/1to3/4.png"",""time"":409},{""stimulus"":""img/1to3/5.png"",""time"":502},{""stimulus"":""img/1to3/6.png"",""time"":595},{""stimulus"":""img/1to3/7.png"",""time"":703},{""stimulus"":""img/1to3/8.png"",""time"":793},{""stimulus"":""img/1to3/9.png"",""time"":891},{""stimulus"":""img/1to3/10.png"",""time"":991},{""stimulus"":""img/1to3/11.png"",""time"":1104},{""stimulus"":""img/1to3/12.png"",""time"":1188}]","[]"
"image-keyboard-response","448","436277","0.0-5.0-1.222","633471b7c7b5fa52a0a407a7","bdp_cybrbll","Sat Apr 01 2023 11:40:14 GMT-0400 (Eastern Daylight Time)","442216","3","1","","null","","","","observe","","img/3to2/1.png","null","3","448","0.5","0.5","3","2","",""
"animation","449","437575","0.0-5.0-2.222","633471b7c7b5fa52a0a407a7","bdp_cybrbll","Sat Apr 01 2023 11:40:14 GMT-0400 (Eastern Daylight Time)","442216","3","1","","","","","","","","","","3","","","","3","2","[{""stimulus"":""img/3to2/1.png"",""time"":107},{""stimulus"":""img/3to2/2.png"",""time"":199},{""stimulus"":""img/3to2/3.png"",""time"":307},{""stimulus"":""img/3to2/4.png"",""time"":396},{""stimulus"":""img/3to2/5.png"",""time"":496},{""stimulus"":""img/3to2/6.png"",""time"":602},{""stimulus"":""img/3to2/7.png"",""time"":694},{""stimulus"":""img/3to2/8.png"",""time"":792},{""stimulus"":""img/3to2/9.png"",""time"":891},{""stimulus"":""img/3to2/10.png"",""time"":991},{""stimulus"":""img/3to2/11.png"",""time"":1097},{""stimulus"":""img/3to2/12.png"",""time"":1190}]","[]"
"image-keyboard-response","450","438052","0.0-5.0-1.223","633471b7c7b5fa52a0a407a7","bdp_cybrbll","Sat Apr 01 2023 11:40:14 GMT-0400 (Eastern Daylight Time)","442216","3","1","","476","","","","choice","","img/2to1/1.png","1","2","415","0.5","0.5","2","1","",""
"animation","451","439345","0.0-5.0-2.223","633471b7c7b5fa52a0a407a7","bdp_cybrbll","Sat Apr 01 2023 11:40:14 GMT-0400 (Eastern Daylight Time)","442216","3","1","","","","","","","","","","2","","","","2","1","[{""stimulus"":""img/2to1/1.png"",""time"":100},{""stimulus"":""img/2to1/2.png"",""time"":206},{""stimulus"":""img/2to1/3.png"",""time"":299},{""stimulus"":""img/2to1/4.png"",""time"":408},{""stimulus"":""img/2to1/5.png"",""time"":496},{""stimulus"":""img/2to1/6.png"",""time"":596},{""stimulus"":""img/2to1/7.png"",""time"":703},{""stimulus"":""img/2to1/8.png"",""time"":795},{""stimulus"":""img/2to1/9.png"",""time"":892},{""stimulus"":""img/2to1/10.png"",""time"":998},{""stimulus"":""img/2to1/11.png"",""time"":1090},{""stimulus"":""img/2to1/12.png"",""time"":1199}]","[]"
"image-keyboard-response","452","439920","0.0-5.0-1.224","633471b7c7b5fa52a0a407a7","bdp_cybrbll","Sat Apr 01 2023 11:40:14 GMT-0400 (Eastern Daylight Time)","442216","3","1","","null","","","","observe","","img/1to3/1.png","null","1","563","0.5","0.5","1","2","",""
"animation","453","441209","0.0-5.0-2.224","633471b7c7b5fa52a0a407a7","bdp_cybrbll","Sat Apr 01 2023 11:40:14 GMT-0400 (Eastern Daylight Time)","442216","3","1","","","","","","","","","","1","","","","1","2","[{""stimulus"":""img/1to2/1.png"",""time"":108},{""stimulus"":""img/1to2/2.png"",""time"":199},{""stimulus"":""img/1to2/3.png"",""time"":310},{""stimulus"":""img/1to2/4.png"",""time"":397},{""stimulus"":""img/1to2/5.png"",""time"":497},{""stimulus"":""img/1to2/6.png"",""time"":595},{""stimulus"":""img/1to2/7.png"",""time"":694},{""stimulus"":""img/1to2/8.png"",""time"":793},{""stimulus"":""img/1to2/9.png"",""time"":900},{""stimulus"":""img/1to2/10.png"",""time"":994},{""stimulus"":""img/1to2/11.png"",""time"":1102},{""stimulus"":""img/1to2/12.png"",""time"":1188}]","[]"
"","","","","633471b7c7b5fa52a0a407a7","bdp_cybrbll","Sat Apr 01 2023 11:40:14 GMT-0400 (Eastern Daylight Time)","442216","3","1","","","fullscreenexit","454","441225","fullscreenexit","","","","","","","","","","",""
"fullscreen","454","442215","0.0-6.0","633471b7c7b5fa52a0a407a7","bdp_cybrbll","Sat Apr 01 2023 11:40:14 GMT-0400 (Eastern Daylight Time)","442216","3","1","","","","","","","true","","","","","","","","","",""
"html-keyboard-response","455","442717","0.0-7.0","","","","","","","","null","","","","","","","null","","","","","","","",""
