"trial_type","trial_index","time_elapsed","internal_node_id","subject_id","task","startTime","totalTime","fairPartner","unfairPartner","view_history","rt","event","trial","time","trialtype","success","stimulus","key_press","throwsLeft","rtDur","pFair","pUnfair","holder","receiver","animation_sequence","responses"
"pavlovia","0","3","0.0-0.0","63652b3ed1f35f8e04325845","bdp_cybrbll","Mon Mar 27 2023 10:14:12 GMT-0400 (Eastern Daylight Time)","476115","1","3","","","","","","","","","","","","","","","","",""
"instructions","1","4731","0.0-1.0","63652b3ed1f35f8e04325845","bdp_cybrbll","Mon Mar 27 2023 10:14:12 GMT-0400 (Eastern Daylight Time)","476115","1","3","[{""page_index"":0,""viewing_time"":4727}]","4727","","","","","","","","","","","","","","",""
"","","","","63652b3ed1f35f8e04325845","bdp_cybrbll","Mon Mar 27 2023 10:14:12 GMT-0400 (Eastern Daylight Time)","476115","1","3","","","fullscreenenter","2","10180","fullscreenenter","","","","","","","","","","",""
"fullscreen","2","11177","0.0-2.0","63652b3ed1f35f8e04325845","bdp_cybrbll","Mon Mar 27 2023 10:14:12 GMT-0400 (Eastern Daylight Time)","476115","1","3","","","","","","","true","","","","","","","","","",""
"instructions","3","72722","0.0-4.0","63652b3ed1f35f8e04325845","bdp_cybrbll","Mon Mar 27 2023 10:14:12 GMT-0400 (Eastern Daylight Time)","476115","1","3","[{""page_index"":0,""viewing_time"":61545}]","61545","","","","","","","","","","","","","","",""
"image-keyboard-response","4","74674","0.0-5.0-1.0","63652b3ed1f35f8e04325845","bdp_cybrbll","Mon Mar 27 2023 10:14:12 GMT-0400 (Eastern Daylight Time)","476115","1","3","","1950","","","","choice","","img/2to1/1.png","2","225","888","0.5","0.5","2","3","",""
"animation","5","75972","0.0-5.0-2.0","63652b3ed1f35f8e04325845","bdp_cybrbll","Mon Mar 27 2023 10:14:12 GMT-0400 (Eastern Daylight Time)","476115","1","3","","","","","","","","","","225","","","","2","3","[{""stimulus"":""img/2to3/1.png"",""time"":114},{""stimulus"":""img/2to3/2.png"",""time"":206},{""stimulus"":""img/2to3/3.png"",""time"":301},{""stimulus"":""img/2to3/4.png"",""time"":411},{""stimulus"":""img/2to3/5.png"",""time"":502},{""stimulus"":""img/2to3/6.png"",""time"":610},{""stimulus"":""img/2to3/7.png"",""time"":704},{""stimulus"":""img/2to3/8.png"",""time"":796},{""stimulus"":""img/2to3/9.png"",""time"":906},{""stimulus"":""img/2to3/10.png"",""time"":999},{""stimulus"":""img/2to3/11.png"",""time"":1094},{""stimulus"":""img/2to3/12.png"",""time"":1203}]","[]"
"image-keyboard-response","6","76235","0.0-5.0-1.1","63652b3ed1f35f8e04325845","bdp_cybrbll","Mon Mar 27 2023 10:14:12 GMT-0400 (Eastern Daylight Time)","476115","1","3","","null","","","","observe","","img/3to2/1.png","null","224","254","0.5","0.5","3","2","",""
"animation","7","77529","0.0-5.0-2.1","63652b3ed1f35f8e04325845","bdp_cybrbll","Mon Mar 27 2023 10:14:12 GMT-0400 (Eastern Daylight Time)","476115","1","3","","","","","","","","","","224","","","","3","2","[{""stimulus"":""img/3to2/1.png"",""time"":105},{""stimulus"":""img/3to2/2.png"",""time"":200},{""stimulus"":""img/3to2/3.png"",""time"":309},{""stimulus"":""img/3to2/4.png"",""time"":403},{""stimulus"":""img/3to2/5.png"",""time"":496},{""stimulus"":""img/3to2/6.png"",""time"":604},{""stimulus"":""img/3to2/7.png"",""time"":697},{""stimulus"":""img/3to2/8.png"",""time"":806},{""stimulus"":""img/3to2/9.png"",""time"":902},{""stimulus"":""img/3to2/10.png"",""time"":995},{""stimulus"":""img/3to2/11.png"",""time"":1105},{""stimulus"":""img/3to2/12.png"",""time"":1199}]","[]"
"image-keyboard-response","8","78002","0.0-5.0-1.2","63652b3ed1f35f8e04325845","bdp_cybrbll","Mon Mar 27 2023 10:14:12 GMT-0400 (Eastern Daylight Time)","476115","1","3","","473","","","","choice","","img/2to1/1.png","1","223","175","0.5","0.5","2","1","",""
"animation","9","79290","0.0-5.0-2.2","63652b3ed1f35f8e04325845","bdp_cybrbll","Mon Mar 27 2023 10:14:12 GMT-0400 (Eastern Daylight Time)","476115","1","3","","","","","","","","","","223","","","","2","1","[{""stimulus"":""img/2to1/1.png"",""time"":99},{""stimulus"":""img/2to1/2.png"",""time"":203},{""stimulus"":""img/2to1/3.png"",""time"":303},{""stimulus"":""img/2to1/4.png"",""time"":411},{""stimulus"":""img/2to1/5.png"",""time"":505},{""stimulus"":""img/2to1/6.png"",""time"":598},{""stimulus"":""img/2to1/7.png"",""time"":709},{""stimulus"":""img/2to1/8.png"",""time"":803},{""stimulus"":""img/2to1/9.png"",""time"":896},{""stimulus"":""img/2to1/10.png"",""time"":1005},{""stimulus"":""img/2to1/11.png"",""time"":1098},{""stimulus"":""img/2to1/12.png"",""time"":1191}]","[]"
"image-keyboard-response","10","80937","0.0-5.0-1.3","63652b3ed1f35f8e04325845","bdp_cybrbll","Mon Mar 27 2023 10:14:12 GMT-0400 (Eastern Daylight Time)","476115","1","3","","null","","","","observe","","img/1to3/1.png","null","222","1632","0.5","0.5","1","2","",""
"animation","11","82234","0.0-5.0-2.3","63652b3ed1f35f8e04325845","bdp_cybrbll","Mon Mar 27 2023 10:14:12 GMT-0400 (Eastern Daylight Time)","476115","1","3","","","","","","","","","","222","","","","1","2","[{""stimulus"":""img/1to2/1.png"",""time"":109},{""stimulus"":""img/1to2/2.png"",""time"":199},{""stimulus"":""img/1to2/3.png"",""time"":311},{""stimulus"":""img/1to2/4.png"",""time"":397},{""stimulus"":""img/1to2/5.png"",""time"":506},{""stimulus"":""img/1to2/6.png"",""time"":600},{""stimulus"":""img/1to2/7.png"",""time"":695},{""stimulus"":""img/1to2/8.png"",""time"":805},{""stimulus"":""img/1to2/9.png"",""time"":907},{""stimulus"":""img/1to2/10.png"",""time"":1000},{""stimulus"":""img/1to2/11.png"",""time"":1093},{""stimulus"":""img/1to2/12.png"",""time"":1203}]","[]"
"image-keyboard-response","12","83234","0.0-5.0-1.4","63652b3ed1f35f8e04325845","bdp_cybrbll","Mon Mar 27 2023 10:14:12 GMT-0400 (Eastern Daylight Time)","476115","1","3","","1000","","","","choice","","img/2to1/1.png","1","221","707","0.5","0.5","2","1","",""
"animation","13","84522","0.0-5.0-2.4","63652b3ed1f35f8e04325845","bdp_cybrbll","Mon Mar 27 2023 10:14:12 GMT-0400 (Eastern Daylight Time)","476115","1","3","","","","","","","","","","221","","","","2","1","[{""stimulus"":""img/2to1/1.png"",""time"":110},{""stimulus"":""img/2to1/2.png"",""time"":202},{""stimulus"":""img/2to1/3.png"",""time"":310},{""stimulus"":""img/2to1/4.png"",""time"":404},{""stimulus"":""img/2to1/5.png"",""time"":496},{""stimulus"":""img/2to1/6.png"",""time"":607},{""stimulus"":""img/2to1/7.png"",""time"":699},{""stimulus"":""img/2to1/8.png"",""time"":806},{""stimulus"":""img/2to1/9.png"",""time"":899},{""stimulus"":""img/2to1/10.png"",""time"":994},{""stimulus"":""img/2to1/11.png"",""time"":1090},{""stimulus"":""img/2to1/12.png"",""time"":1190}]","[]"
"image-keyboard-response","14","85885","0.0-5.0-1.5","63652b3ed1f35f8e04325845","bdp_cybrbll","Mon Mar 27 2023 10:14:12 GMT-0400 (Eastern Daylight Time)","476115","1","3","","null","","","","observe","","img/1to3/1.png","null","220","1353","0.5","0.5","1","3","",""
"animation","15","87177","0.0-5.0-2.5","63652b3ed1f35f8e04325845","bdp_cybrbll","Mon Mar 27 2023 10:14:12 GMT-0400 (Eastern Daylight Time)","476115","1","3","","","","","","","","","","220","","","","1","3","[{""stimulus"":""img/1to3/1.png"",""time"":108},{""stimulus"":""img/1to3/2.png"",""time"":201},{""stimulus"":""img/1to3/3.png"",""time"":312},{""stimulus"":""img/1to3/4.png"",""time"":406},{""stimulus"":""img/1to3/5.png"",""time"":499},{""stimulus"":""img/1to3/6.png"",""time"":604},{""stimulus"":""img/1to3/7.png"",""time"":697},{""stimulus"":""img/1to3/8.png"",""time"":793},{""stimulus"":""img/1to3/9.png"",""time"":904},{""stimulus"":""img/1to3/10.png"",""time"":998},{""stimulus"":""img/1to3/11.png"",""time"":1105},{""stimulus"":""img/1to3/12.png"",""time"":1198}]","[]"
"image-keyboard-response","16","87534","0.0-5.0-1.6","63652b3ed1f35f8e04325845","bdp_cybrbll","Mon Mar 27 2023 10:14:12 GMT-0400 (Eastern Daylight Time)","476115","1","3","","null","","","","observe","","img/3to2/1.png","null","219","343","0.5","0.5","3","1","",""
"animation","17","88829","0.0-5.0-2.6","63652b3ed1f35f8e04325845","bdp_cybrbll","Mon Mar 27 2023 10:14:12 GMT-0400 (Eastern Daylight Time)","476115","1","3","","","","","","","","","","219","","","","3","1","[{""stimulus"":""img/3to1/1.png"",""time"":108},{""stimulus"":""img/3to1/2.png"",""time"":202},{""stimulus"":""img/3to1/3.png"",""time"":311},{""stimulus"":""img/3to1/4.png"",""time"":406},{""stimulus"":""img/3to1/5.png"",""time"":502},{""stimulus"":""img/3to1/6.png"",""time"":596},{""stimulus"":""img/3to1/7.png"",""time"":707},{""stimulus"":""img/3to1/8.png"",""time"":801},{""stimulus"":""img/3to1/9.png"",""time"":894},{""stimulus"":""img/3to1/10.png"",""time"":999},{""stimulus"":""img/3to1/11.png"",""time"":1093},{""stimulus"":""img/3to1/12.png"",""time"":1201}]","[]"
"image-keyboard-response","18","89166","0.0-5.0-1.7","63652b3ed1f35f8e04325845","bdp_cybrbll","Mon Mar 27 2023 10:14:12 GMT-0400 (Eastern Daylight Time)","476115","1","3","","null","","","","observe","","img/1to3/1.png","null","218","329","0.5","0.5","1","3","",""
"animation","19","90467","0.0-5.0-2.7","63652b3ed1f35f8e04325845","bdp_cybrbll","Mon Mar 27 2023 10:14:12 GMT-0400 (Eastern Daylight Time)","476115","1","3","","","","","","","","","","218","","","","1","3","[{""stimulus"":""img/1to3/1.png"",""time"":108},{""stimulus"":""img/1to3/2.png"",""time"":202},{""stimulus"":""img/1to3/3.png"",""time"":313},{""stimulus"":""img/1to3/4.png"",""time"":406},{""stimulus"":""img/1to3/5.png"",""time"":499},{""stimulus"":""img/1to3/6.png"",""time"":607},{""stimulus"":""img/1to3/7.png"",""time"":703},{""stimulus"":""img/1to3/8.png"",""time"":798},{""stimulus"":""img/1to3/9.png"",""time"":893},{""stimulus"":""img/1to3/10.png"",""time"":1005},{""stimulus"":""img/1to3/11.png"",""time"":1099},{""stimulus"":""img/1to3/12.png"",""time"":1189}]","[]"
"image-keyboard-response","20","91087","0.0-5.0-1.8","63652b3ed1f35f8e04325845","bdp_cybrbll","Mon Mar 27 2023 10:14:12 GMT-0400 (Eastern Daylight Time)","476115","1","3","","null","","","","observe","","img/3to2/1.png","null","217","607","0.5","0.5","3","2","",""
"animation","21","92378","0.0-5.0-2.8","63652b3ed1f35f8e04325845","bdp_cybrbll","Mon Mar 27 2023 10:14:12 GMT-0400 (Eastern Daylight Time)","476115","1","3","","","","","","","","","","217","","","","3","2","[{""stimulus"":""img/3to2/1.png"",""time"":109},{""stimulus"":""img/3to2/2.png"",""time"":199},{""stimulus"":""img/3to2/3.png"",""time"":312},{""stimulus"":""img/3to2/4.png"",""time"":407},{""stimulus"":""img/3to2/5.png"",""time"":496},{""stimulus"":""img/3to2/6.png"",""time"":599},{""stimulus"":""img/3to2/7.png"",""time"":707},{""stimulus"":""img/3to2/8.png"",""time"":793},{""stimulus"":""img/3to2/9.png"",""time"":894},{""stimulus"":""img/3to2/10.png"",""time"":991},{""stimulus"":""img/3to2/11.png"",""time"":1105},{""stimulus"":""img/3to2/12.png"",""time"":1197}]","[]"
"image-keyboard-response","22","92954","0.0-5.0-1.9","63652b3ed1f35f8e04325845","bdp_cybrbll","Mon Mar 27 2023 10:14:12 GMT-0400 (Eastern Daylight Time)","476115","1","3","","575","","","","choice","","img/2to1/1.png","1","216","279","0.5","0.5","2","1","",""
"animation","23","94252","0.0-5.0-2.9","63652b3ed1f35f8e04325845","bdp_cybrbll","Mon Mar 27 2023 10:14:12 GMT-0400 (Eastern Daylight Time)","476115","1","3","","","","","","","","","","216","","","","2","1","[{""stimulus"":""img/2to1/1.png"",""time"":100},{""stimulus"":""img/2to1/2.png"",""time"":208},{""stimulus"":""img/2to1/3.png"",""time"":300},{""stimulus"":""img/2to1/4.png"",""time"":409},{""stimulus"":""img/2to1/5.png"",""time"":502},{""stimulus"":""img/2to1/6.png"",""time"":595},{""stimulus"":""img/2to1/7.png"",""time"":702},{""stimulus"":""img/2to1/8.png"",""time"":795},{""stimulus"":""img/2to1/9.png"",""time"":904},{""stimulus"":""img/2to1/10.png"",""time"":999},{""stimulus"":""img/2to1/11.png"",""time"":1094},{""stimulus"":""img/2to1/12.png"",""time"":1189}]","[]"
"image-keyboard-response","24","94802","0.0-5.0-1.10","63652b3ed1f35f8e04325845","bdp_cybrbll","Mon Mar 27 2023 10:14:12 GMT-0400 (Eastern Daylight Time)","476115","1","3","","null","","","","observe","","img/1to3/1.png","null","215","546","0.5","0.5","1","3","",""
"animation","25","96100","0.0-5.0-2.10","63652b3ed1f35f8e04325845","bdp_cybrbll","Mon Mar 27 2023 10:14:12 GMT-0400 (Eastern Daylight Time)","476115","1","3","","","","","","","","","","215","","","","1","3","[{""stimulus"":""img/1to3/1.png"",""time"":108},{""stimulus"":""img/1to3/2.png"",""time"":204},{""stimulus"":""img/1to3/3.png"",""time"":298},{""stimulus"":""img/1to3/4.png"",""time"":407},{""stimulus"":""img/1to3/5.png"",""time"":500},{""stimulus"":""img/1to3/6.png"",""time"":609},{""stimulus"":""img/1to3/7.png"",""time"":703},{""stimulus"":""img/1to3/8.png"",""time"":793},{""stimulus"":""img/1to3/9.png"",""time"":905},{""stimulus"":""img/1to3/10.png"",""time"":997},{""stimulus"":""img/1to3/11.png"",""time"":1091},{""stimulus"":""img/1to3/12.png"",""time"":1202}]","[]"
"image-keyboard-response","26","96567","0.0-5.0-1.11","63652b3ed1f35f8e04325845","bdp_cybrbll","Mon Mar 27 2023 10:14:12 GMT-0400 (Eastern Daylight Time)","476115","1","3","","null","","","","observe","","img/3to2/1.png","null","214","463","0.5","0.5","3","2","",""
"animation","27","97861","0.0-5.0-2.11","63652b3ed1f35f8e04325845","bdp_cybrbll","Mon Mar 27 2023 10:14:12 GMT-0400 (Eastern Daylight Time)","476115","1","3","","","","","","","","","","214","","","","3","2","[{""stimulus"":""img/3to2/1.png"",""time"":113},{""stimulus"":""img/3to2/2.png"",""time"":199},{""stimulus"":""img/3to2/3.png"",""time"":298},{""stimulus"":""img/3to2/4.png"",""time"":408},{""stimulus"":""img/3to2/5.png"",""time"":501},{""stimulus"":""img/3to2/6.png"",""time"":603},{""stimulus"":""img/3to2/7.png"",""time"":693},{""stimulus"":""img/3to2/8.png"",""time"":806},{""stimulus"":""img/3to2/9.png"",""time"":901},{""stimulus"":""img/3to2/10.png"",""time"":991},{""stimulus"":""img/3to2/11.png"",""time"":1092},{""stimulus"":""img/3to2/12.png"",""time"":1201}]","[]"
"image-keyboard-response","28","98122","0.0-5.0-1.12","63652b3ed1f35f8e04325845","bdp_cybrbll","Mon Mar 27 2023 10:14:12 GMT-0400 (Eastern Daylight Time)","476115","1","3","","260","","","","choice","","img/2to1/1.png","2","213","450","0.5","0.5","2","3","",""
"animation","29","99416","0.0-5.0-2.12","63652b3ed1f35f8e04325845","bdp_cybrbll","Mon Mar 27 2023 10:14:12 GMT-0400 (Eastern Daylight Time)","476115","1","3","","","","","","","","","","213","","","","2","3","[{""stimulus"":""img/2to3/1.png"",""time"":101},{""stimulus"":""img/2to3/2.png"",""time"":200},{""stimulus"":""img/2to3/3.png"",""time"":308},{""stimulus"":""img/2to3/4.png"",""time"":403},{""stimulus"":""img/2to3/5.png"",""time"":510},{""stimulus"":""img/2to3/6.png"",""time"":597},{""stimulus"":""img/2to3/7.png"",""time"":705},{""stimulus"":""img/2to3/8.png"",""time"":799},{""stimulus"":""img/2to3/9.png"",""time"":893},{""stimulus"":""img/2to3/10.png"",""time"":999},{""stimulus"":""img/2to3/11.png"",""time"":1093},{""stimulus"":""img/2to3/12.png"",""time"":1200}]","[]"
"image-keyboard-response","30","100067","0.0-5.0-1.13","63652b3ed1f35f8e04325845","bdp_cybrbll","Mon Mar 27 2023 10:14:12 GMT-0400 (Eastern Daylight Time)","476115","1","3","","null","","","","observe","","img/3to2/1.png","null","212","650","0.5","0.5","3","2","",""
"animation","31","101354","0.0-5.0-2.13","63652b3ed1f35f8e04325845","bdp_cybrbll","Mon Mar 27 2023 10:14:12 GMT-0400 (Eastern Daylight Time)","476115","1","3","","","","","","","","","","212","","","","3","2","[{""stimulus"":""img/3to2/1.png"",""time"":102},{""stimulus"":""img/3to2/2.png"",""time"":198},{""stimulus"":""img/3to2/3.png"",""time"":304},{""stimulus"":""img/3to2/4.png"",""time"":398},{""stimulus"":""img/3to2/5.png"",""time"":509},{""stimulus"":""img/3to2/6.png"",""time"":601},{""stimulus"":""img/3to2/7.png"",""time"":701},{""stimulus"":""img/3to2/8.png"",""time"":792},{""stimulus"":""img/3to2/9.png"",""time"":904},{""stimulus"":""img/3to2/10.png"",""time"":990},{""stimulus"":""img/3to2/11.png"",""time"":1104},{""stimulus"":""img/3to2/12.png"",""time"":1189}]","[]"
"image-keyboard-response","32","101369","0.0-5.0-1.14","63652b3ed1f35f8e04325845","bdp_cybrbll","Mon Mar 27 2023 10:14:12 GMT-0400 (Eastern Daylight Time)","476115","1","3","","15","","","","choice","","img/2to1/1.png","1","211","526","0.5","0.5","2","1","",""
"animation","33","102657","0.0-5.0-2.14","63652b3ed1f35f8e04325845","bdp_cybrbll","Mon Mar 27 2023 10:14:12 GMT-0400 (Eastern Daylight Time)","476115","1","3","","","","","","","","","","211","","","","2","1","[{""stimulus"":""img/2to1/1.png"",""time"":99},{""stimulus"":""img/2to1/2.png"",""time"":199},{""stimulus"":""img/2to1/3.png"",""time"":299},{""stimulus"":""img/2to1/4.png"",""time"":396},{""stimulus"":""img/2to1/5.png"",""time"":505},{""stimulus"":""img/2to1/6.png"",""time"":594},{""stimulus"":""img/2to1/7.png"",""time"":694},{""stimulus"":""img/2to1/8.png"",""time"":805},{""stimulus"":""img/2to1/9.png"",""time"":891},{""stimulus"":""img/2to1/10.png"",""time"":992},{""stimulus"":""img/2to1/11.png"",""time"":1099},{""stimulus"":""img/2to1/12.png"",""time"":1194}]","[]"
"image-keyboard-response","34","103034","0.0-5.0-1.15","63652b3ed1f35f8e04325845","bdp_cybrbll","Mon Mar 27 2023 10:14:12 GMT-0400 (Eastern Daylight Time)","476115","1","3","","null","","","","observe","","img/1to3/1.png","null","210","369","0.5","0.5","1","2","",""
"animation","35","104322","0.0-5.0-2.15","63652b3ed1f35f8e04325845","bdp_cybrbll","Mon Mar 27 2023 10:14:12 GMT-0400 (Eastern Daylight Time)","476115","1","3","","","","","","","","","","210","","","","1","2","[{""stimulus"":""img/1to2/1.png"",""time"":107},{""stimulus"":""img/1to2/2.png"",""time"":210},{""stimulus"":""img/1to2/3.png"",""time"":303},{""stimulus"":""img/1to2/4.png"",""time"":397},{""stimulus"":""img/1to2/5.png"",""time"":506},{""stimulus"":""img/1to2/6.png"",""time"":594},{""stimulus"":""img/1to2/7.png"",""time"":716},{""stimulus"":""img/1to2/8.png"",""time"":794},{""stimulus"":""img/1to2/9.png"",""time"":902},{""stimulus"":""img/1to2/10.png"",""time"":996},{""stimulus"":""img/1to2/11.png"",""time"":1090},{""stimulus"":""img/1to2/12.png"",""time"":1188}]","[]"
"image-keyboard-response","36","104450","0.0-5.0-1.16","63652b3ed1f35f8e04325845","bdp_cybrbll","Mon Mar 27 2023 10:14:12 GMT-0400 (Eastern Daylight Time)","476115","1","3","","128","","","","choice","","img/2to1/1.png","2","209","317","0.5","0.5","2","3","",""
"animation","37","105745","0.0-5.0-2.16","63652b3ed1f35f8e04325845","bdp_cybrbll","Mon Mar 27 2023 10:14:12 GMT-0400 (Eastern Daylight Time)","476115","1","3","","","","","","","","","","209","","","","2","3","[{""stimulus"":""img/2to3/1.png"",""time"":99},{""stimulus"":""img/2to3/2.png"",""time"":202},{""stimulus"":""img/2to3/3.png"",""time"":316},{""stimulus"":""img/2to3/4.png"",""time"":409},{""stimulus"":""img/2to3/5.png"",""time"":495},{""stimulus"":""img/2to3/6.png"",""time"":595},{""stimulus"":""img/2to3/7.png"",""time"":694},{""stimulus"":""img/2to3/8.png"",""time"":800},{""stimulus"":""img/2to3/9.png"",""time"":893},{""stimulus"":""img/2to3/10.png"",""time"":991},{""stimulus"":""img/2to3/11.png"",""time"":1090},{""stimulus"":""img/2to3/12.png"",""time"":1189}]","[]"
"image-keyboard-response","38","106179","0.0-5.0-1.17","63652b3ed1f35f8e04325845","bdp_cybrbll","Mon Mar 27 2023 10:14:12 GMT-0400 (Eastern Daylight Time)","476115","1","3","","null","","","","observe","","img/3to2/1.png","null","208","432","0.5","0.5","3","1","",""
"animation","39","107468","0.0-5.0-2.17","63652b3ed1f35f8e04325845","bdp_cybrbll","Mon Mar 27 2023 10:14:12 GMT-0400 (Eastern Daylight Time)","476115","1","3","","","","","","","","","","208","","","","3","1","[{""stimulus"":""img/3to1/1.png"",""time"":113},{""stimulus"":""img/3to1/2.png"",""time"":199},{""stimulus"":""img/3to1/3.png"",""time"":298},{""stimulus"":""img/3to1/4.png"",""time"":397},{""stimulus"":""img/3to1/5.png"",""time"":496},{""stimulus"":""img/3to1/6.png"",""time"":595},{""stimulus"":""img/3to1/7.png"",""time"":705},{""stimulus"":""img/3to1/8.png"",""time"":798},{""stimulus"":""img/3to1/9.png"",""time"":892},{""stimulus"":""img/3to1/10.png"",""time"":999},{""stimulus"":""img/3to1/11.png"",""time"":1090},{""stimulus"":""img/3to1/12.png"",""time"":1195}]","[]"
"image-keyboard-response","40","108861","0.0-5.0-1.18","63652b3ed1f35f8e04325845","bdp_cybrbll","Mon Mar 27 2023 10:14:12 GMT-0400 (Eastern Daylight Time)","476115","1","3","","null","","","","observe","","img/1to3/1.png","null","207","1390","0.5","0.5","1","2","",""
"animation","41","110154","0.0-5.0-2.18","63652b3ed1f35f8e04325845","bdp_cybrbll","Mon Mar 27 2023 10:14:12 GMT-0400 (Eastern Daylight Time)","476115","1","3","","","","","","","","","","207","","","","1","2","[{""stimulus"":""img/1to2/1.png"",""time"":109},{""stimulus"":""img/1to2/2.png"",""time"":202},{""stimulus"":""img/1to2/3.png"",""time"":298},{""stimulus"":""img/1to2/4.png"",""time"":405},{""stimulus"":""img/1to2/5.png"",""time"":507},{""stimulus"":""img/1to2/6.png"",""time"":601},{""stimulus"":""img/1to2/7.png"",""time"":694},{""stimulus"":""img/1to2/8.png"",""time"":802},{""stimulus"":""img/1to2/9.png"",""time"":897},{""stimulus"":""img/1to2/10.png"",""time"":1013},{""stimulus"":""img/1to2/11.png"",""time"":1090},{""stimulus"":""img/1to2/12.png"",""time"":1199}]","[]"
"image-keyboard-response","42","110578","0.0-5.0-1.19","63652b3ed1f35f8e04325845","bdp_cybrbll","Mon Mar 27 2023 10:14:12 GMT-0400 (Eastern Daylight Time)","476115","1","3","","424","","","","choice","","img/2to1/1.png","1","206","499","0.5","0.5","2","1","",""
"animation","43","111872","0.0-5.0-2.19","63652b3ed1f35f8e04325845","bdp_cybrbll","Mon Mar 27 2023 10:14:12 GMT-0400 (Eastern Daylight Time)","476115","1","3","","","","","","","","","","206","","","","2","1","[{""stimulus"":""img/2to1/1.png"",""time"":101},{""stimulus"":""img/2to1/2.png"",""time"":207},{""stimulus"":""img/2to1/3.png"",""time"":305},{""stimulus"":""img/2to1/4.png"",""time"":397},{""stimulus"":""img/2to1/5.png"",""time"":508},{""stimulus"":""img/2to1/6.png"",""time"":602},{""stimulus"":""img/2to1/7.png"",""time"":693},{""stimulus"":""img/2to1/8.png"",""time"":812},{""stimulus"":""img/2to1/9.png"",""time"":904},{""stimulus"":""img/2to1/10.png"",""time"":991},{""stimulus"":""img/2to1/11.png"",""time"":1091},{""stimulus"":""img/2to1/12.png"",""time"":1201}]","[]"
"image-keyboard-response","44","112228","0.0-5.0-1.20","63652b3ed1f35f8e04325845","bdp_cybrbll","Mon Mar 27 2023 10:14:12 GMT-0400 (Eastern Daylight Time)","476115","1","3","","null","","","","observe","","img/1to3/1.png","null","205","354","0.5","0.5","1","2","",""
"animation","45","113524","0.0-5.0-2.20","63652b3ed1f35f8e04325845","bdp_cybrbll","Mon Mar 27 2023 10:14:12 GMT-0400 (Eastern Daylight Time)","476115","1","3","","","","","","","","","","205","","","","1","2","[{""stimulus"":""img/1to2/1.png"",""time"":110},{""stimulus"":""img/1to2/2.png"",""time"":204},{""stimulus"":""img/1to2/3.png"",""time"":312},{""stimulus"":""img/1to2/4.png"",""time"":404},{""stimulus"":""img/1to2/5.png"",""time"":496},{""stimulus"":""img/1to2/6.png"",""time"":609},{""stimulus"":""img/1to2/7.png"",""time"":695},{""stimulus"":""img/1to2/8.png"",""time"":803},{""stimulus"":""img/1to2/9.png"",""time"":891},{""stimulus"":""img/1to2/10.png"",""time"":991},{""stimulus"":""img/1to2/11.png"",""time"":1090},{""stimulus"":""img/1to2/12.png"",""time"":1190}]","[]"
"image-keyboard-response","46","113809","0.0-5.0-1.21","63652b3ed1f35f8e04325845","bdp_cybrbll","Mon Mar 27 2023 10:14:12 GMT-0400 (Eastern Daylight Time)","476115","1","3","","285","","","","choice","","img/2to1/1.png","2","204","177","0.5","0.5","2","3","",""
"animation","47","115101","0.0-5.0-2.21","63652b3ed1f35f8e04325845","bdp_cybrbll","Mon Mar 27 2023 10:14:12 GMT-0400 (Eastern Daylight Time)","476115","1","3","","","","","","","","","","204","","","","2","3","[{""stimulus"":""img/2to3/1.png"",""time"":110},{""stimulus"":""img/2to3/2.png"",""time"":202},{""stimulus"":""img/2to3/3.png"",""time"":311},{""stimulus"":""img/2to3/4.png"",""time"":405},{""stimulus"":""img/2to3/5.png"",""time"":497},{""stimulus"":""img/2to3/6.png"",""time"":607},{""stimulus"":""img/2to3/7.png"",""time"":700},{""stimulus"":""img/2to3/8.png"",""time"":795},{""stimulus"":""img/2to3/9.png"",""time"":892},{""stimulus"":""img/2to3/10.png"",""time"":998},{""stimulus"":""img/2to3/11.png"",""time"":1091},{""stimulus"":""img/2to3/12.png"",""time"":1199}]","[]"
"image-keyboard-response","48","116014","0.0-5.0-1.22","63652b3ed1f35f8e04325845","bdp_cybrbll","Mon Mar 27 2023 10:14:12 GMT-0400 (Eastern Daylight Time)","476115","1","3","","null","","","","observe","","img/3to2/1.png","null","203","896","0.5","0.5","3","2","",""
"animation","49","117315","0.0-5.0-2.22","63652b3ed1f35f8e04325845","bdp_cybrbll","Mon Mar 27 2023 10:14:12 GMT-0400 (Eastern Daylight Time)","476115","1","3","","","","","","","","","","203","","","","3","2","[{""stimulus"":""img/3to2/1.png"",""time"":107},{""stimulus"":""img/3to2/2.png"",""time"":200},{""stimulus"":""img/3to2/3.png"",""time"":313},{""stimulus"":""img/3to2/4.png"",""time"":397},{""stimulus"":""img/3to2/5.png"",""time"":499},{""stimulus"":""img/3to2/6.png"",""time"":607},{""stimulus"":""img/3to2/7.png"",""time"":699},{""stimulus"":""img/3to2/8.png"",""time"":808},{""stimulus"":""img/3to2/9.png"",""time"":891},{""stimulus"":""img/3to2/10.png"",""time"":991},{""stimulus"":""img/3to2/11.png"",""time"":1097},{""stimulus"":""img/3to2/12.png"",""time"":1188}]","[]"
"image-keyboard-response","50","117994","0.0-5.0-1.23","63652b3ed1f35f8e04325845","bdp_cybrbll","Mon Mar 27 2023 10:14:12 GMT-0400 (Eastern Daylight Time)","476115","1","3","","678","","","","choice","","img/2to1/1.png","1","202","848","0.5","0.5","2","1","",""
"animation","51","119281","0.0-5.0-2.23","63652b3ed1f35f8e04325845","bdp_cybrbll","Mon Mar 27 2023 10:14:12 GMT-0400 (Eastern Daylight Time)","476115","1","3","","","","","","","","","","202","","","","2","1","[{""stimulus"":""img/2to1/1.png"",""time"":100},{""stimulus"":""img/2to1/2.png"",""time"":200},{""stimulus"":""img/2to1/3.png"",""time"":310},{""stimulus"":""img/2to1/4.png"",""time"":404},{""stimulus"":""img/2to1/5.png"",""time"":504},{""stimulus"":""img/2to1/6.png"",""time"":596},{""stimulus"":""img/2to1/7.png"",""time"":694},{""stimulus"":""img/2to1/8.png"",""time"":798},{""stimulus"":""img/2to1/9.png"",""time"":907},{""stimulus"":""img/2to1/10.png"",""time"":1008},{""stimulus"":""img/2to1/11.png"",""time"":1101},{""stimulus"":""img/2to1/12.png"",""time"":1188}]","[]"
"image-keyboard-response","52","119625","0.0-5.0-1.24","63652b3ed1f35f8e04325845","bdp_cybrbll","Mon Mar 27 2023 10:14:12 GMT-0400 (Eastern Daylight Time)","476115","1","3","","null","","","","observe","","img/1to3/1.png","null","201","337","0.5","0.5","1","3","",""
"animation","53","120912","0.0-5.0-2.24","63652b3ed1f35f8e04325845","bdp_cybrbll","Mon Mar 27 2023 10:14:12 GMT-0400 (Eastern Daylight Time)","476115","1","3","","","","","","","","","","201","","","","1","3","[{""stimulus"":""img/1to3/1.png"",""time"":108},{""stimulus"":""img/1to3/2.png"",""time"":199},{""stimulus"":""img/1to3/3.png"",""time"":309},{""stimulus"":""img/1to3/4.png"",""time"":402},{""stimulus"":""img/1to3/5.png"",""time"":495},{""stimulus"":""img/1to3/6.png"",""time"":605},{""stimulus"":""img/1to3/7.png"",""time"":698},{""stimulus"":""img/1to3/8.png"",""time"":806},{""stimulus"":""img/1to3/9.png"",""time"":906},{""stimulus"":""img/1to3/10.png"",""time"":999},{""stimulus"":""img/1to3/11.png"",""time"":1092},{""stimulus"":""img/1to3/12.png"",""time"":1202}]","[]"
"image-keyboard-response","54","121176","0.0-5.0-1.25","63652b3ed1f35f8e04325845","bdp_cybrbll","Mon Mar 27 2023 10:14:12 GMT-0400 (Eastern Daylight Time)","476115","1","3","","null","","","","observe","","img/3to2/1.png","null","200","249","0.5","0.5","3","1","",""
"animation","55","122464","0.0-5.0-2.25","63652b3ed1f35f8e04325845","bdp_cybrbll","Mon Mar 27 2023 10:14:12 GMT-0400 (Eastern Daylight Time)","476115","1","3","","","","","","","","","","200","","","","3","1","[{""stimulus"":""img/3to1/1.png"",""time"":110},{""stimulus"":""img/3to1/2.png"",""time"":203},{""stimulus"":""img/3to1/3.png"",""time"":313},{""stimulus"":""img/3to1/4.png"",""time"":411},{""stimulus"":""img/3to1/5.png"",""time"":504},{""stimulus"":""img/3to1/6.png"",""time"":596},{""stimulus"":""img/3to1/7.png"",""time"":706},{""stimulus"":""img/3to1/8.png"",""time"":800},{""stimulus"":""img/3to1/9.png"",""time"":892},{""stimulus"":""img/3to1/10.png"",""time"":995},{""stimulus"":""img/3to1/11.png"",""time"":1105},{""stimulus"":""img/3to1/12.png"",""time"":1198}]","[]"
"image-keyboard-response","56","122975","0.0-5.0-1.26","63652b3ed1f35f8e04325845","bdp_cybrbll","Mon Mar 27 2023 10:14:12 GMT-0400 (Eastern Daylight Time)","476115","1","3","","null","","","","observe","","img/1to3/1.png","null","199","495","0.5","0.5","1","3","",""
"animation","57","124266","0.0-5.0-2.26","63652b3ed1f35f8e04325845","bdp_cybrbll","Mon Mar 27 2023 10:14:12 GMT-0400 (Eastern Daylight Time)","476115","1","3","","","","","","","","","","199","","","","1","3","[{""stimulus"":""img/1to3/1.png"",""time"":110},{""stimulus"":""img/1to3/2.png"",""time"":199},{""stimulus"":""img/1to3/3.png"",""time"":312},{""stimulus"":""img/1to3/4.png"",""time"":407},{""stimulus"":""img/1to3/5.png"",""time"":503},{""stimulus"":""img/1to3/6.png"",""time"":600},{""stimulus"":""img/1to3/7.png"",""time"":694},{""stimulus"":""img/1to3/8.png"",""time"":803},{""stimulus"":""img/1to3/9.png"",""time"":891},{""stimulus"":""img/1to3/10.png"",""time"":994},{""stimulus"":""img/1to3/11.png"",""time"":1100},{""stimulus"":""img/1to3/12.png"",""time"":1189}]","[]"
"image-keyboard-response","58","125261","0.0-5.0-1.27","63652b3ed1f35f8e04325845","bdp_cybrbll","Mon Mar 27 2023 10:14:12 GMT-0400 (Eastern Daylight Time)","476115","1","3","","null","","","","observe","","img/3to2/1.png","null","198","987","0.5","0.5","3","1","",""
"animation","59","126555","0.0-5.0-2.27","63652b3ed1f35f8e04325845","bdp_cybrbll","Mon Mar 27 2023 10:14:12 GMT-0400 (Eastern Daylight Time)","476115","1","3","","","","","","","","","","198","","","","3","1","[{""stimulus"":""img/3to1/1.png"",""time"":108},{""stimulus"":""img/3to1/2.png"",""time"":204},{""stimulus"":""img/3to1/3.png"",""time"":312},{""stimulus"":""img/3to1/4.png"",""time"":411},{""stimulus"":""img/3to1/5.png"",""time"":503},{""stimulus"":""img/3to1/6.png"",""time"":594},{""stimulus"":""img/3to1/7.png"",""time"":706},{""stimulus"":""img/3to1/8.png"",""time"":792},{""stimulus"":""img/3to1/9.png"",""time"":906},{""stimulus"":""img/3to1/10.png"",""time"":999},{""stimulus"":""img/3to1/11.png"",""time"":1092},{""stimulus"":""img/3to1/12.png"",""time"":1200}]","[]"
"image-keyboard-response","60","127238","0.0-5.0-1.28","63652b3ed1f35f8e04325845","bdp_cybrbll","Mon Mar 27 2023 10:14:12 GMT-0400 (Eastern Daylight Time)","476115","1","3","","null","","","","observe","","img/1to3/1.png","null","197","672","0.5","0.5","1","2","",""
"animation","61","128530","0.0-5.0-2.28","63652b3ed1f35f8e04325845","bdp_cybrbll","Mon Mar 27 2023 10:14:12 GMT-0400 (Eastern Daylight Time)","476115","1","3","","","","","","","","","","197","","","","1","2","[{""stimulus"":""img/1to2/1.png"",""time"":109},{""stimulus"":""img/1to2/2.png"",""time"":199},{""stimulus"":""img/1to2/3.png"",""time"":310},{""stimulus"":""img/1to2/4.png"",""time"":398},{""stimulus"":""img/1to2/5.png"",""time"":506},{""stimulus"":""img/1to2/6.png"",""time"":600},{""stimulus"":""img/1to2/7.png"",""time"":694},{""stimulus"":""img/1to2/8.png"",""time"":793},{""stimulus"":""img/1to2/9.png"",""time"":902},{""stimulus"":""img/1to2/10.png"",""time"":996},{""stimulus"":""img/1to2/11.png"",""time"":1105},{""stimulus"":""img/1to2/12.png"",""time"":1197}]","[]"
"image-keyboard-response","62","128650","0.0-5.0-1.29","63652b3ed1f35f8e04325845","bdp_cybrbll","Mon Mar 27 2023 10:14:12 GMT-0400 (Eastern Daylight Time)","476115","1","3","","120","","","","choice","","img/2to1/1.png","2","196","357","0.5","0.5","2","3","",""
"animation","63","129937","0.0-5.0-2.29","63652b3ed1f35f8e04325845","bdp_cybrbll","Mon Mar 27 2023 10:14:12 GMT-0400 (Eastern Daylight Time)","476115","1","3","","","","","","","","","","196","","","","2","3","[{""stimulus"":""img/2to3/1.png"",""time"":100},{""stimulus"":""img/2to3/2.png"",""time"":198},{""stimulus"":""img/2to3/3.png"",""time"":298},{""stimulus"":""img/2to3/4.png"",""time"":397},{""stimulus"":""img/2to3/5.png"",""time"":502},{""stimulus"":""img/2to3/6.png"",""time"":611},{""stimulus"":""img/2to3/7.png"",""time"":703},{""stimulus"":""img/2to3/8.png"",""time"":793},{""stimulus"":""img/2to3/9.png"",""time"":905},{""stimulus"":""img/2to3/10.png"",""time"":998},{""stimulus"":""img/2to3/11.png"",""time"":1092},{""stimulus"":""img/2to3/12.png"",""time"":1202}]","[]"
"image-keyboard-response","64","130284","0.0-5.0-1.30","63652b3ed1f35f8e04325845","bdp_cybrbll","Mon Mar 27 2023 10:14:12 GMT-0400 (Eastern Daylight Time)","476115","1","3","","null","","","","observe","","img/3to2/1.png","null","195","335","0.5","0.5","3","2","",""
"animation","65","131571","0.0-5.0-2.30","63652b3ed1f35f8e04325845","bdp_cybrbll","Mon Mar 27 2023 10:14:12 GMT-0400 (Eastern Daylight Time)","476115","1","3","","","","","","","","","","195","","","","3","2","[{""stimulus"":""img/3to2/1.png"",""time"":109},{""stimulus"":""img/3to2/2.png"",""time"":199},{""stimulus"":""img/3to2/3.png"",""time"":311},{""stimulus"":""img/3to2/4.png"",""time"":399},{""stimulus"":""img/3to2/5.png"",""time"":508},{""stimulus"":""img/3to2/6.png"",""time"":601},{""stimulus"":""img/3to2/7.png"",""time"":694},{""stimulus"":""img/3to2/8.png"",""time"":805},{""stimulus"":""img/3to2/9.png"",""time"":904},{""stimulus"":""img/3to2/10.png"",""time"":997},{""stimulus"":""img/3to2/11.png"",""time"":1090},{""stimulus"":""img/3to2/12.png"",""time"":1200}]","[]"
"image-keyboard-response","66","131666","0.0-5.0-1.31","63652b3ed1f35f8e04325845","bdp_cybrbll","Mon Mar 27 2023 10:14:12 GMT-0400 (Eastern Daylight Time)","476115","1","3","","93","","","","choice","","img/2to1/1.png","1","194","589","0.5","0.5","2","1","",""
"animation","67","132964","0.0-5.0-2.31","63652b3ed1f35f8e04325845","bdp_cybrbll","Mon Mar 27 2023 10:14:12 GMT-0400 (Eastern Daylight Time)","476115","1","3","","","","","","","","","","194","","","","2","1","[{""stimulus"":""img/2to1/1.png"",""time"":111},{""stimulus"":""img/2to1/2.png"",""time"":203},{""stimulus"":""img/2to1/3.png"",""time"":297},{""stimulus"":""img/2to1/4.png"",""time"":405},{""stimulus"":""img/2to1/5.png"",""time"":499},{""stimulus"":""img/2to1/6.png"",""time"":595},{""stimulus"":""img/2to1/7.png"",""time"":694},{""stimulus"":""img/2to1/8.png"",""time"":801},{""stimulus"":""img/2to1/9.png"",""time"":896},{""stimulus"":""img/2to1/10.png"",""time"":1004},{""stimulus"":""img/2to1/11.png"",""time"":1089},{""stimulus"":""img/2to1/12.png"",""time"":1190}]","[]"
"image-keyboard-response","68","133848","0.0-5.0-1.32","63652b3ed1f35f8e04325845","bdp_cybrbll","Mon Mar 27 2023 10:14:12 GMT-0400 (Eastern Daylight Time)","476115","1","3","","null","","","","observe","","img/1to3/1.png","null","193","871","0.5","0.5","1","3","",""
"animation","69","135143","0.0-5.0-2.32","63652b3ed1f35f8e04325845","bdp_cybrbll","Mon Mar 27 2023 10:14:12 GMT-0400 (Eastern Daylight Time)","476115","1","3","","","","","","","","","","193","","","","1","3","[{""stimulus"":""img/1to3/1.png"",""time"":109},{""stimulus"":""img/1to3/2.png"",""time"":199},{""stimulus"":""img/1to3/3.png"",""time"":312},{""stimulus"":""img/1to3/4.png"",""time"":398},{""stimulus"":""img/1to3/5.png"",""time"":507},{""stimulus"":""img/1to3/6.png"",""time"":600},{""stimulus"":""img/1to3/7.png"",""time"":695},{""stimulus"":""img/1to3/8.png"",""time"":803},{""stimulus"":""img/1to3/9.png"",""time"":892},{""stimulus"":""img/1to3/10.png"",""time"":998},{""stimulus"":""img/1to3/11.png"",""time"":1090},{""stimulus"":""img/1to3/12.png"",""time"":1201}]","[]"
"image-keyboard-response","70","135725","0.0-5.0-1.33","63652b3ed1f35f8e04325845","bdp_cybrbll","Mon Mar 27 2023 10:14:12 GMT-0400 (Eastern Daylight Time)","476115","1","3","","null","","","","observe","","img/3to2/1.png","null","192","576","0.5","0.5","3","2","",""
"animation","71","137012","0.0-5.0-2.33","63652b3ed1f35f8e04325845","bdp_cybrbll","Mon Mar 27 2023 10:14:12 GMT-0400 (Eastern Daylight Time)","476115","1","3","","","","","","","","","","192","","","","3","2","[{""stimulus"":""img/3to2/1.png"",""time"":103},{""stimulus"":""img/3to2/2.png"",""time"":199},{""stimulus"":""img/3to2/3.png"",""time"":298},{""stimulus"":""img/3to2/4.png"",""time"":397},{""stimulus"":""img/3to2/5.png"",""time"":507},{""stimulus"":""img/3to2/6.png"",""time"":600},{""stimulus"":""img/3to2/7.png"",""time"":708},{""stimulus"":""img/3to2/8.png"",""time"":800},{""stimulus"":""img/3to2/9.png"",""time"":892},{""stimulus"":""img/3to2/10.png"",""time"":1001},{""stimulus"":""img/3to2/11.png"",""time"":1093},{""stimulus"":""img/3to2/12.png"",""time"":1201}]","[]"
"image-keyboard-response","72","137146","0.0-5.0-1.34","63652b3ed1f35f8e04325845","bdp_cybrbll","Mon Mar 27 2023 10:14:12 GMT-0400 (Eastern Daylight Time)","476115","1","3","","133","","","","choice","","img/2to1/1.png","2","191","1163","0.5","0.5","2","3","",""
"animation","73","138433","0.0-5.0-2.34","63652b3ed1f35f8e04325845","bdp_cybrbll","Mon Mar 27 2023 10:14:12 GMT-0400 (Eastern Daylight Time)","476115","1","3","","","","","","","","","","191","","","","2","3","[{""stimulus"":""img/2to3/1.png"",""time"":100},{""stimulus"":""img/2to3/2.png"",""time"":205},{""stimulus"":""img/2to3/3.png"",""time"":299},{""stimulus"":""img/2to3/4.png"",""time"":409},{""stimulus"":""img/2to3/5.png"",""time"":500},{""stimulus"":""img/2to3/6.png"",""time"":609},{""stimulus"":""img/2to3/7.png"",""time"":703},{""stimulus"":""img/2to3/8.png"",""time"":796},{""stimulus"":""img/2to3/9.png"",""time"":905},{""stimulus"":""img/2to3/10.png"",""time"":1000},{""stimulus"":""img/2to3/11.png"",""time"":1091},{""stimulus"":""img/2to3/12.png"",""time"":1195}]","[]"
"image-keyboard-response","74","138760","0.0-5.0-1.35","63652b3ed1f35f8e04325845","bdp_cybrbll","Mon Mar 27 2023 10:14:12 GMT-0400 (Eastern Daylight Time)","476115","1","3","","null","","","","observe","","img/3to2/1.png","null","190","325","0.5","0.5","3","1","",""
"animation","75","140048","0.0-5.0-2.35","63652b3ed1f35f8e04325845","bdp_cybrbll","Mon Mar 27 2023 10:14:12 GMT-0400 (Eastern Daylight Time)","476115","1","3","","","","","","","","","","190","","","","3","1","[{""stimulus"":""img/3to1/1.png"",""time"":114},{""stimulus"":""img/3to1/2.png"",""time"":207},{""stimulus"":""img/3to1/3.png"",""time"":300},{""stimulus"":""img/3to1/4.png"",""time"":397},{""stimulus"":""img/3to1/5.png"",""time"":504},{""stimulus"":""img/3to1/6.png"",""time"":609},{""stimulus"":""img/3to1/7.png"",""time"":702},{""stimulus"":""img/3to1/8.png"",""time"":793},{""stimulus"":""img/3to1/9.png"",""time"":904},{""stimulus"":""img/3to1/10.png"",""time"":997},{""stimulus"":""img/3to1/11.png"",""time"":1090},{""stimulus"":""img/3to1/12.png"",""time"":1194}]","[]"
"image-keyboard-response","76","140374","0.0-5.0-1.36","63652b3ed1f35f8e04325845","bdp_cybrbll","Mon Mar 27 2023 10:14:12 GMT-0400 (Eastern Daylight Time)","476115","1","3","","null","","","","observe","","img/1to3/1.png","null","189","317","0.5","0.5","1","2","",""
"animation","77","141672","0.0-5.0-2.36","63652b3ed1f35f8e04325845","bdp_cybrbll","Mon Mar 27 2023 10:14:12 GMT-0400 (Eastern Daylight Time)","476115","1","3","","","","","","","","","","189","","","","1","2","[{""stimulus"":""img/1to2/1.png"",""time"":108},{""stimulus"":""img/1to2/2.png"",""time"":203},{""stimulus"":""img/1to2/3.png"",""time"":298},{""stimulus"":""img/1to2/4.png"",""time"":405},{""stimulus"":""img/1to2/5.png"",""time"":496},{""stimulus"":""img/1to2/6.png"",""time"":601},{""stimulus"":""img/1to2/7.png"",""time"":694},{""stimulus"":""img/1to2/8.png"",""time"":804},{""stimulus"":""img/1to2/9.png"",""time"":892},{""stimulus"":""img/1to2/10.png"",""time"":991},{""stimulus"":""img/1to2/11.png"",""time"":1090},{""stimulus"":""img/1to2/12.png"",""time"":1190}]","[]"
"image-keyboard-response","78","142193","0.0-5.0-1.37","63652b3ed1f35f8e04325845","bdp_cybrbll","Mon Mar 27 2023 10:14:12 GMT-0400 (Eastern Daylight Time)","476115","1","3","","520","","","","choice","","img/2to1/1.png","2","188","480","0.5","0.5","2","3","",""
"animation","79","143481","0.0-5.0-2.37","63652b3ed1f35f8e04325845","bdp_cybrbll","Mon Mar 27 2023 10:14:12 GMT-0400 (Eastern Daylight Time)","476115","1","3","","","","","","","","","","188","","","","2","3","[{""stimulus"":""img/2to3/1.png"",""time"":100},{""stimulus"":""img/2to3/2.png"",""time"":212},{""stimulus"":""img/2to3/3.png"",""time"":306},{""stimulus"":""img/2to3/4.png"",""time"":396},{""stimulus"":""img/2to3/5.png"",""time"":496},{""stimulus"":""img/2to3/6.png"",""time"":606},{""stimulus"":""img/2to3/7.png"",""time"":693},{""stimulus"":""img/2to3/8.png"",""time"":800},{""stimulus"":""img/2to3/9.png"",""time"":893},{""stimulus"":""img/2to3/10.png"",""time"":1003},{""stimulus"":""img/2to3/11.png"",""time"":1089},{""stimulus"":""img/2to3/12.png"",""time"":1200}]","[]"
"image-keyboard-response","80","144000","0.0-5.0-1.38","63652b3ed1f35f8e04325845","bdp_cybrbll","Mon Mar 27 2023 10:14:12 GMT-0400 (Eastern Daylight Time)","476115","1","3","","null","","","","observe","","img/3to2/1.png","null","187","518","0.5","0.5","3","2","",""
"animation","81","145299","0.0-5.0-2.38","63652b3ed1f35f8e04325845","bdp_cybrbll","Mon Mar 27 2023 10:14:12 GMT-0400 (Eastern Daylight Time)","476115","1","3","","","","","","","","","","187","","","","3","2","[{""stimulus"":""img/3to2/1.png"",""time"":115},{""stimulus"":""img/3to2/2.png"",""time"":199},{""stimulus"":""img/3to2/3.png"",""time"":298},{""stimulus"":""img/3to2/4.png"",""time"":403},{""stimulus"":""img/3to2/5.png"",""time"":497},{""stimulus"":""img/3to2/6.png"",""time"":594},{""stimulus"":""img/3to2/7.png"",""time"":700},{""stimulus"":""img/3to2/8.png"",""time"":793},{""stimulus"":""img/3to2/9.png"",""time"":910},{""stimulus"":""img/3to2/10.png"",""time"":1003},{""stimulus"":""img/3to2/11.png"",""time"":1090},{""stimulus"":""img/3to2/12.png"",""time"":1190}]","[]"
"image-keyboard-response","82","146138","0.0-5.0-1.39","63652b3ed1f35f8e04325845","bdp_cybrbll","Mon Mar 27 2023 10:14:12 GMT-0400 (Eastern Daylight Time)","476115","1","3","","839","","","","choice","","img/2to1/1.png","1","186","243","0.5","0.5","2","1","",""
"animation","83","147425","0.0-5.0-2.39","63652b3ed1f35f8e04325845","bdp_cybrbll","Mon Mar 27 2023 10:14:12 GMT-0400 (Eastern Daylight Time)","476115","1","3","","","","","","","","","","186","","","","2","1","[{""stimulus"":""img/2to1/1.png"",""time"":100},{""stimulus"":""img/2to1/2.png"",""time"":211},{""stimulus"":""img/2to1/3.png"",""time"":300},{""stimulus"":""img/2to1/4.png"",""time"":408},{""stimulus"":""img/2to1/5.png"",""time"":502},{""stimulus"":""img/2to1/6.png"",""time"":597},{""stimulus"":""img/2to1/7.png"",""time"":694},{""stimulus"":""img/2to1/8.png"",""time"":793},{""stimulus"":""img/2to1/9.png"",""time"":903},{""stimulus"":""img/2to1/10.png"",""time"":996},{""stimulus"":""img/2to1/11.png"",""time"":1089},{""stimulus"":""img/2to1/12.png"",""time"":1202}]","[]"
"image-keyboard-response","84","147793","0.0-5.0-1.40","63652b3ed1f35f8e04325845","bdp_cybrbll","Mon Mar 27 2023 10:14:12 GMT-0400 (Eastern Daylight Time)","476115","1","3","","null","","","","observe","","img/1to3/1.png","null","185","355","0.5","0.5","1","3","",""
"animation","85","149080","0.0-5.0-2.40","63652b3ed1f35f8e04325845","bdp_cybrbll","Mon Mar 27 2023 10:14:12 GMT-0400 (Eastern Daylight Time)","476115","1","3","","","","","","","","","","185","","","","1","3","[{""stimulus"":""img/1to3/1.png"",""time"":110},{""stimulus"":""img/1to3/2.png"",""time"":204},{""stimulus"":""img/1to3/3.png"",""time"":311},{""stimulus"":""img/1to3/4.png"",""time"":405},{""stimulus"":""img/1to3/5.png"",""time"":500},{""stimulus"":""img/1to3/6.png"",""time"":608},{""stimulus"":""img/1to3/7.png"",""time"":696},{""stimulus"":""img/1to3/8.png"",""time"":805},{""stimulus"":""img/1to3/9.png"",""time"":898},{""stimulus"":""img/1to3/10.png"",""time"":991},{""stimulus"":""img/1to3/11.png"",""time"":1089},{""stimulus"":""img/1to3/12.png"",""time"":1196}]","[]"
"image-keyboard-response","86","149676","0.0-5.0-1.41","63652b3ed1f35f8e04325845","bdp_cybrbll","Mon Mar 27 2023 10:14:12 GMT-0400 (Eastern Daylight Time)","476115","1","3","","null","","","","observe","","img/3to2/1.png","null","184","585","0.5","0.5","3","2","",""
"animation","87","150975","0.0-5.0-2.41","63652b3ed1f35f8e04325845","bdp_cybrbll","Mon Mar 27 2023 10:14:12 GMT-0400 (Eastern Daylight Time)","476115","1","3","","","","","","","","","","184","","","","3","2","[{""stimulus"":""img/3to2/1.png"",""time"":109},{""stimulus"":""img/3to2/2.png"",""time"":202},{""stimulus"":""img/3to2/3.png"",""time"":320},{""stimulus"":""img/3to2/4.png"",""time"":397},{""stimulus"":""img/3to2/5.png"",""time"":496},{""stimulus"":""img/3to2/6.png"",""time"":595},{""stimulus"":""img/3to2/7.png"",""time"":695},{""stimulus"":""img/3to2/8.png"",""time"":803},{""stimulus"":""img/3to2/9.png"",""time"":897},{""stimulus"":""img/3to2/10.png"",""time"":991},{""stimulus"":""img/3to2/11.png"",""time"":1098},{""stimulus"":""img/3to2/12.png"",""time"":1192}]","[]"
"image-keyboard-response","88","151730","0.0-5.0-1.42","63652b3ed1f35f8e04325845","bdp_cybrbll","Mon Mar 27 2023 10:14:12 GMT-0400 (Eastern Daylight Time)","476115","1","3","","755","","","","choice","","img/2to1/1.png","2","183","719","0.5","0.5","2","3","",""
"animation","89","153021","0.0-5.0-2.42","63652b3ed1f35f8e04325845","bdp_cybrbll","Mon Mar 27 2023 10:14:12 GMT-0400 (Eastern Daylight Time)","476115","1","3","","","","","","","","","","183","","","","2","3","[{""stimulus"":""img/2to3/1.png"",""time"":100},{""stimulus"":""img/2to3/2.png"",""time"":210},{""stimulus"":""img/2to3/3.png"",""time"":313},{""stimulus"":""img/2to3/4.png"",""time"":407},{""stimulus"":""img/2to3/5.png"",""time"":496},{""stimulus"":""img/2to3/6.png"",""time"":595},{""stimulus"":""img/2to3/7.png"",""time"":694},{""stimulus"":""img/2to3/8.png"",""time"":794},{""stimulus"":""img/2to3/9.png"",""time"":892},{""stimulus"":""img/2to3/10.png"",""time"":991},{""stimulus"":""img/2to3/11.png"",""time"":1105},{""stimulus"":""img/2to3/12.png"",""time"":1198}]","[]"
"image-keyboard-response","90","154125","0.0-5.0-1.43","63652b3ed1f35f8e04325845","bdp_cybrbll","Mon Mar 27 2023 10:14:12 GMT-0400 (Eastern Daylight Time)","476115","1","3","","null","","","","observe","","img/3to2/1.png","null","182","1098","0.5","0.5","3","1","",""
"animation","91","155419","0.0-5.0-2.43","63652b3ed1f35f8e04325845","bdp_cybrbll","Mon Mar 27 2023 10:14:12 GMT-0400 (Eastern Daylight Time)","476115","1","3","","","","","","","","","","182","","","","3","1","[{""stimulus"":""img/3to1/1.png"",""time"":108},{""stimulus"":""img/3to1/2.png"",""time"":201},{""stimulus"":""img/3to1/3.png"",""time"":312},{""stimulus"":""img/3to1/4.png"",""time"":405},{""stimulus"":""img/3to1/5.png"",""time"":506},{""stimulus"":""img/3to1/6.png"",""time"":599},{""stimulus"":""img/3to1/7.png"",""time"":694},{""stimulus"":""img/3to1/8.png"",""time"":804},{""stimulus"":""img/3to1/9.png"",""time"":897},{""stimulus"":""img/3to1/10.png"",""time"":990},{""stimulus"":""img/3to1/11.png"",""time"":1092},{""stimulus"":""img/3to1/12.png"",""time"":1201}]","[]"
"image-keyboard-response","92","156209","0.0-5.0-1.44","63652b3ed1f35f8e04325845","bdp_cybrbll","Mon Mar 27 2023 10:14:12 GMT-0400 (Eastern Daylight Time)","476115","1","3","","null","","","","observe","","img/1to3/1.png","null","181","778","0.5","0.5","1","3","",""
"animation","93","157501","0.0-5.0-2.44","63652b3ed1f35f8e04325845","bdp_cybrbll","Mon Mar 27 2023 10:14:12 GMT-0400 (Eastern Daylight Time)","476115","1","3","","","","","","","","","","181","","","","1","3","[{""stimulus"":""img/1to3/1.png"",""time"":108},{""stimulus"":""img/1to3/2.png"",""time"":198},{""stimulus"":""img/1to3/3.png"",""time"":298},{""stimulus"":""img/1to3/4.png"",""time"":408},{""stimulus"":""img/1to3/5.png"",""time"":500},{""stimulus"":""img/1to3/6.png"",""time"":595},{""stimulus"":""img/1to3/7.png"",""time"":703},{""stimulus"":""img/1to3/8.png"",""time"":797},{""stimulus"":""img/1to3/9.png"",""time"":905},{""stimulus"":""img/1to3/10.png"",""time"":998},{""stimulus"":""img/1to3/11.png"",""time"":1089},{""stimulus"":""img/1to3/12.png"",""time"":1197}]","[]"
"image-keyboard-response","94","158097","0.0-5.0-1.45","63652b3ed1f35f8e04325845","bdp_cybrbll","Mon Mar 27 2023 10:14:12 GMT-0400 (Eastern Daylight Time)","476115","1","3","","null","","","","observe","","img/3to2/1.png","null","180","595","0.5","0.5","3","2","",""
"animation","95","159385","0.0-5.0-2.45","63652b3ed1f35f8e04325845","bdp_cybrbll","Mon Mar 27 2023 10:14:12 GMT-0400 (Eastern Daylight Time)","476115","1","3","","","","","","","","","","180","","","","3","2","[{""stimulus"":""img/3to2/1.png"",""time"":103},{""stimulus"":""img/3to2/2.png"",""time"":212},{""stimulus"":""img/3to2/3.png"",""time"":298},{""stimulus"":""img/3to2/4.png"",""time"":401},{""stimulus"":""img/3to2/5.png"",""time"":497},{""stimulus"":""img/3to2/6.png"",""time"":596},{""stimulus"":""img/3to2/7.png"",""time"":707},{""stimulus"":""img/3to2/8.png"",""time"":793},{""stimulus"":""img/3to2/9.png"",""time"":893},{""stimulus"":""img/3to2/10.png"",""time"":1003},{""stimulus"":""img/3to2/11.png"",""time"":1090},{""stimulus"":""img/3to2/12.png"",""time"":1196}]","[]"
"image-keyboard-response","96","159962","0.0-5.0-1.46","63652b3ed1f35f8e04325845","bdp_cybrbll","Mon Mar 27 2023 10:14:12 GMT-0400 (Eastern Daylight Time)","476115","1","3","","577","","","","choice","","img/2to1/1.png","1","179","276","0.5","0.5","2","1","",""
"animation","97","161249","0.0-5.0-2.46","63652b3ed1f35f8e04325845","bdp_cybrbll","Mon Mar 27 2023 10:14:12 GMT-0400 (Eastern Daylight Time)","476115","1","3","","","","","","","","","","179","","","","2","1","[{""stimulus"":""img/2to1/1.png"",""time"":99},{""stimulus"":""img/2to1/2.png"",""time"":218},{""stimulus"":""img/2to1/3.png"",""time"":311},{""stimulus"":""img/2to1/4.png"",""time"":404},{""stimulus"":""img/2to1/5.png"",""time"":496},{""stimulus"":""img/2to1/6.png"",""time"":607},{""stimulus"":""img/2to1/7.png"",""time"":694},{""stimulus"":""img/2to1/8.png"",""time"":807},{""stimulus"":""img/2to1/9.png"",""time"":891},{""stimulus"":""img/2to1/10.png"",""time"":991},{""stimulus"":""img/2to1/11.png"",""time"":1089},{""stimulus"":""img/2to1/12.png"",""time"":1188}]","[]"
"image-keyboard-response","98","161447","0.0-5.0-1.47","63652b3ed1f35f8e04325845","bdp_cybrbll","Mon Mar 27 2023 10:14:12 GMT-0400 (Eastern Daylight Time)","476115","1","3","","null","","","","observe","","img/1to3/1.png","null","178","197","0.5","0.5","1","2","",""
"animation","99","162736","0.0-5.0-2.47","63652b3ed1f35f8e04325845","bdp_cybrbll","Mon Mar 27 2023 10:14:12 GMT-0400 (Eastern Daylight Time)","476115","1","3","","","","","","","","","","178","","","","1","2","[{""stimulus"":""img/1to2/1.png"",""time"":105},{""stimulus"":""img/1to2/2.png"",""time"":214},{""stimulus"":""img/1to2/3.png"",""time"":307},{""stimulus"":""img/1to2/4.png"",""time"":396},{""stimulus"":""img/1to2/5.png"",""time"":495},{""stimulus"":""img/1to2/6.png"",""time"":602},{""stimulus"":""img/1to2/7.png"",""time"":693},{""stimulus"":""img/1to2/8.png"",""time"":796},{""stimulus"":""img/1to2/9.png"",""time"":904},{""stimulus"":""img/1to2/10.png"",""time"":990},{""stimulus"":""img/1to2/11.png"",""time"":1092},{""stimulus"":""img/1to2/12.png"",""time"":1201}]","[]"
"image-keyboard-response","100","162929","0.0-5.0-1.48","63652b3ed1f35f8e04325845","bdp_cybrbll","Mon Mar 27 2023 10:14:12 GMT-0400 (Eastern Daylight Time)","476115","1","3","","193","","","","choice","","img/2to1/1.png","2","177","408","0.5","0.5","2","3","",""
"animation","101","164217","0.0-5.0-2.48","63652b3ed1f35f8e04325845","bdp_cybrbll","Mon Mar 27 2023 10:14:12 GMT-0400 (Eastern Daylight Time)","476115","1","3","","","","","","","","","","177","","","","2","3","[{""stimulus"":""img/2to3/1.png"",""time"":102},{""stimulus"":""img/2to3/2.png"",""time"":200},{""stimulus"":""img/2to3/3.png"",""time"":309},{""stimulus"":""img/2to3/4.png"",""time"":403},{""stimulus"":""img/2to3/5.png"",""time"":510},{""stimulus"":""img/2to3/6.png"",""time"":602},{""stimulus"":""img/2to3/7.png"",""time"":694},{""stimulus"":""img/2to3/8.png"",""time"":817},{""stimulus"":""img/2to3/9.png"",""time"":892},{""stimulus"":""img/2to3/10.png"",""time"":1005},{""stimulus"":""img/2to3/11.png"",""time"":1090},{""stimulus"":""img/2to3/12.png"",""time"":1189}]","[]"
"image-keyboard-response","102","164497","0.0-5.0-1.49","63652b3ed1f35f8e04325845","bdp_cybrbll","Mon Mar 27 2023 10:14:12 GMT-0400 (Eastern Daylight Time)","476115","1","3","","null","","","","observe","","img/3to2/1.png","null","176","279","0.5","0.5","3","2","",""
"animation","103","165785","0.0-5.0-2.49","63652b3ed1f35f8e04325845","bdp_cybrbll","Mon Mar 27 2023 10:14:12 GMT-0400 (Eastern Daylight Time)","476115","1","3","","","","","","","","","","176","","","","3","2","[{""stimulus"":""img/3to2/1.png"",""time"":104},{""stimulus"":""img/3to2/2.png"",""time"":213},{""stimulus"":""img/3to2/3.png"",""time"":298},{""stimulus"":""img/3to2/4.png"",""time"":406},{""stimulus"":""img/3to2/5.png"",""time"":499},{""stimulus"":""img/3to2/6.png"",""time"":608},{""stimulus"":""img/3to2/7.png"",""time"":693},{""stimulus"":""img/3to2/8.png"",""time"":792},{""stimulus"":""img/3to2/9.png"",""time"":892},{""stimulus"":""img/3to2/10.png"",""time"":1001},{""stimulus"":""img/3to2/11.png"",""time"":1096},{""stimulus"":""img/3to2/12.png"",""time"":1204}]","[]"
"image-keyboard-response","104","165834","0.0-5.0-1.50","63652b3ed1f35f8e04325845","bdp_cybrbll","Mon Mar 27 2023 10:14:12 GMT-0400 (Eastern Daylight Time)","476115","1","3","","48","","","","choice","","img/2to1/1.png","1","175","494","0.5","0.5","2","1","",""
"animation","105","167128","0.0-5.0-2.50","63652b3ed1f35f8e04325845","bdp_cybrbll","Mon Mar 27 2023 10:14:12 GMT-0400 (Eastern Daylight Time)","476115","1","3","","","","","","","","","","175","","","","2","1","[{""stimulus"":""img/2to1/1.png"",""time"":100},{""stimulus"":""img/2to1/2.png"",""time"":204},{""stimulus"":""img/2to1/3.png"",""time"":297},{""stimulus"":""img/2to1/4.png"",""time"":407},{""stimulus"":""img/2to1/5.png"",""time"":496},{""stimulus"":""img/2to1/6.png"",""time"":604},{""stimulus"":""img/2to1/7.png"",""time"":694},{""stimulus"":""img/2to1/8.png"",""time"":807},{""stimulus"":""img/2to1/9.png"",""time"":899},{""stimulus"":""img/2to1/10.png"",""time"":996},{""stimulus"":""img/2to1/11.png"",""time"":1089},{""stimulus"":""img/2to1/12.png"",""time"":1198}]","[]"
"image-keyboard-response","106","167383","0.0-5.0-1.51","63652b3ed1f35f8e04325845","bdp_cybrbll","Mon Mar 27 2023 10:14:12 GMT-0400 (Eastern Daylight Time)","476115","1","3","","null","","","","observe","","img/1to3/1.png","null","174","235","0.5","0.5","1","2","",""
"animation","107","168678","0.0-5.0-2.51","63652b3ed1f35f8e04325845","bdp_cybrbll","Mon Mar 27 2023 10:14:12 GMT-0400 (Eastern Daylight Time)","476115","1","3","","","","","","","","","","174","","","","1","2","[{""stimulus"":""img/1to2/1.png"",""time"":114},{""stimulus"":""img/1to2/2.png"",""time"":207},{""stimulus"":""img/1to2/3.png"",""time"":297},{""stimulus"":""img/1to2/4.png"",""time"":409},{""stimulus"":""img/1to2/5.png"",""time"":501},{""stimulus"":""img/1to2/6.png"",""time"":595},{""stimulus"":""img/1to2/7.png"",""time"":703},{""stimulus"":""img/1to2/8.png"",""time"":797},{""stimulus"":""img/1to2/9.png"",""time"":906},{""stimulus"":""img/1to2/10.png"",""time"":990},{""stimulus"":""img/1to2/11.png"",""time"":1092},{""stimulus"":""img/1to2/12.png"",""time"":1201}]","[]"
"image-keyboard-response","108","168778","0.0-5.0-1.52","63652b3ed1f35f8e04325845","bdp_cybrbll","Mon Mar 27 2023 10:14:12 GMT-0400 (Eastern Daylight Time)","476115","1","3","","100","","","","choice","","img/2to1/1.png","2","173","1092","0.5","0.5","2","3","",""
"animation","109","170077","0.0-5.0-2.52","63652b3ed1f35f8e04325845","bdp_cybrbll","Mon Mar 27 2023 10:14:12 GMT-0400 (Eastern Daylight Time)","476115","1","3","","","","","","","","","","173","","","","2","3","[{""stimulus"":""img/2to3/1.png"",""time"":100},{""stimulus"":""img/2to3/2.png"",""time"":205},{""stimulus"":""img/2to3/3.png"",""time"":298},{""stimulus"":""img/2to3/4.png"",""time"":405},{""stimulus"":""img/2to3/5.png"",""time"":498},{""stimulus"":""img/2to3/6.png"",""time"":607},{""stimulus"":""img/2to3/7.png"",""time"":699},{""stimulus"":""img/2to3/8.png"",""time"":807},{""stimulus"":""img/2to3/9.png"",""time"":902},{""stimulus"":""img/2to3/10.png"",""time"":996},{""stimulus"":""img/2to3/11.png"",""time"":1097},{""stimulus"":""img/2to3/12.png"",""time"":1188}]","[]"
"image-keyboard-response","110","170364","0.0-5.0-1.53","63652b3ed1f35f8e04325845","bdp_cybrbll","Mon Mar 27 2023 10:14:12 GMT-0400 (Eastern Daylight Time)","476115","1","3","","null","","","","observe","","img/3to2/1.png","null","172","280","0.5","0.5","3","1","",""
"animation","111","171660","0.0-5.0-2.53","63652b3ed1f35f8e04325845","bdp_cybrbll","Mon Mar 27 2023 10:14:12 GMT-0400 (Eastern Daylight Time)","476115","1","3","","","","","","","","","","172","","","","3","1","[{""stimulus"":""img/3to1/1.png"",""time"":110},{""stimulus"":""img/3to1/2.png"",""time"":199},{""stimulus"":""img/3to1/3.png"",""time"":312},{""stimulus"":""img/3to1/4.png"",""time"":405},{""stimulus"":""img/3to1/5.png"",""time"":509},{""stimulus"":""img/3to1/6.png"",""time"":603},{""stimulus"":""img/3to1/7.png"",""time"":696},{""stimulus"":""img/3to1/8.png"",""time"":806},{""stimulus"":""img/3to1/9.png"",""time"":898},{""stimulus"":""img/3to1/10.png"",""time"":1001},{""stimulus"":""img/3to1/11.png"",""time"":1094},{""stimulus"":""img/3to1/12.png"",""time"":1202}]","[]"
"image-keyboard-response","112","172387","0.0-5.0-1.54","63652b3ed1f35f8e04325845","bdp_cybrbll","Mon Mar 27 2023 10:14:12 GMT-0400 (Eastern Daylight Time)","476115","1","3","","null","","","","observe","","img/1to3/1.png","null","171","714","0.5","0.5","1","3","",""
"animation","113","173683","0.0-5.0-2.54","63652b3ed1f35f8e04325845","bdp_cybrbll","Mon Mar 27 2023 10:14:12 GMT-0400 (Eastern Daylight Time)","476115","1","3","","","","","","","","","","171","","","","1","3","[{""stimulus"":""img/1to3/1.png"",""time"":109},{""stimulus"":""img/1to3/2.png"",""time"":202},{""stimulus"":""img/1to3/3.png"",""time"":310},{""stimulus"":""img/1to3/4.png"",""time"":402},{""stimulus"":""img/1to3/5.png"",""time"":507},{""stimulus"":""img/1to3/6.png"",""time"":596},{""stimulus"":""img/1to3/7.png"",""time"":694},{""stimulus"":""img/1to3/8.png"",""time"":804},{""stimulus"":""img/1to3/9.png"",""time"":897},{""stimulus"":""img/1to3/10.png"",""time"":1017},{""stimulus"":""img/1to3/11.png"",""time"":1094},{""stimulus"":""img/1to3/12.png"",""time"":1189}]","[]"
"image-keyboard-response","114","173952","0.0-5.0-1.55","63652b3ed1f35f8e04325845","bdp_cybrbll","Mon Mar 27 2023 10:14:12 GMT-0400 (Eastern Daylight Time)","476115","1","3","","null","","","","observe","","img/3to2/1.png","null","170","264","0.5","0.5","3","2","",""
"animation","115","175249","0.0-5.0-2.55","63652b3ed1f35f8e04325845","bdp_cybrbll","Mon Mar 27 2023 10:14:12 GMT-0400 (Eastern Daylight Time)","476115","1","3","","","","","","","","","","170","","","","3","2","[{""stimulus"":""img/3to2/1.png"",""time"":108},{""stimulus"":""img/3to2/2.png"",""time"":200},{""stimulus"":""img/3to2/3.png"",""time"":298},{""stimulus"":""img/3to2/4.png"",""time"":396},{""stimulus"":""img/3to2/5.png"",""time"":506},{""stimulus"":""img/3to2/6.png"",""time"":599},{""stimulus"":""img/3to2/7.png"",""time"":708},{""stimulus"":""img/3to2/8.png"",""time"":801},{""stimulus"":""img/3to2/9.png"",""time"":892},{""stimulus"":""img/3to2/10.png"",""time"":1001},{""stimulus"":""img/3to2/11.png"",""time"":1093},{""stimulus"":""img/3to2/12.png"",""time"":1189}]","[]"
"image-keyboard-response","116","175466","0.0-5.0-1.56","63652b3ed1f35f8e04325845","bdp_cybrbll","Mon Mar 27 2023 10:14:12 GMT-0400 (Eastern Daylight Time)","476115","1","3","","217","","","","choice","","img/2to1/1.png","2","169","214","0.5","0.5","2","3","",""
"animation","117","176753","0.0-5.0-2.56","63652b3ed1f35f8e04325845","bdp_cybrbll","Mon Mar 27 2023 10:14:12 GMT-0400 (Eastern Daylight Time)","476115","1","3","","","","","","","","","","169","","","","2","3","[{""stimulus"":""img/2to3/1.png"",""time"":100},{""stimulus"":""img/2to3/2.png"",""time"":208},{""stimulus"":""img/2to3/3.png"",""time"":301},{""stimulus"":""img/2to3/4.png"",""time"":412},{""stimulus"":""img/2to3/5.png"",""time"":496},{""stimulus"":""img/2to3/6.png"",""time"":599},{""stimulus"":""img/2to3/7.png"",""time"":694},{""stimulus"":""img/2to3/8.png"",""time"":802},{""stimulus"":""img/2to3/9.png"",""time"":892},{""stimulus"":""img/2to3/10.png"",""time"":994},{""stimulus"":""img/2to3/11.png"",""time"":1103},{""stimulus"":""img/2to3/12.png"",""time"":1198}]","[]"
"image-keyboard-response","118","177265","0.0-5.0-1.57","63652b3ed1f35f8e04325845","bdp_cybrbll","Mon Mar 27 2023 10:14:12 GMT-0400 (Eastern Daylight Time)","476115","1","3","","null","","","","observe","","img/3to2/1.png","null","168","500","0.5","0.5","3","2","",""
"animation","119","178552","0.0-5.0-2.57","63652b3ed1f35f8e04325845","bdp_cybrbll","Mon Mar 27 2023 10:14:12 GMT-0400 (Eastern Daylight Time)","476115","1","3","","","","","","","","","","168","","","","3","2","[{""stimulus"":""img/3to2/1.png"",""time"":109},{""stimulus"":""img/3to2/2.png"",""time"":204},{""stimulus"":""img/3to2/3.png"",""time"":298},{""stimulus"":""img/3to2/4.png"",""time"":406},{""stimulus"":""img/3to2/5.png"",""time"":500},{""stimulus"":""img/3to2/6.png"",""time"":607},{""stimulus"":""img/3to2/7.png"",""time"":693},{""stimulus"":""img/3to2/8.png"",""time"":794},{""stimulus"":""img/3to2/9.png"",""time"":903},{""stimulus"":""img/3to2/10.png"",""time"":991},{""stimulus"":""img/3to2/11.png"",""time"":1090},{""stimulus"":""img/3to2/12.png"",""time"":1189}]","[]"
"image-keyboard-response","120","178714","0.0-5.0-1.58","63652b3ed1f35f8e04325845","bdp_cybrbll","Mon Mar 27 2023 10:14:12 GMT-0400 (Eastern Daylight Time)","476115","1","3","","161","","","","choice","","img/2to1/1.png","1","167","621","0.5","0.5","2","1","",""
"animation","121","180002","0.0-5.0-2.58","63652b3ed1f35f8e04325845","bdp_cybrbll","Mon Mar 27 2023 10:14:12 GMT-0400 (Eastern Daylight Time)","476115","1","3","","","","","","","","","","167","","","","2","1","[{""stimulus"":""img/2to1/1.png"",""time"":100},{""stimulus"":""img/2to1/2.png"",""time"":199},{""stimulus"":""img/2to1/3.png"",""time"":299},{""stimulus"":""img/2to1/4.png"",""time"":406},{""stimulus"":""img/2to1/5.png"",""time"":499},{""stimulus"":""img/2to1/6.png"",""time"":594},{""stimulus"":""img/2to1/7.png"",""time"":693},{""stimulus"":""img/2to1/8.png"",""time"":793},{""stimulus"":""img/2to1/9.png"",""time"":892},{""stimulus"":""img/2to1/10.png"",""time"":990},{""stimulus"":""img/2to1/11.png"",""time"":1090},{""stimulus"":""img/2to1/12.png"",""time"":1189}]","[]"
"image-keyboard-response","122","180505","0.0-5.0-1.59","63652b3ed1f35f8e04325845","bdp_cybrbll","Mon Mar 27 2023 10:14:12 GMT-0400 (Eastern Daylight Time)","476115","1","3","","null","","","","observe","","img/1to3/1.png","null","166","501","0.5","0.5","1","3","",""
"animation","123","181793","0.0-5.0-2.59","63652b3ed1f35f8e04325845","bdp_cybrbll","Mon Mar 27 2023 10:14:12 GMT-0400 (Eastern Daylight Time)","476115","1","3","","","","","","","","","","166","","","","1","3","[{""stimulus"":""img/1to3/1.png"",""time"":110},{""stimulus"":""img/1to3/2.png"",""time"":202},{""stimulus"":""img/1to3/3.png"",""time"":298},{""stimulus"":""img/1to3/4.png"",""time"":397},{""stimulus"":""img/1to3/5.png"",""time"":495},{""stimulus"":""img/1to3/6.png"",""time"":608},{""stimulus"":""img/1to3/7.png"",""time"":693},{""stimulus"":""img/1to3/8.png"",""time"":792},{""stimulus"":""img/1to3/9.png"",""time"":903},{""stimulus"":""img/1to3/10.png"",""time"":990},{""stimulus"":""img/1to3/11.png"",""time"":1104},{""stimulus"":""img/1to3/12.png"",""time"":1196}]","[]"
"image-keyboard-response","124","182487","0.0-5.0-1.60","63652b3ed1f35f8e04325845","bdp_cybrbll","Mon Mar 27 2023 10:14:12 GMT-0400 (Eastern Daylight Time)","476115","1","3","","null","","","","observe","","img/3to2/1.png","null","165","685","0.5","0.5","3","1","",""
"animation","125","183783","0.0-5.0-2.60","63652b3ed1f35f8e04325845","bdp_cybrbll","Mon Mar 27 2023 10:14:12 GMT-0400 (Eastern Daylight Time)","476115","1","3","","","","","","","","","","165","","","","3","1","[{""stimulus"":""img/3to1/1.png"",""time"":113},{""stimulus"":""img/3to1/2.png"",""time"":205},{""stimulus"":""img/3to1/3.png"",""time"":298},{""stimulus"":""img/3to1/4.png"",""time"":397},{""stimulus"":""img/3to1/5.png"",""time"":496},{""stimulus"":""img/3to1/6.png"",""time"":601},{""stimulus"":""img/3to1/7.png"",""time"":694},{""stimulus"":""img/3to1/8.png"",""time"":803},{""stimulus"":""img/3to1/9.png"",""time"":897},{""stimulus"":""img/3to1/10.png"",""time"":991},{""stimulus"":""img/3to1/11.png"",""time"":1093},{""stimulus"":""img/3to1/12.png"",""time"":1203}]","[]"
"image-keyboard-response","126","184224","0.0-5.0-1.61","63652b3ed1f35f8e04325845","bdp_cybrbll","Mon Mar 27 2023 10:14:12 GMT-0400 (Eastern Daylight Time)","476115","1","3","","null","","","","observe","","img/1to3/1.png","null","164","434","0.5","0.5","1","3","",""
"animation","127","185512","0.0-5.0-2.61","63652b3ed1f35f8e04325845","bdp_cybrbll","Mon Mar 27 2023 10:14:12 GMT-0400 (Eastern Daylight Time)","476115","1","3","","","","","","","","","","164","","","","1","3","[{""stimulus"":""img/1to3/1.png"",""time"":108},{""stimulus"":""img/1to3/2.png"",""time"":204},{""stimulus"":""img/1to3/3.png"",""time"":311},{""stimulus"":""img/1to3/4.png"",""time"":407},{""stimulus"":""img/1to3/5.png"",""time"":499},{""stimulus"":""img/1to3/6.png"",""time"":595},{""stimulus"":""img/1to3/7.png"",""time"":694},{""stimulus"":""img/1to3/8.png"",""time"":794},{""stimulus"":""img/1to3/9.png"",""time"":894},{""stimulus"":""img/1to3/10.png"",""time"":1002},{""stimulus"":""img/1to3/11.png"",""time"":1090},{""stimulus"":""img/1to3/12.png"",""time"":1189}]","[]"
"image-keyboard-response","128","186107","0.0-5.0-1.62","63652b3ed1f35f8e04325845","bdp_cybrbll","Mon Mar 27 2023 10:14:12 GMT-0400 (Eastern Daylight Time)","476115","1","3","","null","","","","observe","","img/3to2/1.png","null","163","584","0.5","0.5","3","1","",""
"animation","129","187409","0.0-5.0-2.62","63652b3ed1f35f8e04325845","bdp_cybrbll","Mon Mar 27 2023 10:14:12 GMT-0400 (Eastern Daylight Time)","476115","1","3","","","","","","","","","","163","","","","3","1","[{""stimulus"":""img/3to1/1.png"",""time"":109},{""stimulus"":""img/3to1/2.png"",""time"":202},{""stimulus"":""img/3to1/3.png"",""time"":311},{""stimulus"":""img/3to1/4.png"",""time"":406},{""stimulus"":""img/3to1/5.png"",""time"":503},{""stimulus"":""img/3to1/6.png"",""time"":596},{""stimulus"":""img/3to1/7.png"",""time"":706},{""stimulus"":""img/3to1/8.png"",""time"":798},{""stimulus"":""img/3to1/9.png"",""time"":891},{""stimulus"":""img/3to1/10.png"",""time"":1009},{""stimulus"":""img/3to1/11.png"",""time"":1102},{""stimulus"":""img/3to1/12.png"",""time"":1189}]","[]"
"image-keyboard-response","130","188618","0.0-5.0-1.63","63652b3ed1f35f8e04325845","bdp_cybrbll","Mon Mar 27 2023 10:14:12 GMT-0400 (Eastern Daylight Time)","476115","1","3","","null","","","","observe","","img/1to3/1.png","null","162","1203","0.5","0.5","1","2","",""
"animation","131","189906","0.0-5.0-2.63","63652b3ed1f35f8e04325845","bdp_cybrbll","Mon Mar 27 2023 10:14:12 GMT-0400 (Eastern Daylight Time)","476115","1","3","","","","","","","","","","162","","","","1","2","[{""stimulus"":""img/1to2/1.png"",""time"":105},{""stimulus"":""img/1to2/2.png"",""time"":199},{""stimulus"":""img/1to2/3.png"",""time"":307},{""stimulus"":""img/1to2/4.png"",""time"":399},{""stimulus"":""img/1to2/5.png"",""time"":508},{""stimulus"":""img/1to2/6.png"",""time"":595},{""stimulus"":""img/1to2/7.png"",""time"":695},{""stimulus"":""img/1to2/8.png"",""time"":802},{""stimulus"":""img/1to2/9.png"",""time"":896},{""stimulus"":""img/1to2/10.png"",""time"":1005},{""stimulus"":""img/1to2/11.png"",""time"":1100},{""stimulus"":""img/1to2/12.png"",""time"":1193}]","[]"
"image-keyboard-response","132","190242","0.0-5.0-1.64","63652b3ed1f35f8e04325845","bdp_cybrbll","Mon Mar 27 2023 10:14:12 GMT-0400 (Eastern Daylight Time)","476115","1","3","","335","","","","choice","","img/2to1/1.png","2","161","290","0.5","0.5","2","3","",""
"animation","133","191529","0.0-5.0-2.64","63652b3ed1f35f8e04325845","bdp_cybrbll","Mon Mar 27 2023 10:14:12 GMT-0400 (Eastern Daylight Time)","476115","1","3","","","","","","","","","","161","","","","2","3","[{""stimulus"":""img/2to3/1.png"",""time"":100},{""stimulus"":""img/2to3/2.png"",""time"":212},{""stimulus"":""img/2to3/3.png"",""time"":307},{""stimulus"":""img/2to3/4.png"",""time"":399},{""stimulus"":""img/2to3/5.png"",""time"":508},{""stimulus"":""img/2to3/6.png"",""time"":599},{""stimulus"":""img/2to3/7.png"",""time"":707},{""stimulus"":""img/2to3/8.png"",""time"":801},{""stimulus"":""img/2to3/9.png"",""time"":891},{""stimulus"":""img/2to3/10.png"",""time"":997},{""stimulus"":""img/2to3/11.png"",""time"":1091},{""stimulus"":""img/2to3/12.png"",""time"":1199}]","[]"
"image-keyboard-response","134","192202","0.0-5.0-1.65","63652b3ed1f35f8e04325845","bdp_cybrbll","Mon Mar 27 2023 10:14:12 GMT-0400 (Eastern Daylight Time)","476115","1","3","","null","","","","observe","","img/3to2/1.png","null","160","663","0.5","0.5","3","2","",""
"animation","135","193504","0.0-5.0-2.65","63652b3ed1f35f8e04325845","bdp_cybrbll","Mon Mar 27 2023 10:14:12 GMT-0400 (Eastern Daylight Time)","476115","1","3","","","","","","","","","","160","","","","3","2","[{""stimulus"":""img/3to2/1.png"",""time"":108},{""stimulus"":""img/3to2/2.png"",""time"":199},{""stimulus"":""img/3to2/3.png"",""time"":311},{""stimulus"":""img/3to2/4.png"",""time"":405},{""stimulus"":""img/3to2/5.png"",""time"":505},{""stimulus"":""img/3to2/6.png"",""time"":598},{""stimulus"":""img/3to2/7.png"",""time"":694},{""stimulus"":""img/3to2/8.png"",""time"":799},{""stimulus"":""img/3to2/9.png"",""time"":893},{""stimulus"":""img/3to2/10.png"",""time"":1007},{""stimulus"":""img/3to2/11.png"",""time"":1100},{""stimulus"":""img/3to2/12.png"",""time"":1188}]","[]"
"image-keyboard-response","136","193546","0.0-5.0-1.66","63652b3ed1f35f8e04325845","bdp_cybrbll","Mon Mar 27 2023 10:14:12 GMT-0400 (Eastern Daylight Time)","476115","1","3","","42","","","","choice","","img/2to1/1.png","1","159","471","0.5","0.5","2","1","",""
"animation","137","194845","0.0-5.0-2.66","63652b3ed1f35f8e04325845","bdp_cybrbll","Mon Mar 27 2023 10:14:12 GMT-0400 (Eastern Daylight Time)","476115","1","3","","","","","","","","","","159","","","","2","1","[{""stimulus"":""img/2to1/1.png"",""time"":100},{""stimulus"":""img/2to1/2.png"",""time"":200},{""stimulus"":""img/2to1/3.png"",""time"":308},{""stimulus"":""img/2to1/4.png"",""time"":397},{""stimulus"":""img/2to1/5.png"",""time"":495},{""stimulus"":""img/2to1/6.png"",""time"":603},{""stimulus"":""img/2to1/7.png"",""time"":703},{""stimulus"":""img/2to1/8.png"",""time"":792},{""stimulus"":""img/2to1/9.png"",""time"":904},{""stimulus"":""img/2to1/10.png"",""time"":991},{""stimulus"":""img/2to1/11.png"",""time"":1090},{""stimulus"":""img/2to1/12.png"",""time"":1189}]","[]"
"image-keyboard-response","138","195003","0.0-5.0-1.67","63652b3ed1f35f8e04325845","bdp_cybrbll","Mon Mar 27 2023 10:14:12 GMT-0400 (Eastern Daylight Time)","476115","1","3","","null","","","","observe","","img/1to3/1.png","null","158","157","0.5","0.5","1","3","",""
"animation","139","196296","0.0-5.0-2.67","63652b3ed1f35f8e04325845","bdp_cybrbll","Mon Mar 27 2023 10:14:12 GMT-0400 (Eastern Daylight Time)","476115","1","3","","","","","","","","","","158","","","","1","3","[{""stimulus"":""img/1to3/1.png"",""time"":110},{""stimulus"":""img/1to3/2.png"",""time"":202},{""stimulus"":""img/1to3/3.png"",""time"":310},{""stimulus"":""img/1to3/4.png"",""time"":401},{""stimulus"":""img/1to3/5.png"",""time"":511},{""stimulus"":""img/1to3/6.png"",""time"":595},{""stimulus"":""img/1to3/7.png"",""time"":697},{""stimulus"":""img/1to3/8.png"",""time"":805},{""stimulus"":""img/1to3/9.png"",""time"":898},{""stimulus"":""img/1to3/10.png"",""time"":991},{""stimulus"":""img/1to3/11.png"",""time"":1100},{""stimulus"":""img/1to3/12.png"",""time"":1189}]","[]"
"image-keyboard-response","140","196909","0.0-5.0-1.68","63652b3ed1f35f8e04325845","bdp_cybrbll","Mon Mar 27 2023 10:14:12 GMT-0400 (Eastern Daylight Time)","476115","1","3","","null","","","","observe","","img/3to2/1.png","null","157","604","0.5","0.5","3","2","",""
"animation","141","198197","0.0-5.0-2.68","63652b3ed1f35f8e04325845","bdp_cybrbll","Mon Mar 27 2023 10:14:12 GMT-0400 (Eastern Daylight Time)","476115","1","3","","","","","","","","","","157","","","","3","2","[{""stimulus"":""img/3to2/1.png"",""time"":109},{""stimulus"":""img/3to2/2.png"",""time"":202},{""stimulus"":""img/3to2/3.png"",""time"":313},{""stimulus"":""img/3to2/4.png"",""time"":397},{""stimulus"":""img/3to2/5.png"",""time"":497},{""stimulus"":""img/3to2/6.png"",""time"":602},{""stimulus"":""img/3to2/7.png"",""time"":696},{""stimulus"":""img/3to2/8.png"",""time"":793},{""stimulus"":""img/3to2/9.png"",""time"":907},{""stimulus"":""img/3to2/10.png"",""time"":1000},{""stimulus"":""img/3to2/11.png"",""time"":1094},{""stimulus"":""img/3to2/12.png"",""time"":1189}]","[]"
"image-keyboard-response","142","199130","0.0-5.0-1.69","63652b3ed1f35f8e04325845","bdp_cybrbll","Mon Mar 27 2023 10:14:12 GMT-0400 (Eastern Daylight Time)","476115","1","3","","932","","","","choice","","img/2to1/1.png","1","156","549","0.5","0.5","2","1","",""
"animation","143","200419","0.0-5.0-2.69","63652b3ed1f35f8e04325845","bdp_cybrbll","Mon Mar 27 2023 10:14:12 GMT-0400 (Eastern Daylight Time)","476115","1","3","","","","","","","","","","156","","","","2","1","[{""stimulus"":""img/2to1/1.png"",""time"":100},{""stimulus"":""img/2to1/2.png"",""time"":200},{""stimulus"":""img/2to1/3.png"",""time"":310},{""stimulus"":""img/2to1/4.png"",""time"":403},{""stimulus"":""img/2to1/5.png"",""time"":496},{""stimulus"":""img/2to1/6.png"",""time"":605},{""stimulus"":""img/2to1/7.png"",""time"":707},{""stimulus"":""img/2to1/8.png"",""time"":793},{""stimulus"":""img/2to1/9.png"",""time"":893},{""stimulus"":""img/2to1/10.png"",""time"":991},{""stimulus"":""img/2to1/11.png"",""time"":1090},{""stimulus"":""img/2to1/12.png"",""time"":1196}]","[]"
"image-keyboard-response","144","200937","0.0-5.0-1.70","63652b3ed1f35f8e04325845","bdp_cybrbll","Mon Mar 27 2023 10:14:12 GMT-0400 (Eastern Daylight Time)","476115","1","3","","null","","","","observe","","img/1to3/1.png","null","155","514","0.5","0.5","1","2","",""
"animation","145","202238","0.0-5.0-2.70","63652b3ed1f35f8e04325845","bdp_cybrbll","Mon Mar 27 2023 10:14:12 GMT-0400 (Eastern Daylight Time)","476115","1","3","","","","","","","","","","155","","","","1","2","[{""stimulus"":""img/1to2/1.png"",""time"":106},{""stimulus"":""img/1to2/2.png"",""time"":214},{""stimulus"":""img/1to2/3.png"",""time"":298},{""stimulus"":""img/1to2/4.png"",""time"":397},{""stimulus"":""img/1to2/5.png"",""time"":506},{""stimulus"":""img/1to2/6.png"",""time"":597},{""stimulus"":""img/1to2/7.png"",""time"":707},{""stimulus"":""img/1to2/8.png"",""time"":799},{""stimulus"":""img/1to2/9.png"",""time"":901},{""stimulus"":""img/1to2/10.png"",""time"":994},{""stimulus"":""img/1to2/11.png"",""time"":1101},{""stimulus"":""img/1to2/12.png"",""time"":1194}]","[]"
"image-keyboard-response","146","202266","0.0-5.0-1.71","63652b3ed1f35f8e04325845","bdp_cybrbll","Mon Mar 27 2023 10:14:12 GMT-0400 (Eastern Daylight Time)","476115","1","3","","27","","","","choice","","img/2to1/1.png","2","154","530","0.5","0.5","2","3","",""
"animation","147","203561","0.0-5.0-2.71","63652b3ed1f35f8e04325845","bdp_cybrbll","Mon Mar 27 2023 10:14:12 GMT-0400 (Eastern Daylight Time)","476115","1","3","","","","","","","","","","154","","","","2","3","[{""stimulus"":""img/2to3/1.png"",""time"":100},{""stimulus"":""img/2to3/2.png"",""time"":203},{""stimulus"":""img/2to3/3.png"",""time"":311},{""stimulus"":""img/2to3/4.png"",""time"":406},{""stimulus"":""img/2to3/5.png"",""time"":495},{""stimulus"":""img/2to3/6.png"",""time"":602},{""stimulus"":""img/2to3/7.png"",""time"":694},{""stimulus"":""img/2to3/8.png"",""time"":803},{""stimulus"":""img/2to3/9.png"",""time"":898},{""stimulus"":""img/2to3/10.png"",""time"":1006},{""stimulus"":""img/2to3/11.png"",""time"":1094},{""stimulus"":""img/2to3/12.png"",""time"":1202}]","[]"
"image-keyboard-response","148","204755","0.0-5.0-1.72","63652b3ed1f35f8e04325845","bdp_cybrbll","Mon Mar 27 2023 10:14:12 GMT-0400 (Eastern Daylight Time)","476115","1","3","","null","","","","observe","","img/3to2/1.png","null","153","1188","0.5","0.5","3","2","",""
"animation","149","206043","0.0-5.0-2.72","63652b3ed1f35f8e04325845","bdp_cybrbll","Mon Mar 27 2023 10:14:12 GMT-0400 (Eastern Daylight Time)","476115","1","3","","","","","","","","","","153","","","","3","2","[{""stimulus"":""img/3to2/1.png"",""time"":113},{""stimulus"":""img/3to2/2.png"",""time"":206},{""stimulus"":""img/3to2/3.png"",""time"":298},{""stimulus"":""img/3to2/4.png"",""time"":409},{""stimulus"":""img/3to2/5.png"",""time"":495},{""stimulus"":""img/3to2/6.png"",""time"":605},{""stimulus"":""img/3to2/7.png"",""time"":693},{""stimulus"":""img/3to2/8.png"",""time"":793},{""stimulus"":""img/3to2/9.png"",""time"":892},{""stimulus"":""img/3to2/10.png"",""time"":995},{""stimulus"":""img/3to2/11.png"",""time"":1089},{""stimulus"":""img/3to2/12.png"",""time"":1195}]","[]"
"image-keyboard-response","150","206298","0.0-5.0-1.73","63652b3ed1f35f8e04325845","bdp_cybrbll","Mon Mar 27 2023 10:14:12 GMT-0400 (Eastern Daylight Time)","476115","1","3","","255","","","","choice","","img/2to1/1.png","1","152","408","0.5","0.5","2","1","",""
"animation","151","207601","0.0-5.0-2.73","63652b3ed1f35f8e04325845","bdp_cybrbll","Mon Mar 27 2023 10:14:12 GMT-0400 (Eastern Daylight Time)","476115","1","3","","","","","","","","","","152","","","","2","1","[{""stimulus"":""img/2to1/1.png"",""time"":100},{""stimulus"":""img/2to1/2.png"",""time"":213},{""stimulus"":""img/2to1/3.png"",""time"":307},{""stimulus"":""img/2to1/4.png"",""time"":400},{""stimulus"":""img/2to1/5.png"",""time"":496},{""stimulus"":""img/2to1/6.png"",""time"":600},{""stimulus"":""img/2to1/7.png"",""time"":694},{""stimulus"":""img/2to1/8.png"",""time"":801},{""stimulus"":""img/2to1/9.png"",""time"":895},{""stimulus"":""img/2to1/10.png"",""time"":1004},{""stimulus"":""img/2to1/11.png"",""time"":1103},{""stimulus"":""img/2to1/12.png"",""time"":1189}]","[]"
"image-keyboard-response","152","208405","0.0-5.0-1.74","63652b3ed1f35f8e04325845","bdp_cybrbll","Mon Mar 27 2023 10:14:12 GMT-0400 (Eastern Daylight Time)","476115","1","3","","null","","","","observe","","img/1to3/1.png","null","151","800","0.5","0.5","1","2","",""
"animation","153","209692","0.0-5.0-2.74","63652b3ed1f35f8e04325845","bdp_cybrbll","Mon Mar 27 2023 10:14:12 GMT-0400 (Eastern Daylight Time)","476115","1","3","","","","","","","","","","151","","","","1","2","[{""stimulus"":""img/1to2/1.png"",""time"":109},{""stimulus"":""img/1to2/2.png"",""time"":202},{""stimulus"":""img/1to2/3.png"",""time"":311},{""stimulus"":""img/1to2/4.png"",""time"":406},{""stimulus"":""img/1to2/5.png"",""time"":503},{""stimulus"":""img/1to2/6.png"",""time"":595},{""stimulus"":""img/1to2/7.png"",""time"":706},{""stimulus"":""img/1to2/8.png"",""time"":792},{""stimulus"":""img/1to2/9.png"",""time"":891},{""stimulus"":""img/1to2/10.png"",""time"":990},{""stimulus"":""img/1to2/11.png"",""time"":1097},{""stimulus"":""img/1to2/12.png"",""time"":1191}]","[]"
"image-keyboard-response","154","209721","0.0-5.0-1.75","63652b3ed1f35f8e04325845","bdp_cybrbll","Mon Mar 27 2023 10:14:12 GMT-0400 (Eastern Daylight Time)","476115","1","3","","28","","","","choice","","img/2to1/1.png","2","150","911","0.5","0.5","2","3","",""
"animation","155","211010","0.0-5.0-2.75","63652b3ed1f35f8e04325845","bdp_cybrbll","Mon Mar 27 2023 10:14:12 GMT-0400 (Eastern Daylight Time)","476115","1","3","","","","","","","","","","150","","","","2","3","[{""stimulus"":""img/2to3/1.png"",""time"":100},{""stimulus"":""img/2to3/2.png"",""time"":200},{""stimulus"":""img/2to3/3.png"",""time"":310},{""stimulus"":""img/2to3/4.png"",""time"":398},{""stimulus"":""img/2to3/5.png"",""time"":497},{""stimulus"":""img/2to3/6.png"",""time"":609},{""stimulus"":""img/2to3/7.png"",""time"":704},{""stimulus"":""img/2to3/8.png"",""time"":793},{""stimulus"":""img/2to3/9.png"",""time"":892},{""stimulus"":""img/2to3/10.png"",""time"":999},{""stimulus"":""img/2to3/11.png"",""time"":1094},{""stimulus"":""img/2to3/12.png"",""time"":1209}]","[]"
"image-keyboard-response","156","211852","0.0-5.0-1.76","63652b3ed1f35f8e04325845","bdp_cybrbll","Mon Mar 27 2023 10:14:12 GMT-0400 (Eastern Daylight Time)","476115","1","3","","null","","","","observe","","img/3to2/1.png","null","149","834","0.5","0.1","3","1","",""
"animation","157","213152","0.0-5.0-2.76","63652b3ed1f35f8e04325845","bdp_cybrbll","Mon Mar 27 2023 10:14:12 GMT-0400 (Eastern Daylight Time)","476115","1","3","","","","","","","","","","149","","","","3","1","[{""stimulus"":""img/3to1/1.png"",""time"":113},{""stimulus"":""img/3to1/2.png"",""time"":199},{""stimulus"":""img/3to1/3.png"",""time"":300},{""stimulus"":""img/3to1/4.png"",""time"":411},{""stimulus"":""img/3to1/5.png"",""time"":504},{""stimulus"":""img/3to1/6.png"",""time"":608},{""stimulus"":""img/3to1/7.png"",""time"":701},{""stimulus"":""img/3to1/8.png"",""time"":794},{""stimulus"":""img/3to1/9.png"",""time"":892},{""stimulus"":""img/3to1/10.png"",""time"":997},{""stimulus"":""img/3to1/11.png"",""time"":1099},{""stimulus"":""img/3to1/12.png"",""time"":1191}]","[]"
"image-keyboard-response","158","213534","0.0-5.0-1.77","63652b3ed1f35f8e04325845","bdp_cybrbll","Mon Mar 27 2023 10:14:12 GMT-0400 (Eastern Daylight Time)","476115","1","3","","null","","","","observe","","img/1to3/1.png","null","148","369","0.5","0.1","1","3","",""
"animation","159","214833","0.0-5.0-2.77","63652b3ed1f35f8e04325845","bdp_cybrbll","Mon Mar 27 2023 10:14:12 GMT-0400 (Eastern Daylight Time)","476115","1","3","","","","","","","","","","148","","","","1","3","[{""stimulus"":""img/1to3/1.png"",""time"":107},{""stimulus"":""img/1to3/2.png"",""time"":200},{""stimulus"":""img/1to3/3.png"",""time"":298},{""stimulus"":""img/1to3/4.png"",""time"":401},{""stimulus"":""img/1to3/5.png"",""time"":496},{""stimulus"":""img/1to3/6.png"",""time"":603},{""stimulus"":""img/1to3/7.png"",""time"":695},{""stimulus"":""img/1to3/8.png"",""time"":793},{""stimulus"":""img/1to3/9.png"",""time"":896},{""stimulus"":""img/1to3/10.png"",""time"":1005},{""stimulus"":""img/1to3/11.png"",""time"":1097},{""stimulus"":""img/1to3/12.png"",""time"":1188}]","[]"
"image-keyboard-response","160","215137","0.0-5.0-1.78","63652b3ed1f35f8e04325845","bdp_cybrbll","Mon Mar 27 2023 10:14:12 GMT-0400 (Eastern Daylight Time)","476115","1","3","","null","","","","observe","","img/3to2/1.png","null","147","303","0.5","0.1","3","1","",""
"animation","161","216438","0.0-5.0-2.78","63652b3ed1f35f8e04325845","bdp_cybrbll","Mon Mar 27 2023 10:14:12 GMT-0400 (Eastern Daylight Time)","476115","1","3","","","","","","","","","","147","","","","3","1","[{""stimulus"":""img/3to1/1.png"",""time"":110},{""stimulus"":""img/3to1/2.png"",""time"":203},{""stimulus"":""img/3to1/3.png"",""time"":299},{""stimulus"":""img/3to1/4.png"",""time"":397},{""stimulus"":""img/3to1/5.png"",""time"":499},{""stimulus"":""img/3to1/6.png"",""time"":595},{""stimulus"":""img/3to1/7.png"",""time"":701},{""stimulus"":""img/3to1/8.png"",""time"":795},{""stimulus"":""img/3to1/9.png"",""time"":897},{""stimulus"":""img/3to1/10.png"",""time"":992},{""stimulus"":""img/3to1/11.png"",""time"":1098},{""stimulus"":""img/3to1/12.png"",""time"":1190}]","[]"
"image-keyboard-response","162","216659","0.0-5.0-1.79","63652b3ed1f35f8e04325845","bdp_cybrbll","Mon Mar 27 2023 10:14:12 GMT-0400 (Eastern Daylight Time)","476115","1","3","","null","","","","observe","","img/1to3/1.png","null","146","219","0.5","0.1","1","3","",""
"animation","163","217954","0.0-5.0-2.79","63652b3ed1f35f8e04325845","bdp_cybrbll","Mon Mar 27 2023 10:14:12 GMT-0400 (Eastern Daylight Time)","476115","1","3","","","","","","","","","","146","","","","1","3","[{""stimulus"":""img/1to3/1.png"",""time"":100},{""stimulus"":""img/1to3/2.png"",""time"":199},{""stimulus"":""img/1to3/3.png"",""time"":303},{""stimulus"":""img/1to3/4.png"",""time"":403},{""stimulus"":""img/1to3/5.png"",""time"":496},{""stimulus"":""img/1to3/6.png"",""time"":594},{""stimulus"":""img/1to3/7.png"",""time"":694},{""stimulus"":""img/1to3/8.png"",""time"":792},{""stimulus"":""img/1to3/9.png"",""time"":891},{""stimulus"":""img/1to3/10.png"",""time"":990},{""stimulus"":""img/1to3/11.png"",""time"":1095},{""stimulus"":""img/1to3/12.png"",""time"":1189}]","[]"
"image-keyboard-response","164","218239","0.0-5.0-1.80","63652b3ed1f35f8e04325845","bdp_cybrbll","Mon Mar 27 2023 10:14:12 GMT-0400 (Eastern Daylight Time)","476115","1","3","","null","","","","observe","","img/3to2/1.png","null","145","283","0.5","0.1","3","1","",""
"animation","165","219543","0.0-5.0-2.80","63652b3ed1f35f8e04325845","bdp_cybrbll","Mon Mar 27 2023 10:14:12 GMT-0400 (Eastern Daylight Time)","476115","1","3","","","","","","","","","","145","","","","3","1","[{""stimulus"":""img/3to1/1.png"",""time"":114},{""stimulus"":""img/3to1/2.png"",""time"":207},{""stimulus"":""img/3to1/3.png"",""time"":310},{""stimulus"":""img/3to1/4.png"",""time"":401},{""stimulus"":""img/3to1/5.png"",""time"":496},{""stimulus"":""img/3to1/6.png"",""time"":595},{""stimulus"":""img/3to1/7.png"",""time"":694},{""stimulus"":""img/3to1/8.png"",""time"":801},{""stimulus"":""img/3to1/9.png"",""time"":892},{""stimulus"":""img/3to1/10.png"",""time"":1004},{""stimulus"":""img/3to1/11.png"",""time"":1097},{""stimulus"":""img/3to1/12.png"",""time"":1189}]","[]"
"image-keyboard-response","166","219856","0.0-5.0-1.81","63652b3ed1f35f8e04325845","bdp_cybrbll","Mon Mar 27 2023 10:14:12 GMT-0400 (Eastern Daylight Time)","476115","1","3","","null","","","","observe","","img/1to3/1.png","null","144","308","0.5","0.1","1","3","",""
"animation","167","221147","0.0-5.0-2.81","63652b3ed1f35f8e04325845","bdp_cybrbll","Mon Mar 27 2023 10:14:12 GMT-0400 (Eastern Daylight Time)","476115","1","3","","","","","","","","","","144","","","","1","3","[{""stimulus"":""img/1to3/1.png"",""time"":109},{""stimulus"":""img/1to3/2.png"",""time"":208},{""stimulus"":""img/1to3/3.png"",""time"":300},{""stimulus"":""img/1to3/4.png"",""time"":410},{""stimulus"":""img/1to3/5.png"",""time"":504},{""stimulus"":""img/1to3/6.png"",""time"":597},{""stimulus"":""img/1to3/7.png"",""time"":699},{""stimulus"":""img/1to3/8.png"",""time"":793},{""stimulus"":""img/1to3/9.png"",""time"":898},{""stimulus"":""img/1to3/10.png"",""time"":992},{""stimulus"":""img/1to3/11.png"",""time"":1102},{""stimulus"":""img/1to3/12.png"",""time"":1189}]","[]"
"image-keyboard-response","168","221615","0.0-5.0-1.82","63652b3ed1f35f8e04325845","bdp_cybrbll","Mon Mar 27 2023 10:14:12 GMT-0400 (Eastern Daylight Time)","476115","1","3","","null","","","","observe","","img/3to2/1.png","null","143","455","0.5","0.1","3","2","",""
"animation","169","222905","0.0-5.0-2.82","63652b3ed1f35f8e04325845","bdp_cybrbll","Mon Mar 27 2023 10:14:12 GMT-0400 (Eastern Daylight Time)","476115","1","3","","","","","","","","","","143","","","","3","2","[{""stimulus"":""img/3to2/1.png"",""time"":109},{""stimulus"":""img/3to2/2.png"",""time"":198},{""stimulus"":""img/3to2/3.png"",""time"":310},{""stimulus"":""img/3to2/4.png"",""time"":403},{""stimulus"":""img/3to2/5.png"",""time"":502},{""stimulus"":""img/3to2/6.png"",""time"":596},{""stimulus"":""img/3to2/7.png"",""time"":705},{""stimulus"":""img/3to2/8.png"",""time"":800},{""stimulus"":""img/3to2/9.png"",""time"":892},{""stimulus"":""img/3to2/10.png"",""time"":991},{""stimulus"":""img/3to2/11.png"",""time"":1090},{""stimulus"":""img/3to2/12.png"",""time"":1197}]","[]"
"image-keyboard-response","170","223002","0.0-5.0-1.83","63652b3ed1f35f8e04325845","bdp_cybrbll","Mon Mar 27 2023 10:14:12 GMT-0400 (Eastern Daylight Time)","476115","1","3","","96","","","","choice","","img/2to1/1.png","1","142","513","0.5","0.1","2","1","",""
"animation","171","224290","0.0-5.0-2.83","63652b3ed1f35f8e04325845","bdp_cybrbll","Mon Mar 27 2023 10:14:12 GMT-0400 (Eastern Daylight Time)","476115","1","3","","","","","","","","","","142","","","","2","1","[{""stimulus"":""img/2to1/1.png"",""time"":100},{""stimulus"":""img/2to1/2.png"",""time"":206},{""stimulus"":""img/2to1/3.png"",""time"":313},{""stimulus"":""img/2to1/4.png"",""time"":408},{""stimulus"":""img/2to1/5.png"",""time"":496},{""stimulus"":""img/2to1/6.png"",""time"":606},{""stimulus"":""img/2to1/7.png"",""time"":695},{""stimulus"":""img/2to1/8.png"",""time"":793},{""stimulus"":""img/2to1/9.png"",""time"":892},{""stimulus"":""img/2to1/10.png"",""time"":997},{""stimulus"":""img/2to1/11.png"",""time"":1113},{""stimulus"":""img/2to1/12.png"",""time"":1190}]","[]"
"image-keyboard-response","172","224679","0.0-5.0-1.84","63652b3ed1f35f8e04325845","bdp_cybrbll","Mon Mar 27 2023 10:14:12 GMT-0400 (Eastern Daylight Time)","476115","1","3","","null","","","","observe","","img/1to3/1.png","null","141","381","0.5","0.1","1","2","",""
"animation","173","225970","0.0-5.0-2.84","63652b3ed1f35f8e04325845","bdp_cybrbll","Mon Mar 27 2023 10:14:12 GMT-0400 (Eastern Daylight Time)","476115","1","3","","","","","","","","","","141","","","","1","2","[{""stimulus"":""img/1to2/1.png"",""time"":109},{""stimulus"":""img/1to2/2.png"",""time"":202},{""stimulus"":""img/1to2/3.png"",""time"":312},{""stimulus"":""img/1to2/4.png"",""time"":405},{""stimulus"":""img/1to2/5.png"",""time"":507},{""stimulus"":""img/1to2/6.png"",""time"":601},{""stimulus"":""img/1to2/7.png"",""time"":694},{""stimulus"":""img/1to2/8.png"",""time"":792},{""stimulus"":""img/1to2/9.png"",""time"":896},{""stimulus"":""img/1to2/10.png"",""time"":993},{""stimulus"":""img/1to2/11.png"",""time"":1101},{""stimulus"":""img/1to2/12.png"",""time"":1195}]","[]"
"image-keyboard-response","174","226009","0.0-5.0-1.85","63652b3ed1f35f8e04325845","bdp_cybrbll","Mon Mar 27 2023 10:14:12 GMT-0400 (Eastern Daylight Time)","476115","1","3","","39","","","","choice","","img/2to1/1.png","2","140","298","0.5","0.1","2","3","",""
"animation","175","227298","0.0-5.0-2.85","63652b3ed1f35f8e04325845","bdp_cybrbll","Mon Mar 27 2023 10:14:12 GMT-0400 (Eastern Daylight Time)","476115","1","3","","","","","","","","","","140","","","","2","3","[{""stimulus"":""img/2to3/1.png"",""time"":100},{""stimulus"":""img/2to3/2.png"",""time"":209},{""stimulus"":""img/2to3/3.png"",""time"":302},{""stimulus"":""img/2to3/4.png"",""time"":397},{""stimulus"":""img/2to3/5.png"",""time"":504},{""stimulus"":""img/2to3/6.png"",""time"":595},{""stimulus"":""img/2to3/7.png"",""time"":696},{""stimulus"":""img/2to3/8.png"",""time"":807},{""stimulus"":""img/2to3/9.png"",""time"":900},{""stimulus"":""img/2to3/10.png"",""time"":992},{""stimulus"":""img/2to3/11.png"",""time"":1101},{""stimulus"":""img/2to3/12.png"",""time"":1195}]","[]"
"image-keyboard-response","176","227691","0.0-5.0-1.86","63652b3ed1f35f8e04325845","bdp_cybrbll","Mon Mar 27 2023 10:14:12 GMT-0400 (Eastern Daylight Time)","476115","1","3","","null","","","","observe","","img/3to2/1.png","null","139","384","0.5","0.1","3","1","",""
"animation","177","228987","0.0-5.0-2.86","63652b3ed1f35f8e04325845","bdp_cybrbll","Mon Mar 27 2023 10:14:12 GMT-0400 (Eastern Daylight Time)","476115","1","3","","","","","","","","","","139","","","","3","1","[{""stimulus"":""img/3to1/1.png"",""time"":109},{""stimulus"":""img/3to1/2.png"",""time"":202},{""stimulus"":""img/3to1/3.png"",""time"":311},{""stimulus"":""img/3to1/4.png"",""time"":403},{""stimulus"":""img/3to1/5.png"",""time"":496},{""stimulus"":""img/3to1/6.png"",""time"":602},{""stimulus"":""img/3to1/7.png"",""time"":694},{""stimulus"":""img/3to1/8.png"",""time"":804},{""stimulus"":""img/3to1/9.png"",""time"":897},{""stimulus"":""img/3to1/10.png"",""time"":1000},{""stimulus"":""img/3to1/11.png"",""time"":1093},{""stimulus"":""img/3to1/12.png"",""time"":1201}]","[]"
"image-keyboard-response","178","229319","0.0-5.0-1.87","63652b3ed1f35f8e04325845","bdp_cybrbll","Mon Mar 27 2023 10:14:12 GMT-0400 (Eastern Daylight Time)","476115","1","3","","null","","","","observe","","img/1to3/1.png","null","138","325","0.5","0.1","1","2","",""
"animation","179","230608","0.0-5.0-2.87","63652b3ed1f35f8e04325845","bdp_cybrbll","Mon Mar 27 2023 10:14:12 GMT-0400 (Eastern Daylight Time)","476115","1","3","","","","","","","","","","138","","","","1","2","[{""stimulus"":""img/1to2/1.png"",""time"":108},{""stimulus"":""img/1to2/2.png"",""time"":203},{""stimulus"":""img/1to2/3.png"",""time"":299},{""stimulus"":""img/1to2/4.png"",""time"":411},{""stimulus"":""img/1to2/5.png"",""time"":496},{""stimulus"":""img/1to2/6.png"",""time"":596},{""stimulus"":""img/1to2/7.png"",""time"":694},{""stimulus"":""img/1to2/8.png"",""time"":794},{""stimulus"":""img/1to2/9.png"",""time"":892},{""stimulus"":""img/1to2/10.png"",""time"":991},{""stimulus"":""img/1to2/11.png"",""time"":1103},{""stimulus"":""img/1to2/12.png"",""time"":1199}]","[]"
"image-keyboard-response","180","230617","0.0-5.0-1.88","63652b3ed1f35f8e04325845","bdp_cybrbll","Mon Mar 27 2023 10:14:12 GMT-0400 (Eastern Daylight Time)","476115","1","3","","9","","","","choice","","img/2to1/1.png","2","137","340","0.5","0.1","2","3","",""
"animation","181","231904","0.0-5.0-2.88","63652b3ed1f35f8e04325845","bdp_cybrbll","Mon Mar 27 2023 10:14:12 GMT-0400 (Eastern Daylight Time)","476115","1","3","","","","","","","","","","137","","","","2","3","[{""stimulus"":""img/2to3/1.png"",""time"":103},{""stimulus"":""img/2to3/2.png"",""time"":201},{""stimulus"":""img/2to3/3.png"",""time"":297},{""stimulus"":""img/2to3/4.png"",""time"":397},{""stimulus"":""img/2to3/5.png"",""time"":508},{""stimulus"":""img/2to3/6.png"",""time"":595},{""stimulus"":""img/2to3/7.png"",""time"":703},{""stimulus"":""img/2to3/8.png"",""time"":795},{""stimulus"":""img/2to3/9.png"",""time"":905},{""stimulus"":""img/2to3/10.png"",""time"":997},{""stimulus"":""img/2to3/11.png"",""time"":1101},{""stimulus"":""img/2to3/12.png"",""time"":1195}]","[]"
"image-keyboard-response","182","232395","0.0-5.0-1.89","63652b3ed1f35f8e04325845","bdp_cybrbll","Mon Mar 27 2023 10:14:12 GMT-0400 (Eastern Daylight Time)","476115","1","3","","null","","","","observe","","img/3to2/1.png","null","136","489","0.5","0.1","3","1","",""
"animation","183","233683","0.0-5.0-2.89","63652b3ed1f35f8e04325845","bdp_cybrbll","Mon Mar 27 2023 10:14:12 GMT-0400 (Eastern Daylight Time)","476115","1","3","","","","","","","","","","136","","","","3","1","[{""stimulus"":""img/3to1/1.png"",""time"":110},{""stimulus"":""img/3to1/2.png"",""time"":204},{""stimulus"":""img/3to1/3.png"",""time"":298},{""stimulus"":""img/3to1/4.png"",""time"":398},{""stimulus"":""img/3to1/5.png"",""time"":507},{""stimulus"":""img/3to1/6.png"",""time"":595},{""stimulus"":""img/3to1/7.png"",""time"":695},{""stimulus"":""img/3to1/8.png"",""time"":804},{""stimulus"":""img/3to1/9.png"",""time"":896},{""stimulus"":""img/3to1/10.png"",""time"":1004},{""stimulus"":""img/3to1/11.png"",""time"":1090},{""stimulus"":""img/3to1/12.png"",""time"":1193}]","[]"
"image-keyboard-response","184","233907","0.0-5.0-1.90","63652b3ed1f35f8e04325845","bdp_cybrbll","Mon Mar 27 2023 10:14:12 GMT-0400 (Eastern Daylight Time)","476115","1","3","","null","","","","observe","","img/1to3/1.png","null","135","224","0.5","0.1","1","2","",""
"animation","185","235203","0.0-5.0-2.90","63652b3ed1f35f8e04325845","bdp_cybrbll","Mon Mar 27 2023 10:14:12 GMT-0400 (Eastern Daylight Time)","476115","1","3","","","","","","","","","","135","","","","1","2","[{""stimulus"":""img/1to2/1.png"",""time"":113},{""stimulus"":""img/1to2/2.png"",""time"":207},{""stimulus"":""img/1to2/3.png"",""time"":301},{""stimulus"":""img/1to2/4.png"",""time"":397},{""stimulus"":""img/1to2/5.png"",""time"":499},{""stimulus"":""img/1to2/6.png"",""time"":595},{""stimulus"":""img/1to2/7.png"",""time"":705},{""stimulus"":""img/1to2/8.png"",""time"":800},{""stimulus"":""img/1to2/9.png"",""time"":899},{""stimulus"":""img/1to2/10.png"",""time"":991},{""stimulus"":""img/1to2/11.png"",""time"":1091},{""stimulus"":""img/1to2/12.png"",""time"":1202}]","[]"
"image-keyboard-response","186","235778","0.0-5.0-1.91","63652b3ed1f35f8e04325845","bdp_cybrbll","Mon Mar 27 2023 10:14:12 GMT-0400 (Eastern Daylight Time)","476115","1","3","","575","","","","choice","","img/2to1/1.png","2","134","265","0.5","0.1","2","3","",""
"animation","187","237065","0.0-5.0-2.91","63652b3ed1f35f8e04325845","bdp_cybrbll","Mon Mar 27 2023 10:14:12 GMT-0400 (Eastern Daylight Time)","476115","1","3","","","","","","","","","","134","","","","2","3","[{""stimulus"":""img/2to3/1.png"",""time"":99},{""stimulus"":""img/2to3/2.png"",""time"":199},{""stimulus"":""img/2to3/3.png"",""time"":309},{""stimulus"":""img/2to3/4.png"",""time"":402},{""stimulus"":""img/2to3/5.png"",""time"":520},{""stimulus"":""img/2to3/6.png"",""time"":599},{""stimulus"":""img/2to3/7.png"",""time"":694},{""stimulus"":""img/2to3/8.png"",""time"":792},{""stimulus"":""img/2to3/9.png"",""time"":894},{""stimulus"":""img/2to3/10.png"",""time"":990},{""stimulus"":""img/2to3/11.png"",""time"":1090},{""stimulus"":""img/2to3/12.png"",""time"":1198}]","[]"
"image-keyboard-response","188","237513","0.0-5.0-1.92","63652b3ed1f35f8e04325845","bdp_cybrbll","Mon Mar 27 2023 10:14:12 GMT-0400 (Eastern Daylight Time)","476115","1","3","","null","","","","observe","","img/3to2/1.png","null","133","440","0.5","0.1","3","1","",""
"animation","189","238806","0.0-5.0-2.92","63652b3ed1f35f8e04325845","bdp_cybrbll","Mon Mar 27 2023 10:14:12 GMT-0400 (Eastern Daylight Time)","476115","1","3","","","","","","","","","","133","","","","3","1","[{""stimulus"":""img/3to1/1.png"",""time"":110},{""stimulus"":""img/3to1/2.png"",""time"":199},{""stimulus"":""img/3to1/3.png"",""time"":300},{""stimulus"":""img/3to1/4.png"",""time"":398},{""stimulus"":""img/3to1/5.png"",""time"":497},{""stimulus"":""img/3to1/6.png"",""time"":609},{""stimulus"":""img/3to1/7.png"",""time"":694},{""stimulus"":""img/3to1/8.png"",""time"":807},{""stimulus"":""img/3to1/9.png"",""time"":900},{""stimulus"":""img/3to1/10.png"",""time"":991},{""stimulus"":""img/3to1/11.png"",""time"":1104},{""stimulus"":""img/3to1/12.png"",""time"":1199}]","[]"
"image-keyboard-response","190","239418","0.0-5.0-1.93","63652b3ed1f35f8e04325845","bdp_cybrbll","Mon Mar 27 2023 10:14:12 GMT-0400 (Eastern Daylight Time)","476115","1","3","","null","","","","observe","","img/1to3/1.png","null","132","597","0.5","0.1","1","2","",""
"animation","191","240712","0.0-5.0-2.93","63652b3ed1f35f8e04325845","bdp_cybrbll","Mon Mar 27 2023 10:14:12 GMT-0400 (Eastern Daylight Time)","476115","1","3","","","","","","","","","","132","","","","1","2","[{""stimulus"":""img/1to2/1.png"",""time"":110},{""stimulus"":""img/1to2/2.png"",""time"":202},{""stimulus"":""img/1to2/3.png"",""time"":297},{""stimulus"":""img/1to2/4.png"",""time"":403},{""stimulus"":""img/1to2/5.png"",""time"":495},{""stimulus"":""img/1to2/6.png"",""time"":606},{""stimulus"":""img/1to2/7.png"",""time"":699},{""stimulus"":""img/1to2/8.png"",""time"":793},{""stimulus"":""img/1to2/9.png"",""time"":891},{""stimulus"":""img/1to2/10.png"",""time"":990},{""stimulus"":""img/1to2/11.png"",""time"":1090},{""stimulus"":""img/1to2/12.png"",""time"":1188}]","[]"
"image-keyboard-response","192","240762","0.0-5.0-1.94","63652b3ed1f35f8e04325845","bdp_cybrbll","Mon Mar 27 2023 10:14:12 GMT-0400 (Eastern Daylight Time)","476115","1","3","","49","","","","choice","","img/2to1/1.png","2","131","432","0.5","0.1","2","3","",""
"animation","193","242053","0.0-5.0-2.94","63652b3ed1f35f8e04325845","bdp_cybrbll","Mon Mar 27 2023 10:14:12 GMT-0400 (Eastern Daylight Time)","476115","1","3","","","","","","","","","","131","","","","2","3","[{""stimulus"":""img/2to3/1.png"",""time"":100},{""stimulus"":""img/2to3/2.png"",""time"":204},{""stimulus"":""img/2to3/3.png"",""time"":312},{""stimulus"":""img/2to3/4.png"",""time"":397},{""stimulus"":""img/2to3/5.png"",""time"":500},{""stimulus"":""img/2to3/6.png"",""time"":601},{""stimulus"":""img/2to3/7.png"",""time"":696},{""stimulus"":""img/2to3/8.png"",""time"":805},{""stimulus"":""img/2to3/9.png"",""time"":901},{""stimulus"":""img/2to3/10.png"",""time"":990},{""stimulus"":""img/2to3/11.png"",""time"":1090},{""stimulus"":""img/2to3/12.png"",""time"":1198}]","[]"
"image-keyboard-response","194","242421","0.0-5.0-1.95","63652b3ed1f35f8e04325845","bdp_cybrbll","Mon Mar 27 2023 10:14:12 GMT-0400 (Eastern Daylight Time)","476115","1","3","","null","","","","observe","","img/3to2/1.png","null","130","356","0.5","0.1","3","1","",""
"animation","195","243712","0.0-5.0-2.95","63652b3ed1f35f8e04325845","bdp_cybrbll","Mon Mar 27 2023 10:14:12 GMT-0400 (Eastern Daylight Time)","476115","1","3","","","","","","","","","","130","","","","3","1","[{""stimulus"":""img/3to1/1.png"",""time"":109},{""stimulus"":""img/3to1/2.png"",""time"":200},{""stimulus"":""img/3to1/3.png"",""time"":311},{""stimulus"":""img/3to1/4.png"",""time"":397},{""stimulus"":""img/3to1/5.png"",""time"":505},{""stimulus"":""img/3to1/6.png"",""time"":600},{""stimulus"":""img/3to1/7.png"",""time"":707},{""stimulus"":""img/3to1/8.png"",""time"":793},{""stimulus"":""img/3to1/9.png"",""time"":896},{""stimulus"":""img/3to1/10.png"",""time"":995},{""stimulus"":""img/3to1/11.png"",""time"":1105},{""stimulus"":""img/3to1/12.png"",""time"":1189}]","[]"
"image-keyboard-response","196","244233","0.0-5.0-1.96","63652b3ed1f35f8e04325845","bdp_cybrbll","Mon Mar 27 2023 10:14:12 GMT-0400 (Eastern Daylight Time)","476115","1","3","","null","","","","observe","","img/1to3/1.png","null","129","511","0.5","0.1","1","3","",""
"animation","197","245531","0.0-5.0-2.96","63652b3ed1f35f8e04325845","bdp_cybrbll","Mon Mar 27 2023 10:14:12 GMT-0400 (Eastern Daylight Time)","476115","1","3","","","","","","","","","","129","","","","1","3","[{""stimulus"":""img/1to3/1.png"",""time"":108},{""stimulus"":""img/1to3/2.png"",""time"":209},{""stimulus"":""img/1to3/3.png"",""time"":298},{""stimulus"":""img/1to3/4.png"",""time"":397},{""stimulus"":""img/1to3/5.png"",""time"":503},{""stimulus"":""img/1to3/6.png"",""time"":596},{""stimulus"":""img/1to3/7.png"",""time"":693},{""stimulus"":""img/1to3/8.png"",""time"":794},{""stimulus"":""img/1to3/9.png"",""time"":892},{""stimulus"":""img/1to3/10.png"",""time"":993},{""stimulus"":""img/1to3/11.png"",""time"":1101},{""stimulus"":""img/1to3/12.png"",""time"":1191}]","[]"
"image-keyboard-response","198","245706","0.0-5.0-1.97","63652b3ed1f35f8e04325845","bdp_cybrbll","Mon Mar 27 2023 10:14:12 GMT-0400 (Eastern Daylight Time)","476115","1","3","","null","","","","observe","","img/3to2/1.png","null","128","167","0.5","0.1","3","1","",""
"animation","199","247007","0.0-5.0-2.97","63652b3ed1f35f8e04325845","bdp_cybrbll","Mon Mar 27 2023 10:14:12 GMT-0400 (Eastern Daylight Time)","476115","1","3","","","","","","","","","","128","","","","3","1","[{""stimulus"":""img/3to1/1.png"",""time"":112},{""stimulus"":""img/3to1/2.png"",""time"":209},{""stimulus"":""img/3to1/3.png"",""time"":298},{""stimulus"":""img/3to1/4.png"",""time"":410},{""stimulus"":""img/3to1/5.png"",""time"":502},{""stimulus"":""img/3to1/6.png"",""time"":595},{""stimulus"":""img/3to1/7.png"",""time"":693},{""stimulus"":""img/3to1/8.png"",""time"":792},{""stimulus"":""img/3to1/9.png"",""time"":893},{""stimulus"":""img/3to1/10.png"",""time"":991},{""stimulus"":""img/3to1/11.png"",""time"":1099},{""stimulus"":""img/3to1/12.png"",""time"":1192}]","[]"
"image-keyboard-response","200","247683","0.0-5.0-1.98","63652b3ed1f35f8e04325845","bdp_cybrbll","Mon Mar 27 2023 10:14:12 GMT-0400 (Eastern Daylight Time)","476115","1","3","","null","","","","observe","","img/1to3/1.png","null","127","673","0.5","0.1","1","3","",""
"animation","201","248970","0.0-5.0-2.98","63652b3ed1f35f8e04325845","bdp_cybrbll","Mon Mar 27 2023 10:14:12 GMT-0400 (Eastern Daylight Time)","476115","1","3","","","","","","","","","","127","","","","1","3","[{""stimulus"":""img/1to3/1.png"",""time"":109},{""stimulus"":""img/1to3/2.png"",""time"":198},{""stimulus"":""img/1to3/3.png"",""time"":298},{""stimulus"":""img/1to3/4.png"",""time"":397},{""stimulus"":""img/1to3/5.png"",""time"":496},{""stimulus"":""img/1to3/6.png"",""time"":605},{""stimulus"":""img/1to3/7.png"",""time"":698},{""stimulus"":""img/1to3/8.png"",""time"":793},{""stimulus"":""img/1to3/9.png"",""time"":907},{""stimulus"":""img/1to3/10.png"",""time"":1000},{""stimulus"":""img/1to3/11.png"",""time"":1093},{""stimulus"":""img/1to3/12.png"",""time"":1203}]","[]"
"image-keyboard-response","202","250160","0.0-5.0-1.99","63652b3ed1f35f8e04325845","bdp_cybrbll","Mon Mar 27 2023 10:14:12 GMT-0400 (Eastern Daylight Time)","476115","1","3","","null","","","","observe","","img/3to2/1.png","null","126","1189","0.5","0.1","3","1","",""
"animation","203","251449","0.0-5.0-2.99","63652b3ed1f35f8e04325845","bdp_cybrbll","Mon Mar 27 2023 10:14:12 GMT-0400 (Eastern Daylight Time)","476115","1","3","","","","","","","","","","126","","","","3","1","[{""stimulus"":""img/3to1/1.png"",""time"":110},{""stimulus"":""img/3to1/2.png"",""time"":198},{""stimulus"":""img/3to1/3.png"",""time"":299},{""stimulus"":""img/3to1/4.png"",""time"":408},{""stimulus"":""img/3to1/5.png"",""time"":495},{""stimulus"":""img/3to1/6.png"",""time"":595},{""stimulus"":""img/3to1/7.png"",""time"":694},{""stimulus"":""img/3to1/8.png"",""time"":804},{""stimulus"":""img/3to1/9.png"",""time"":897},{""stimulus"":""img/3to1/10.png"",""time"":991},{""stimulus"":""img/3to1/11.png"",""time"":1098},{""stimulus"":""img/3to1/12.png"",""time"":1194}]","[]"
"image-keyboard-response","204","251828","0.0-5.0-1.100","63652b3ed1f35f8e04325845","bdp_cybrbll","Mon Mar 27 2023 10:14:12 GMT-0400 (Eastern Daylight Time)","476115","1","3","","null","","","","observe","","img/1to3/1.png","null","125","365","0.5","0.1","1","2","",""
"animation","205","253122","0.0-5.0-2.100","63652b3ed1f35f8e04325845","bdp_cybrbll","Mon Mar 27 2023 10:14:12 GMT-0400 (Eastern Daylight Time)","476115","1","3","","","","","","","","","","125","","","","1","2","[{""stimulus"":""img/1to2/1.png"",""time"":111},{""stimulus"":""img/1to2/2.png"",""time"":198},{""stimulus"":""img/1to2/3.png"",""time"":312},{""stimulus"":""img/1to2/4.png"",""time"":405},{""stimulus"":""img/1to2/5.png"",""time"":496},{""stimulus"":""img/1to2/6.png"",""time"":606},{""stimulus"":""img/1to2/7.png"",""time"":709},{""stimulus"":""img/1to2/8.png"",""time"":792},{""stimulus"":""img/1to2/9.png"",""time"":893},{""stimulus"":""img/1to2/10.png"",""time"":991},{""stimulus"":""img/1to2/11.png"",""time"":1098},{""stimulus"":""img/1to2/12.png"",""time"":1202}]","[]"
"image-keyboard-response","206","253650","0.0-5.0-1.101","63652b3ed1f35f8e04325845","bdp_cybrbll","Mon Mar 27 2023 10:14:12 GMT-0400 (Eastern Daylight Time)","476115","1","3","","527","","","","choice","","img/2to1/1.png","2","124","309","0.5","0.1","2","3","",""
"animation","207","254938","0.0-5.0-2.101","63652b3ed1f35f8e04325845","bdp_cybrbll","Mon Mar 27 2023 10:14:12 GMT-0400 (Eastern Daylight Time)","476115","1","3","","","","","","","","","","124","","","","2","3","[{""stimulus"":""img/2to3/1.png"",""time"":101},{""stimulus"":""img/2to3/2.png"",""time"":210},{""stimulus"":""img/2to3/3.png"",""time"":303},{""stimulus"":""img/2to3/4.png"",""time"":397},{""stimulus"":""img/2to3/5.png"",""time"":505},{""stimulus"":""img/2to3/6.png"",""time"":598},{""stimulus"":""img/2to3/7.png"",""time"":710},{""stimulus"":""img/2to3/8.png"",""time"":804},{""stimulus"":""img/2to3/9.png"",""time"":898},{""stimulus"":""img/2to3/10.png"",""time"":1006},{""stimulus"":""img/2to3/11.png"",""time"":1090},{""stimulus"":""img/2to3/12.png"",""time"":1189}]","[]"
"image-keyboard-response","208","255429","0.0-5.0-1.102","63652b3ed1f35f8e04325845","bdp_cybrbll","Mon Mar 27 2023 10:14:12 GMT-0400 (Eastern Daylight Time)","476115","1","3","","null","","","","observe","","img/3to2/1.png","null","123","481","0.5","0.1","3","1","",""
"animation","209","256717","0.0-5.0-2.102","63652b3ed1f35f8e04325845","bdp_cybrbll","Mon Mar 27 2023 10:14:12 GMT-0400 (Eastern Daylight Time)","476115","1","3","","","","","","","","","","123","","","","3","1","[{""stimulus"":""img/3to1/1.png"",""time"":111},{""stimulus"":""img/3to1/2.png"",""time"":199},{""stimulus"":""img/3to1/3.png"",""time"":298},{""stimulus"":""img/3to1/4.png"",""time"":397},{""stimulus"":""img/3to1/5.png"",""time"":496},{""stimulus"":""img/3to1/6.png"",""time"":601},{""stimulus"":""img/3to1/7.png"",""time"":709},{""stimulus"":""img/3to1/8.png"",""time"":802},{""stimulus"":""img/3to1/9.png"",""time"":896},{""stimulus"":""img/3to1/10.png"",""time"":991},{""stimulus"":""img/3to1/11.png"",""time"":1106},{""stimulus"":""img/3to1/12.png"",""time"":1198}]","[]"
"image-keyboard-response","210","257068","0.0-5.0-1.103","63652b3ed1f35f8e04325845","bdp_cybrbll","Mon Mar 27 2023 10:14:12 GMT-0400 (Eastern Daylight Time)","476115","1","3","","null","","","","observe","","img/1to3/1.png","null","122","339","0.5","0.1","1","2","",""
"animation","211","258364","0.0-5.0-2.103","63652b3ed1f35f8e04325845","bdp_cybrbll","Mon Mar 27 2023 10:14:12 GMT-0400 (Eastern Daylight Time)","476115","1","3","","","","","","","","","","122","","","","1","2","[{""stimulus"":""img/1to2/1.png"",""time"":109},{""stimulus"":""img/1to2/2.png"",""time"":199},{""stimulus"":""img/1to2/3.png"",""time"":312},{""stimulus"":""img/1to2/4.png"",""time"":404},{""stimulus"":""img/1to2/5.png"",""time"":502},{""stimulus"":""img/1to2/6.png"",""time"":595},{""stimulus"":""img/1to2/7.png"",""time"":706},{""stimulus"":""img/1to2/8.png"",""time"":798},{""stimulus"":""img/1to2/9.png"",""time"":906},{""stimulus"":""img/1to2/10.png"",""time"":999},{""stimulus"":""img/1to2/11.png"",""time"":1092},{""stimulus"":""img/1to2/12.png"",""time"":1189}]","[]"
"image-keyboard-response","212","258794","0.0-5.0-1.104","63652b3ed1f35f8e04325845","bdp_cybrbll","Mon Mar 27 2023 10:14:12 GMT-0400 (Eastern Daylight Time)","476115","1","3","","430","","","","choice","","img/2to1/1.png","2","121","1869","0.5","0.1","2","3","",""
"animation","213","260096","0.0-5.0-2.104","63652b3ed1f35f8e04325845","bdp_cybrbll","Mon Mar 27 2023 10:14:12 GMT-0400 (Eastern Daylight Time)","476115","1","3","","","","","","","","","","121","","","","2","3","[{""stimulus"":""img/2to3/1.png"",""time"":99},{""stimulus"":""img/2to3/2.png"",""time"":205},{""stimulus"":""img/2to3/3.png"",""time"":304},{""stimulus"":""img/2to3/4.png"",""time"":398},{""stimulus"":""img/2to3/5.png"",""time"":496},{""stimulus"":""img/2to3/6.png"",""time"":599},{""stimulus"":""img/2to3/7.png"",""time"":694},{""stimulus"":""img/2to3/8.png"",""time"":797},{""stimulus"":""img/2to3/9.png"",""time"":904},{""stimulus"":""img/2to3/10.png"",""time"":997},{""stimulus"":""img/2to3/11.png"",""time"":1091},{""stimulus"":""img/2to3/12.png"",""time"":1200}]","[]"
"image-keyboard-response","214","260517","0.0-5.0-1.105","63652b3ed1f35f8e04325845","bdp_cybrbll","Mon Mar 27 2023 10:14:12 GMT-0400 (Eastern Daylight Time)","476115","1","3","","null","","","","observe","","img/3to2/1.png","null","120","415","0.5","0.1","3","1","",""
"animation","215","261805","0.0-5.0-2.105","63652b3ed1f35f8e04325845","bdp_cybrbll","Mon Mar 27 2023 10:14:12 GMT-0400 (Eastern Daylight Time)","476115","1","3","","","","","","","","","","120","","","","3","1","[{""stimulus"":""img/3to1/1.png"",""time"":106},{""stimulus"":""img/3to1/2.png"",""time"":199},{""stimulus"":""img/3to1/3.png"",""time"":298},{""stimulus"":""img/3to1/4.png"",""time"":402},{""stimulus"":""img/3to1/5.png"",""time"":497},{""stimulus"":""img/3to1/6.png"",""time"":595},{""stimulus"":""img/3to1/7.png"",""time"":694},{""stimulus"":""img/3to1/8.png"",""time"":799},{""stimulus"":""img/3to1/9.png"",""time"":892},{""stimulus"":""img/3to1/10.png"",""time"":1002},{""stimulus"":""img/3to1/11.png"",""time"":1091},{""stimulus"":""img/3to1/12.png"",""time"":1203}]","[]"
"image-keyboard-response","216","262604","0.0-5.0-1.106","63652b3ed1f35f8e04325845","bdp_cybrbll","Mon Mar 27 2023 10:14:12 GMT-0400 (Eastern Daylight Time)","476115","1","3","","null","","","","observe","","img/1to3/1.png","null","119","795","0.5","0.1","1","3","",""
"animation","217","263892","0.0-5.0-2.106","63652b3ed1f35f8e04325845","bdp_cybrbll","Mon Mar 27 2023 10:14:12 GMT-0400 (Eastern Daylight Time)","476115","1","3","","","","","","","","","","119","","","","1","3","[{""stimulus"":""img/1to3/1.png"",""time"":108},{""stimulus"":""img/1to3/2.png"",""time"":202},{""stimulus"":""img/1to3/3.png"",""time"":311},{""stimulus"":""img/1to3/4.png"",""time"":397},{""stimulus"":""img/1to3/5.png"",""time"":498},{""stimulus"":""img/1to3/6.png"",""time"":603},{""stimulus"":""img/1to3/7.png"",""time"":697},{""stimulus"":""img/1to3/8.png"",""time"":805},{""stimulus"":""img/1to3/9.png"",""time"":901},{""stimulus"":""img/1to3/10.png"",""time"":994},{""stimulus"":""img/1to3/11.png"",""time"":1090},{""stimulus"":""img/1to3/12.png"",""time"":1197}]","[]"
"image-keyboard-response","218","264763","0.0-5.0-1.107","63652b3ed1f35f8e04325845","bdp_cybrbll","Mon Mar 27 2023 10:14:12 GMT-0400 (Eastern Daylight Time)","476115","1","3","","null","","","","observe","","img/3to2/1.png","null","118","858","0.5","0.1","3","1","",""
"animation","219","266050","0.0-5.0-2.107","63652b3ed1f35f8e04325845","bdp_cybrbll","Mon Mar 27 2023 10:14:12 GMT-0400 (Eastern Daylight Time)","476115","1","3","","","","","","","","","","118","","","","3","1","[{""stimulus"":""img/3to1/1.png"",""time"":107},{""stimulus"":""img/3to1/2.png"",""time"":198},{""stimulus"":""img/3to1/3.png"",""time"":309},{""stimulus"":""img/3to1/4.png"",""time"":416},{""stimulus"":""img/3to1/5.png"",""time"":509},{""stimulus"":""img/3to1/6.png"",""time"":601},{""stimulus"":""img/3to1/7.png"",""time"":696},{""stimulus"":""img/3to1/8.png"",""time"":793},{""stimulus"":""img/3to1/9.png"",""time"":891},{""stimulus"":""img/3to1/10.png"",""time"":991},{""stimulus"":""img/3to1/11.png"",""time"":1090},{""stimulus"":""img/3to1/12.png"",""time"":1189}]","[]"
"image-keyboard-response","220","266490","0.0-5.0-1.108","63652b3ed1f35f8e04325845","bdp_cybrbll","Mon Mar 27 2023 10:14:12 GMT-0400 (Eastern Daylight Time)","476115","1","3","","null","","","","observe","","img/1to3/1.png","null","117","432","0.5","0.1","1","3","",""
"animation","221","267793","0.0-5.0-2.108","63652b3ed1f35f8e04325845","bdp_cybrbll","Mon Mar 27 2023 10:14:12 GMT-0400 (Eastern Daylight Time)","476115","1","3","","","","","","","","","","117","","","","1","3","[{""stimulus"":""img/1to3/1.png"",""time"":112},{""stimulus"":""img/1to3/2.png"",""time"":209},{""stimulus"":""img/1to3/3.png"",""time"":298},{""stimulus"":""img/1to3/4.png"",""time"":397},{""stimulus"":""img/1to3/5.png"",""time"":507},{""stimulus"":""img/1to3/6.png"",""time"":602},{""stimulus"":""img/1to3/7.png"",""time"":695},{""stimulus"":""img/1to3/8.png"",""time"":803},{""stimulus"":""img/1to3/9.png"",""time"":897},{""stimulus"":""img/1to3/10.png"",""time"":991},{""stimulus"":""img/1to3/11.png"",""time"":1089},{""stimulus"":""img/1to3/12.png"",""time"":1193}]","[]"
"image-keyboard-response","222","268481","0.0-5.0-1.109","63652b3ed1f35f8e04325845","bdp_cybrbll","Mon Mar 27 2023 10:14:12 GMT-0400 (Eastern Daylight Time)","476115","1","3","","null","","","","observe","","img/3to2/1.png","null","116","686","0.5","0.1","3","1","",""
"animation","223","269769","0.0-5.0-2.109","63652b3ed1f35f8e04325845","bdp_cybrbll","Mon Mar 27 2023 10:14:12 GMT-0400 (Eastern Daylight Time)","476115","1","3","","","","","","","","","","116","","","","3","1","[{""stimulus"":""img/3to1/1.png"",""time"":112},{""stimulus"":""img/3to1/2.png"",""time"":205},{""stimulus"":""img/3to1/3.png"",""time"":299},{""stimulus"":""img/3to1/4.png"",""time"":398},{""stimulus"":""img/3to1/5.png"",""time"":501},{""stimulus"":""img/3to1/6.png"",""time"":596},{""stimulus"":""img/3to1/7.png"",""time"":706},{""stimulus"":""img/3to1/8.png"",""time"":793},{""stimulus"":""img/3to1/9.png"",""time"":894},{""stimulus"":""img/3to1/10.png"",""time"":1002},{""stimulus"":""img/3to1/11.png"",""time"":1090},{""stimulus"":""img/3to1/12.png"",""time"":1189}]","[]"
"image-keyboard-response","224","269998","0.0-5.0-1.110","63652b3ed1f35f8e04325845","bdp_cybrbll","Mon Mar 27 2023 10:14:12 GMT-0400 (Eastern Daylight Time)","476115","1","3","","null","","","","observe","","img/1to3/1.png","null","115","228","0.5","0.1","1","2","",""
"animation","225","271290","0.0-5.0-2.110","63652b3ed1f35f8e04325845","bdp_cybrbll","Mon Mar 27 2023 10:14:12 GMT-0400 (Eastern Daylight Time)","476115","1","3","","","","","","","","","","115","","","","1","2","[{""stimulus"":""img/1to2/1.png"",""time"":110},{""stimulus"":""img/1to2/2.png"",""time"":198},{""stimulus"":""img/1to2/3.png"",""time"":302},{""stimulus"":""img/1to2/4.png"",""time"":410},{""stimulus"":""img/1to2/5.png"",""time"":495},{""stimulus"":""img/1to2/6.png"",""time"":595},{""stimulus"":""img/1to2/7.png"",""time"":693},{""stimulus"":""img/1to2/8.png"",""time"":802},{""stimulus"":""img/1to2/9.png"",""time"":895},{""stimulus"":""img/1to2/10.png"",""time"":990},{""stimulus"":""img/1to2/11.png"",""time"":1089},{""stimulus"":""img/1to2/12.png"",""time"":1188}]","[]"
"image-keyboard-response","226","271354","0.0-5.0-1.111","63652b3ed1f35f8e04325845","bdp_cybrbll","Mon Mar 27 2023 10:14:12 GMT-0400 (Eastern Daylight Time)","476115","1","3","","63","","","","choice","","img/2to1/1.png","2","114","366","0.5","0.1","2","3","",""
"animation","227","272641","0.0-5.0-2.111","63652b3ed1f35f8e04325845","bdp_cybrbll","Mon Mar 27 2023 10:14:12 GMT-0400 (Eastern Daylight Time)","476115","1","3","","","","","","","","","","114","","","","2","3","[{""stimulus"":""img/2to3/1.png"",""time"":101},{""stimulus"":""img/2to3/2.png"",""time"":201},{""stimulus"":""img/2to3/3.png"",""time"":311},{""stimulus"":""img/2to3/4.png"",""time"":404},{""stimulus"":""img/2to3/5.png"",""time"":497},{""stimulus"":""img/2to3/6.png"",""time"":605},{""stimulus"":""img/2to3/7.png"",""time"":694},{""stimulus"":""img/2to3/8.png"",""time"":808},{""stimulus"":""img/2to3/9.png"",""time"":903},{""stimulus"":""img/2to3/10.png"",""time"":991},{""stimulus"":""img/2to3/11.png"",""time"":1096},{""stimulus"":""img/2to3/12.png"",""time"":1190}]","[]"
"image-keyboard-response","228","273055","0.0-5.0-1.112","63652b3ed1f35f8e04325845","bdp_cybrbll","Mon Mar 27 2023 10:14:12 GMT-0400 (Eastern Daylight Time)","476115","1","3","","null","","","","observe","","img/3to2/1.png","null","113","412","0.5","0.1","3","1","",""
"animation","229","274355","0.0-5.0-2.112","63652b3ed1f35f8e04325845","bdp_cybrbll","Mon Mar 27 2023 10:14:12 GMT-0400 (Eastern Daylight Time)","476115","1","3","","","","","","","","","","113","","","","3","1","[{""stimulus"":""img/3to1/1.png"",""time"":109},{""stimulus"":""img/3to1/2.png"",""time"":203},{""stimulus"":""img/3to1/3.png"",""time"":302},{""stimulus"":""img/3to1/4.png"",""time"":397},{""stimulus"":""img/3to1/5.png"",""time"":503},{""stimulus"":""img/3to1/6.png"",""time"":597},{""stimulus"":""img/3to1/7.png"",""time"":705},{""stimulus"":""img/3to1/8.png"",""time"":794},{""stimulus"":""img/3to1/9.png"",""time"":902},{""stimulus"":""img/3to1/10.png"",""time"":994},{""stimulus"":""img/3to1/11.png"",""time"":1090},{""stimulus"":""img/3to1/12.png"",""time"":1198}]","[]"
"image-keyboard-response","230","274712","0.0-5.0-1.113","63652b3ed1f35f8e04325845","bdp_cybrbll","Mon Mar 27 2023 10:14:12 GMT-0400 (Eastern Daylight Time)","476115","1","3","","null","","","","observe","","img/1to3/1.png","null","112","341","0.5","0.1","1","3","",""
"animation","231","276014","0.0-5.0-2.113","63652b3ed1f35f8e04325845","bdp_cybrbll","Mon Mar 27 2023 10:14:12 GMT-0400 (Eastern Daylight Time)","476115","1","3","","","","","","","","","","112","","","","1","3","[{""stimulus"":""img/1to3/1.png"",""time"":109},{""stimulus"":""img/1to3/2.png"",""time"":201},{""stimulus"":""img/1to3/3.png"",""time"":308},{""stimulus"":""img/1to3/4.png"",""time"":401},{""stimulus"":""img/1to3/5.png"",""time"":510},{""stimulus"":""img/1to3/6.png"",""time"":602},{""stimulus"":""img/1to3/7.png"",""time"":708},{""stimulus"":""img/1to3/8.png"",""time"":799},{""stimulus"":""img/1to3/9.png"",""time"":893},{""stimulus"":""img/1to3/10.png"",""time"":1002},{""stimulus"":""img/1to3/11.png"",""time"":1095},{""stimulus"":""img/1to3/12.png"",""time"":1193}]","[]"
"image-keyboard-response","232","276619","0.0-5.0-1.114","63652b3ed1f35f8e04325845","bdp_cybrbll","Mon Mar 27 2023 10:14:12 GMT-0400 (Eastern Daylight Time)","476115","1","3","","null","","","","observe","","img/3to2/1.png","null","111","598","0.5","0.1","3","1","",""
"animation","233","277908","0.0-5.0-2.114","63652b3ed1f35f8e04325845","bdp_cybrbll","Mon Mar 27 2023 10:14:12 GMT-0400 (Eastern Daylight Time)","476115","1","3","","","","","","","","","","111","","","","3","1","[{""stimulus"":""img/3to1/1.png"",""time"":109},{""stimulus"":""img/3to1/2.png"",""time"":199},{""stimulus"":""img/3to1/3.png"",""time"":303},{""stimulus"":""img/3to1/4.png"",""time"":412},{""stimulus"":""img/3to1/5.png"",""time"":496},{""stimulus"":""img/3to1/6.png"",""time"":602},{""stimulus"":""img/3to1/7.png"",""time"":698},{""stimulus"":""img/3to1/8.png"",""time"":794},{""stimulus"":""img/3to1/9.png"",""time"":893},{""stimulus"":""img/3to1/10.png"",""time"":991},{""stimulus"":""img/3to1/11.png"",""time"":1090},{""stimulus"":""img/3to1/12.png"",""time"":1197}]","[]"
"image-keyboard-response","234","278297","0.0-5.0-1.115","63652b3ed1f35f8e04325845","bdp_cybrbll","Mon Mar 27 2023 10:14:12 GMT-0400 (Eastern Daylight Time)","476115","1","3","","null","","","","observe","","img/1to3/1.png","null","110","379","0.5","0.1","1","3","",""
"animation","235","279586","0.0-5.0-2.115","63652b3ed1f35f8e04325845","bdp_cybrbll","Mon Mar 27 2023 10:14:12 GMT-0400 (Eastern Daylight Time)","476115","1","3","","","","","","","","","","110","","","","1","3","[{""stimulus"":""img/1to3/1.png"",""time"":113},{""stimulus"":""img/1to3/2.png"",""time"":207},{""stimulus"":""img/1to3/3.png"",""time"":301},{""stimulus"":""img/1to3/4.png"",""time"":398},{""stimulus"":""img/1to3/5.png"",""time"":504},{""stimulus"":""img/1to3/6.png"",""time"":597},{""stimulus"":""img/1to3/7.png"",""time"":707},{""stimulus"":""img/1to3/8.png"",""time"":800},{""stimulus"":""img/1to3/9.png"",""time"":892},{""stimulus"":""img/1to3/10.png"",""time"":1002},{""stimulus"":""img/1to3/11.png"",""time"":1096},{""stimulus"":""img/1to3/12.png"",""time"":1189}]","[]"
"image-keyboard-response","236","280047","0.0-5.0-1.116","63652b3ed1f35f8e04325845","bdp_cybrbll","Mon Mar 27 2023 10:14:12 GMT-0400 (Eastern Daylight Time)","476115","1","3","","null","","","","observe","","img/3to2/1.png","null","109","459","0.5","0.1","3","1","",""
"animation","237","281340","0.0-5.0-2.116","63652b3ed1f35f8e04325845","bdp_cybrbll","Mon Mar 27 2023 10:14:12 GMT-0400 (Eastern Daylight Time)","476115","1","3","","","","","","","","","","109","","","","3","1","[{""stimulus"":""img/3to1/1.png"",""time"":108},{""stimulus"":""img/3to1/2.png"",""time"":201},{""stimulus"":""img/3to1/3.png"",""time"":309},{""stimulus"":""img/3to1/4.png"",""time"":397},{""stimulus"":""img/3to1/5.png"",""time"":505},{""stimulus"":""img/3to1/6.png"",""time"":598},{""stimulus"":""img/3to1/7.png"",""time"":707},{""stimulus"":""img/3to1/8.png"",""time"":800},{""stimulus"":""img/3to1/9.png"",""time"":904},{""stimulus"":""img/3to1/10.png"",""time"":991},{""stimulus"":""img/3to1/11.png"",""time"":1091},{""stimulus"":""img/3to1/12.png"",""time"":1198}]","[]"
"image-keyboard-response","238","281607","0.0-5.0-1.117","63652b3ed1f35f8e04325845","bdp_cybrbll","Mon Mar 27 2023 10:14:12 GMT-0400 (Eastern Daylight Time)","476115","1","3","","null","","","","observe","","img/1to3/1.png","null","108","266","0.5","0.1","1","3","",""
"animation","239","282895","0.0-5.0-2.117","63652b3ed1f35f8e04325845","bdp_cybrbll","Mon Mar 27 2023 10:14:12 GMT-0400 (Eastern Daylight Time)","476115","1","3","","","","","","","","","","108","","","","1","3","[{""stimulus"":""img/1to3/1.png"",""time"":109},{""stimulus"":""img/1to3/2.png"",""time"":199},{""stimulus"":""img/1to3/3.png"",""time"":313},{""stimulus"":""img/1to3/4.png"",""time"":403},{""stimulus"":""img/1to3/5.png"",""time"":511},{""stimulus"":""img/1to3/6.png"",""time"":595},{""stimulus"":""img/1to3/7.png"",""time"":694},{""stimulus"":""img/1to3/8.png"",""time"":793},{""stimulus"":""img/1to3/9.png"",""time"":894},{""stimulus"":""img/1to3/10.png"",""time"":991},{""stimulus"":""img/1to3/11.png"",""time"":1095},{""stimulus"":""img/1to3/12.png"",""time"":1191}]","[]"
"image-keyboard-response","240","284088","0.0-5.0-1.118","63652b3ed1f35f8e04325845","bdp_cybrbll","Mon Mar 27 2023 10:14:12 GMT-0400 (Eastern Daylight Time)","476115","1","3","","null","","","","observe","","img/3to2/1.png","null","107","1180","0.5","0.1","3","1","",""
"animation","241","285377","0.0-5.0-2.118","63652b3ed1f35f8e04325845","bdp_cybrbll","Mon Mar 27 2023 10:14:12 GMT-0400 (Eastern Daylight Time)","476115","1","3","","","","","","","","","","107","","","","3","1","[{""stimulus"":""img/3to1/1.png"",""time"":108},{""stimulus"":""img/3to1/2.png"",""time"":203},{""stimulus"":""img/3to1/3.png"",""time"":311},{""stimulus"":""img/3to1/4.png"",""time"":397},{""stimulus"":""img/3to1/5.png"",""time"":507},{""stimulus"":""img/3to1/6.png"",""time"":601},{""stimulus"":""img/3to1/7.png"",""time"":694},{""stimulus"":""img/3to1/8.png"",""time"":801},{""stimulus"":""img/3to1/9.png"",""time"":901},{""stimulus"":""img/3to1/10.png"",""time"":993},{""stimulus"":""img/3to1/11.png"",""time"":1102},{""stimulus"":""img/3to1/12.png"",""time"":1188}]","[]"
"image-keyboard-response","242","285899","0.0-5.0-1.119","63652b3ed1f35f8e04325845","bdp_cybrbll","Mon Mar 27 2023 10:14:12 GMT-0400 (Eastern Daylight Time)","476115","1","3","","null","","","","observe","","img/1to3/1.png","null","106","513","0.5","0.1","1","3","",""
"animation","243","287187","0.0-5.0-2.119","63652b3ed1f35f8e04325845","bdp_cybrbll","Mon Mar 27 2023 10:14:12 GMT-0400 (Eastern Daylight Time)","476115","1","3","","","","","","","","","","106","","","","1","3","[{""stimulus"":""img/1to3/1.png"",""time"":113},{""stimulus"":""img/1to3/2.png"",""time"":207},{""stimulus"":""img/1to3/3.png"",""time"":297},{""stimulus"":""img/1to3/4.png"",""time"":410},{""stimulus"":""img/1to3/5.png"",""time"":505},{""stimulus"":""img/1to3/6.png"",""time"":603},{""stimulus"":""img/1to3/7.png"",""time"":693},{""stimulus"":""img/1to3/8.png"",""time"":805},{""stimulus"":""img/1to3/9.png"",""time"":891},{""stimulus"":""img/1to3/10.png"",""time"":991},{""stimulus"":""img/1to3/11.png"",""time"":1089},{""stimulus"":""img/1to3/12.png"",""time"":1193}]","[]"
"image-keyboard-response","244","287588","0.0-5.0-1.120","63652b3ed1f35f8e04325845","bdp_cybrbll","Mon Mar 27 2023 10:14:12 GMT-0400 (Eastern Daylight Time)","476115","1","3","","null","","","","observe","","img/3to2/1.png","null","105","391","0.5","0.1","3","1","",""
"animation","245","288878","0.0-5.0-2.120","63652b3ed1f35f8e04325845","bdp_cybrbll","Mon Mar 27 2023 10:14:12 GMT-0400 (Eastern Daylight Time)","476115","1","3","","","","","","","","","","105","","","","3","1","[{""stimulus"":""img/3to1/1.png"",""time"":110},{""stimulus"":""img/3to1/2.png"",""time"":206},{""stimulus"":""img/3to1/3.png"",""time"":300},{""stimulus"":""img/3to1/4.png"",""time"":406},{""stimulus"":""img/3to1/5.png"",""time"":511},{""stimulus"":""img/3to1/6.png"",""time"":604},{""stimulus"":""img/3to1/7.png"",""time"":698},{""stimulus"":""img/3to1/8.png"",""time"":793},{""stimulus"":""img/3to1/9.png"",""time"":901},{""stimulus"":""img/3to1/10.png"",""time"":996},{""stimulus"":""img/3to1/11.png"",""time"":1103},{""stimulus"":""img/3to1/12.png"",""time"":1197}]","[]"
"image-keyboard-response","246","289351","0.0-5.0-1.121","63652b3ed1f35f8e04325845","bdp_cybrbll","Mon Mar 27 2023 10:14:12 GMT-0400 (Eastern Daylight Time)","476115","1","3","","null","","","","observe","","img/1to3/1.png","null","104","463","0.5","0.1","1","3","",""
"animation","247","290638","0.0-5.0-2.121","63652b3ed1f35f8e04325845","bdp_cybrbll","Mon Mar 27 2023 10:14:12 GMT-0400 (Eastern Daylight Time)","476115","1","3","","","","","","","","","","104","","","","1","3","[{""stimulus"":""img/1to3/1.png"",""time"":112},{""stimulus"":""img/1to3/2.png"",""time"":209},{""stimulus"":""img/1to3/3.png"",""time"":298},{""stimulus"":""img/1to3/4.png"",""time"":411},{""stimulus"":""img/1to3/5.png"",""time"":505},{""stimulus"":""img/1to3/6.png"",""time"":600},{""stimulus"":""img/1to3/7.png"",""time"":694},{""stimulus"":""img/1to3/8.png"",""time"":802},{""stimulus"":""img/1to3/9.png"",""time"":892},{""stimulus"":""img/1to3/10.png"",""time"":991},{""stimulus"":""img/1to3/11.png"",""time"":1098},{""stimulus"":""img/1to3/12.png"",""time"":1190}]","[]"
"image-keyboard-response","248","291176","0.0-5.0-1.122","63652b3ed1f35f8e04325845","bdp_cybrbll","Mon Mar 27 2023 10:14:12 GMT-0400 (Eastern Daylight Time)","476115","1","3","","null","","","","observe","","img/3to2/1.png","null","103","536","0.5","0.1","3","1","",""
"animation","249","292463","0.0-5.0-2.122","63652b3ed1f35f8e04325845","bdp_cybrbll","Mon Mar 27 2023 10:14:12 GMT-0400 (Eastern Daylight Time)","476115","1","3","","","","","","","","","","103","","","","3","1","[{""stimulus"":""img/3to1/1.png"",""time"":115},{""stimulus"":""img/3to1/2.png"",""time"":208},{""stimulus"":""img/3to1/3.png"",""time"":303},{""stimulus"":""img/3to1/4.png"",""time"":398},{""stimulus"":""img/3to1/5.png"",""time"":507},{""stimulus"":""img/3to1/6.png"",""time"":600},{""stimulus"":""img/3to1/7.png"",""time"":708},{""stimulus"":""img/3to1/8.png"",""time"":802},{""stimulus"":""img/3to1/9.png"",""time"":891},{""stimulus"":""img/3to1/10.png"",""time"":996},{""stimulus"":""img/3to1/11.png"",""time"":1104},{""stimulus"":""img/3to1/12.png"",""time"":1189}]","[]"
"image-keyboard-response","250","292907","0.0-5.0-1.123","63652b3ed1f35f8e04325845","bdp_cybrbll","Mon Mar 27 2023 10:14:12 GMT-0400 (Eastern Daylight Time)","476115","1","3","","null","","","","observe","","img/1to3/1.png","null","102","440","0.5","0.1","1","2","",""
"animation","251","294194","0.0-5.0-2.123","63652b3ed1f35f8e04325845","bdp_cybrbll","Mon Mar 27 2023 10:14:12 GMT-0400 (Eastern Daylight Time)","476115","1","3","","","","","","","","","","102","","","","1","2","[{""stimulus"":""img/1to2/1.png"",""time"":109},{""stimulus"":""img/1to2/2.png"",""time"":201},{""stimulus"":""img/1to2/3.png"",""time"":297},{""stimulus"":""img/1to2/4.png"",""time"":403},{""stimulus"":""img/1to2/5.png"",""time"":496},{""stimulus"":""img/1to2/6.png"",""time"":607},{""stimulus"":""img/1to2/7.png"",""time"":702},{""stimulus"":""img/1to2/8.png"",""time"":792},{""stimulus"":""img/1to2/9.png"",""time"":902},{""stimulus"":""img/1to2/10.png"",""time"":995},{""stimulus"":""img/1to2/11.png"",""time"":1091},{""stimulus"":""img/1to2/12.png"",""time"":1190}]","[]"
"image-keyboard-response","252","294658","0.0-5.0-1.124","63652b3ed1f35f8e04325845","bdp_cybrbll","Mon Mar 27 2023 10:14:12 GMT-0400 (Eastern Daylight Time)","476115","1","3","","463","","","","choice","","img/2to1/1.png","2","101","337","0.5","0.1","2","3","",""
"animation","253","295947","0.0-5.0-2.124","63652b3ed1f35f8e04325845","bdp_cybrbll","Mon Mar 27 2023 10:14:12 GMT-0400 (Eastern Daylight Time)","476115","1","3","","","","","","","","","","101","","","","2","3","[{""stimulus"":""img/2to3/1.png"",""time"":100},{""stimulus"":""img/2to3/2.png"",""time"":203},{""stimulus"":""img/2to3/3.png"",""time"":312},{""stimulus"":""img/2to3/4.png"",""time"":407},{""stimulus"":""img/2to3/5.png"",""time"":499},{""stimulus"":""img/2to3/6.png"",""time"":608},{""stimulus"":""img/2to3/7.png"",""time"":694},{""stimulus"":""img/2to3/8.png"",""time"":796},{""stimulus"":""img/2to3/9.png"",""time"":892},{""stimulus"":""img/2to3/10.png"",""time"":1004},{""stimulus"":""img/2to3/11.png"",""time"":1100},{""stimulus"":""img/2to3/12.png"",""time"":1195}]","[]"
"image-keyboard-response","254","296405","0.0-5.0-1.125","63652b3ed1f35f8e04325845","bdp_cybrbll","Mon Mar 27 2023 10:14:12 GMT-0400 (Eastern Daylight Time)","476115","1","3","","null","","","","observe","","img/3to2/1.png","null","100","457","0.5","0.1","3","1","",""
"animation","255","297693","0.0-5.0-2.125","63652b3ed1f35f8e04325845","bdp_cybrbll","Mon Mar 27 2023 10:14:12 GMT-0400 (Eastern Daylight Time)","476115","1","3","","","","","","","","","","100","","","","3","1","[{""stimulus"":""img/3to1/1.png"",""time"":114},{""stimulus"":""img/3to1/2.png"",""time"":207},{""stimulus"":""img/3to1/3.png"",""time"":308},{""stimulus"":""img/3to1/4.png"",""time"":396},{""stimulus"":""img/3to1/5.png"",""time"":508},{""stimulus"":""img/3to1/6.png"",""time"":595},{""stimulus"":""img/3to1/7.png"",""time"":693},{""stimulus"":""img/3to1/8.png"",""time"":798},{""stimulus"":""img/3to1/9.png"",""time"":906},{""stimulus"":""img/3to1/10.png"",""time"":998},{""stimulus"":""img/3to1/11.png"",""time"":1090},{""stimulus"":""img/3to1/12.png"",""time"":1199}]","[]"
"image-keyboard-response","256","298794","0.0-5.0-1.126","63652b3ed1f35f8e04325845","bdp_cybrbll","Mon Mar 27 2023 10:14:12 GMT-0400 (Eastern Daylight Time)","476115","1","3","","null","","","","observe","","img/1to3/1.png","null","99","1088","0.5","0.1","1","3","",""
"animation","257","300089","0.0-5.0-2.126","63652b3ed1f35f8e04325845","bdp_cybrbll","Mon Mar 27 2023 10:14:12 GMT-0400 (Eastern Daylight Time)","476115","1","3","","","","","","","","","","99","","","","1","3","[{""stimulus"":""img/1to3/1.png"",""time"":108},{""stimulus"":""img/1to3/2.png"",""time"":199},{""stimulus"":""img/1to3/3.png"",""time"":311},{""stimulus"":""img/1to3/4.png"",""time"":406},{""stimulus"":""img/1to3/5.png"",""time"":499},{""stimulus"":""img/1to3/6.png"",""time"":608},{""stimulus"":""img/1to3/7.png"",""time"":701},{""stimulus"":""img/1to3/8.png"",""time"":797},{""stimulus"":""img/1to3/9.png"",""time"":892},{""stimulus"":""img/1to3/10.png"",""time"":991},{""stimulus"":""img/1to3/11.png"",""time"":1089},{""stimulus"":""img/1to3/12.png"",""time"":1188}]","[]"
"image-keyboard-response","258","300360","0.0-5.0-1.127","63652b3ed1f35f8e04325845","bdp_cybrbll","Mon Mar 27 2023 10:14:12 GMT-0400 (Eastern Daylight Time)","476115","1","3","","null","","","","observe","","img/3to2/1.png","null","98","258","0.5","0.1","3","1","",""
"animation","259","301652","0.0-5.0-2.127","63652b3ed1f35f8e04325845","bdp_cybrbll","Mon Mar 27 2023 10:14:12 GMT-0400 (Eastern Daylight Time)","476115","1","3","","","","","","","","","","98","","","","3","1","[{""stimulus"":""img/3to1/1.png"",""time"":108},{""stimulus"":""img/3to1/2.png"",""time"":201},{""stimulus"":""img/3to1/3.png"",""time"":308},{""stimulus"":""img/3to1/4.png"",""time"":400},{""stimulus"":""img/3to1/5.png"",""time"":509},{""stimulus"":""img/3to1/6.png"",""time"":595},{""stimulus"":""img/3to1/7.png"",""time"":696},{""stimulus"":""img/3to1/8.png"",""time"":804},{""stimulus"":""img/3to1/9.png"",""time"":905},{""stimulus"":""img/3to1/10.png"",""time"":997},{""stimulus"":""img/3to1/11.png"",""time"":1105},{""stimulus"":""img/3to1/12.png"",""time"":1200}]","[]"
"image-keyboard-response","260","302491","0.0-5.0-1.128","63652b3ed1f35f8e04325845","bdp_cybrbll","Mon Mar 27 2023 10:14:12 GMT-0400 (Eastern Daylight Time)","476115","1","3","","null","","","","observe","","img/1to3/1.png","null","97","837","0.5","0.1","1","3","",""
"animation","261","303796","0.0-5.0-2.128","63652b3ed1f35f8e04325845","bdp_cybrbll","Mon Mar 27 2023 10:14:12 GMT-0400 (Eastern Daylight Time)","476115","1","3","","","","","","","","","","97","","","","1","3","[{""stimulus"":""img/1to3/1.png"",""time"":111},{""stimulus"":""img/1to3/2.png"",""time"":199},{""stimulus"":""img/1to3/3.png"",""time"":307},{""stimulus"":""img/1to3/4.png"",""time"":400},{""stimulus"":""img/1to3/5.png"",""time"":509},{""stimulus"":""img/1to3/6.png"",""time"":603},{""stimulus"":""img/1to3/7.png"",""time"":696},{""stimulus"":""img/1to3/8.png"",""time"":797},{""stimulus"":""img/1to3/9.png"",""time"":905},{""stimulus"":""img/1to3/10.png"",""time"":999},{""stimulus"":""img/1to3/11.png"",""time"":1092},{""stimulus"":""img/1to3/12.png"",""time"":1200}]","[]"
"image-keyboard-response","262","304217","0.0-5.0-1.129","63652b3ed1f35f8e04325845","bdp_cybrbll","Mon Mar 27 2023 10:14:12 GMT-0400 (Eastern Daylight Time)","476115","1","3","","null","","","","observe","","img/3to2/1.png","null","96","406","0.5","0.1","3","1","",""
"animation","263","305504","0.0-5.0-2.129","63652b3ed1f35f8e04325845","bdp_cybrbll","Mon Mar 27 2023 10:14:12 GMT-0400 (Eastern Daylight Time)","476115","1","3","","","","","","","","","","96","","","","3","1","[{""stimulus"":""img/3to1/1.png"",""time"":100},{""stimulus"":""img/3to1/2.png"",""time"":209},{""stimulus"":""img/3to1/3.png"",""time"":301},{""stimulus"":""img/3to1/4.png"",""time"":396},{""stimulus"":""img/3to1/5.png"",""time"":505},{""stimulus"":""img/3to1/6.png"",""time"":594},{""stimulus"":""img/3to1/7.png"",""time"":701},{""stimulus"":""img/3to1/8.png"",""time"":794},{""stimulus"":""img/3to1/9.png"",""time"":905},{""stimulus"":""img/3to1/10.png"",""time"":990},{""stimulus"":""img/3to1/11.png"",""time"":1100},{""stimulus"":""img/3to1/12.png"",""time"":1193}]","[]"
"image-keyboard-response","264","306099","0.0-5.0-1.130","63652b3ed1f35f8e04325845","bdp_cybrbll","Mon Mar 27 2023 10:14:12 GMT-0400 (Eastern Daylight Time)","476115","1","3","","null","","","","observe","","img/1to3/1.png","null","95","584","0.5","0.1","1","3","",""
"animation","265","307394","0.0-5.0-2.130","63652b3ed1f35f8e04325845","bdp_cybrbll","Mon Mar 27 2023 10:14:12 GMT-0400 (Eastern Daylight Time)","476115","1","3","","","","","","","","","","95","","","","1","3","[{""stimulus"":""img/1to3/1.png"",""time"":111},{""stimulus"":""img/1to3/2.png"",""time"":203},{""stimulus"":""img/1to3/3.png"",""time"":297},{""stimulus"":""img/1to3/4.png"",""time"":410},{""stimulus"":""img/1to3/5.png"",""time"":495},{""stimulus"":""img/1to3/6.png"",""time"":596},{""stimulus"":""img/1to3/7.png"",""time"":703},{""stimulus"":""img/1to3/8.png"",""time"":797},{""stimulus"":""img/1to3/9.png"",""time"":905},{""stimulus"":""img/1to3/10.png"",""time"":998},{""stimulus"":""img/1to3/11.png"",""time"":1093},{""stimulus"":""img/1to3/12.png"",""time"":1188}]","[]"
"image-keyboard-response","266","307912","0.0-5.0-1.131","63652b3ed1f35f8e04325845","bdp_cybrbll","Mon Mar 27 2023 10:14:12 GMT-0400 (Eastern Daylight Time)","476115","1","3","","null","","","","observe","","img/3to2/1.png","null","94","510","0.5","0.1","3","1","",""
"animation","267","309200","0.0-5.0-2.131","63652b3ed1f35f8e04325845","bdp_cybrbll","Mon Mar 27 2023 10:14:12 GMT-0400 (Eastern Daylight Time)","476115","1","3","","","","","","","","","","94","","","","3","1","[{""stimulus"":""img/3to1/1.png"",""time"":108},{""stimulus"":""img/3to1/2.png"",""time"":201},{""stimulus"":""img/3to1/3.png"",""time"":312},{""stimulus"":""img/3to1/4.png"",""time"":397},{""stimulus"":""img/3to1/5.png"",""time"":507},{""stimulus"":""img/3to1/6.png"",""time"":600},{""stimulus"":""img/3to1/7.png"",""time"":695},{""stimulus"":""img/3to1/8.png"",""time"":803},{""stimulus"":""img/3to1/9.png"",""time"":898},{""stimulus"":""img/3to1/10.png"",""time"":996},{""stimulus"":""img/3to1/11.png"",""time"":1091},{""stimulus"":""img/3to1/12.png"",""time"":1199}]","[]"
"image-keyboard-response","268","310672","0.0-5.0-1.132","63652b3ed1f35f8e04325845","bdp_cybrbll","Mon Mar 27 2023 10:14:12 GMT-0400 (Eastern Daylight Time)","476115","1","3","","null","","","","observe","","img/1to3/1.png","null","93","1471","0.5","0.1","1","3","",""
"animation","269","311959","0.0-5.0-2.132","63652b3ed1f35f8e04325845","bdp_cybrbll","Mon Mar 27 2023 10:14:12 GMT-0400 (Eastern Daylight Time)","476115","1","3","","","","","","","","","","93","","","","1","3","[{""stimulus"":""img/1to3/1.png"",""time"":112},{""stimulus"":""img/1to3/2.png"",""time"":199},{""stimulus"":""img/1to3/3.png"",""time"":313},{""stimulus"":""img/1to3/4.png"",""time"":405},{""stimulus"":""img/1to3/5.png"",""time"":496},{""stimulus"":""img/1to3/6.png"",""time"":595},{""stimulus"":""img/1to3/7.png"",""time"":694},{""stimulus"":""img/1to3/8.png"",""time"":799},{""stimulus"":""img/1to3/9.png"",""time"":891},{""stimulus"":""img/1to3/10.png"",""time"":1006},{""stimulus"":""img/1to3/11.png"",""time"":1099},{""stimulus"":""img/1to3/12.png"",""time"":1194}]","[]"
"image-keyboard-response","270","312463","0.0-5.0-1.133","63652b3ed1f35f8e04325845","bdp_cybrbll","Mon Mar 27 2023 10:14:12 GMT-0400 (Eastern Daylight Time)","476115","1","3","","null","","","","observe","","img/3to2/1.png","null","92","499","0.5","0.1","3","1","",""
"animation","271","313752","0.0-5.0-2.133","63652b3ed1f35f8e04325845","bdp_cybrbll","Mon Mar 27 2023 10:14:12 GMT-0400 (Eastern Daylight Time)","476115","1","3","","","","","","","","","","92","","","","3","1","[{""stimulus"":""img/3to1/1.png"",""time"":108},{""stimulus"":""img/3to1/2.png"",""time"":198},{""stimulus"":""img/3to1/3.png"",""time"":308},{""stimulus"":""img/3to1/4.png"",""time"":400},{""stimulus"":""img/3to1/5.png"",""time"":495},{""stimulus"":""img/3to1/6.png"",""time"":594},{""stimulus"":""img/3to1/7.png"",""time"":707},{""stimulus"":""img/3to1/8.png"",""time"":801},{""stimulus"":""img/3to1/9.png"",""time"":891},{""stimulus"":""img/3to1/10.png"",""time"":993},{""stimulus"":""img/3to1/11.png"",""time"":1100},{""stimulus"":""img/3to1/12.png"",""time"":1193}]","[]"
"image-keyboard-response","272","314508","0.0-5.0-1.134","63652b3ed1f35f8e04325845","bdp_cybrbll","Mon Mar 27 2023 10:14:12 GMT-0400 (Eastern Daylight Time)","476115","1","3","","null","","","","observe","","img/1to3/1.png","null","91","741","0.5","0.1","1","3","",""
"animation","273","315799","0.0-5.0-2.134","63652b3ed1f35f8e04325845","bdp_cybrbll","Mon Mar 27 2023 10:14:12 GMT-0400 (Eastern Daylight Time)","476115","1","3","","","","","","","","","","91","","","","1","3","[{""stimulus"":""img/1to3/1.png"",""time"":108},{""stimulus"":""img/1to3/2.png"",""time"":201},{""stimulus"":""img/1to3/3.png"",""time"":311},{""stimulus"":""img/1to3/4.png"",""time"":396},{""stimulus"":""img/1to3/5.png"",""time"":496},{""stimulus"":""img/1to3/6.png"",""time"":595},{""stimulus"":""img/1to3/7.png"",""time"":694},{""stimulus"":""img/1to3/8.png"",""time"":797},{""stimulus"":""img/1to3/9.png"",""time"":903},{""stimulus"":""img/1to3/10.png"",""time"":997},{""stimulus"":""img/1to3/11.png"",""time"":1090},{""stimulus"":""img/1to3/12.png"",""time"":1199}]","[]"
"image-keyboard-response","274","316504","0.0-5.0-1.135","63652b3ed1f35f8e04325845","bdp_cybrbll","Mon Mar 27 2023 10:14:12 GMT-0400 (Eastern Daylight Time)","476115","1","3","","null","","","","observe","","img/3to2/1.png","null","90","704","0.5","0.1","3","2","",""
"animation","275","317791","0.0-5.0-2.135","63652b3ed1f35f8e04325845","bdp_cybrbll","Mon Mar 27 2023 10:14:12 GMT-0400 (Eastern Daylight Time)","476115","1","3","","","","","","","","","","90","","","","3","2","[{""stimulus"":""img/3to2/1.png"",""time"":114},{""stimulus"":""img/3to2/2.png"",""time"":207},{""stimulus"":""img/3to2/3.png"",""time"":300},{""stimulus"":""img/3to2/4.png"",""time"":397},{""stimulus"":""img/3to2/5.png"",""time"":510},{""stimulus"":""img/3to2/6.png"",""time"":603},{""stimulus"":""img/3to2/7.png"",""time"":694},{""stimulus"":""img/3to2/8.png"",""time"":792},{""stimulus"":""img/3to2/9.png"",""time"":899},{""stimulus"":""img/3to2/10.png"",""time"":1001},{""stimulus"":""img/3to2/11.png"",""time"":1089},{""stimulus"":""img/3to2/12.png"",""time"":1203}]","[]"
"image-keyboard-response","276","317978","0.0-5.0-1.136","63652b3ed1f35f8e04325845","bdp_cybrbll","Mon Mar 27 2023 10:14:12 GMT-0400 (Eastern Daylight Time)","476115","1","3","","186","","","","choice","","img/2to1/1.png","1","89","550","0.5","0.1","2","1","",""
"animation","277","319266","0.0-5.0-2.136","63652b3ed1f35f8e04325845","bdp_cybrbll","Mon Mar 27 2023 10:14:12 GMT-0400 (Eastern Daylight Time)","476115","1","3","","","","","","","","","","89","","","","2","1","[{""stimulus"":""img/2to1/1.png"",""time"":101},{""stimulus"":""img/2to1/2.png"",""time"":206},{""stimulus"":""img/2to1/3.png"",""time"":300},{""stimulus"":""img/2to1/4.png"",""time"":411},{""stimulus"":""img/2to1/5.png"",""time"":497},{""stimulus"":""img/2to1/6.png"",""time"":600},{""stimulus"":""img/2to1/7.png"",""time"":709},{""stimulus"":""img/2to1/8.png"",""time"":793},{""stimulus"":""img/2to1/9.png"",""time"":893},{""stimulus"":""img/2to1/10.png"",""time"":992},{""stimulus"":""img/2to1/11.png"",""time"":1101},{""stimulus"":""img/2to1/12.png"",""time"":1194}]","[]"
"image-keyboard-response","278","319832","0.0-5.0-1.137","63652b3ed1f35f8e04325845","bdp_cybrbll","Mon Mar 27 2023 10:14:12 GMT-0400 (Eastern Daylight Time)","476115","1","3","","null","","","","observe","","img/1to3/1.png","null","88","552","0.5","0.1","1","3","",""
"animation","279","321120","0.0-5.0-2.137","63652b3ed1f35f8e04325845","bdp_cybrbll","Mon Mar 27 2023 10:14:12 GMT-0400 (Eastern Daylight Time)","476115","1","3","","","","","","","","","","88","","","","1","3","[{""stimulus"":""img/1to3/1.png"",""time"":112},{""stimulus"":""img/1to3/2.png"",""time"":210},{""stimulus"":""img/1to3/3.png"",""time"":298},{""stimulus"":""img/1to3/4.png"",""time"":411},{""stimulus"":""img/1to3/5.png"",""time"":496},{""stimulus"":""img/1to3/6.png"",""time"":595},{""stimulus"":""img/1to3/7.png"",""time"":718},{""stimulus"":""img/1to3/8.png"",""time"":795},{""stimulus"":""img/1to3/9.png"",""time"":892},{""stimulus"":""img/1to3/10.png"",""time"":996},{""stimulus"":""img/1to3/11.png"",""time"":1104},{""stimulus"":""img/1to3/12.png"",""time"":1190}]","[]"
"image-keyboard-response","280","321418","0.0-5.0-1.138","63652b3ed1f35f8e04325845","bdp_cybrbll","Mon Mar 27 2023 10:14:12 GMT-0400 (Eastern Daylight Time)","476115","1","3","","null","","","","observe","","img/3to2/1.png","null","87","292","0.5","0.1","3","1","",""
"animation","281","322708","0.0-5.0-2.138","63652b3ed1f35f8e04325845","bdp_cybrbll","Mon Mar 27 2023 10:14:12 GMT-0400 (Eastern Daylight Time)","476115","1","3","","","","","","","","","","87","","","","3","1","[{""stimulus"":""img/3to1/1.png"",""time"":108},{""stimulus"":""img/3to1/2.png"",""time"":200},{""stimulus"":""img/3to1/3.png"",""time"":298},{""stimulus"":""img/3to1/4.png"",""time"":399},{""stimulus"":""img/3to1/5.png"",""time"":509},{""stimulus"":""img/3to1/6.png"",""time"":595},{""stimulus"":""img/3to1/7.png"",""time"":700},{""stimulus"":""img/3to1/8.png"",""time"":793},{""stimulus"":""img/3to1/9.png"",""time"":892},{""stimulus"":""img/3to1/10.png"",""time"":991},{""stimulus"":""img/3to1/11.png"",""time"":1090},{""stimulus"":""img/3to1/12.png"",""time"":1189}]","[]"
"image-keyboard-response","282","323005","0.0-5.0-1.139","63652b3ed1f35f8e04325845","bdp_cybrbll","Mon Mar 27 2023 10:14:12 GMT-0400 (Eastern Daylight Time)","476115","1","3","","null","","","","observe","","img/1to3/1.png","null","86","281","0.5","0.1","1","3","",""
"animation","283","324294","0.0-5.0-2.139","63652b3ed1f35f8e04325845","bdp_cybrbll","Mon Mar 27 2023 10:14:12 GMT-0400 (Eastern Daylight Time)","476115","1","3","","","","","","","","","","86","","","","1","3","[{""stimulus"":""img/1to3/1.png"",""time"":109},{""stimulus"":""img/1to3/2.png"",""time"":202},{""stimulus"":""img/1to3/3.png"",""time"":310},{""stimulus"":""img/1to3/4.png"",""time"":396},{""stimulus"":""img/1to3/5.png"",""time"":500},{""stimulus"":""img/1to3/6.png"",""time"":594},{""stimulus"":""img/1to3/7.png"",""time"":694},{""stimulus"":""img/1to3/8.png"",""time"":807},{""stimulus"":""img/1to3/9.png"",""time"":900},{""stimulus"":""img/1to3/10.png"",""time"":991},{""stimulus"":""img/1to3/11.png"",""time"":1090},{""stimulus"":""img/1to3/12.png"",""time"":1194}]","[]"
"image-keyboard-response","284","325874","0.0-5.0-1.140","63652b3ed1f35f8e04325845","bdp_cybrbll","Mon Mar 27 2023 10:14:12 GMT-0400 (Eastern Daylight Time)","476115","1","3","","null","","","","observe","","img/3to2/1.png","null","85","1567","0.5","0.1","3","2","",""
"animation","285","327162","0.0-5.0-2.140","63652b3ed1f35f8e04325845","bdp_cybrbll","Mon Mar 27 2023 10:14:12 GMT-0400 (Eastern Daylight Time)","476115","1","3","","","","","","","","","","85","","","","3","2","[{""stimulus"":""img/3to2/1.png"",""time"":109},{""stimulus"":""img/3to2/2.png"",""time"":198},{""stimulus"":""img/3to2/3.png"",""time"":302},{""stimulus"":""img/3to2/4.png"",""time"":397},{""stimulus"":""img/3to2/5.png"",""time"":504},{""stimulus"":""img/3to2/6.png"",""time"":597},{""stimulus"":""img/3to2/7.png"",""time"":706},{""stimulus"":""img/3to2/8.png"",""time"":793},{""stimulus"":""img/3to2/9.png"",""time"":891},{""stimulus"":""img/3to2/10.png"",""time"":990},{""stimulus"":""img/3to2/11.png"",""time"":1096},{""stimulus"":""img/3to2/12.png"",""time"":1189}]","[]"
"image-keyboard-response","286","327290","0.0-5.0-1.141","63652b3ed1f35f8e04325845","bdp_cybrbll","Mon Mar 27 2023 10:14:12 GMT-0400 (Eastern Daylight Time)","476115","1","3","","127","","","","choice","","img/2to1/1.png","1","84","159","0.5","0.1","2","1","",""
"animation","287","328578","0.0-5.0-2.141","63652b3ed1f35f8e04325845","bdp_cybrbll","Mon Mar 27 2023 10:14:12 GMT-0400 (Eastern Daylight Time)","476115","1","3","","","","","","","","","","84","","","","2","1","[{""stimulus"":""img/2to1/1.png"",""time"":99},{""stimulus"":""img/2to1/2.png"",""time"":213},{""stimulus"":""img/2to1/3.png"",""time"":306},{""stimulus"":""img/2to1/4.png"",""time"":399},{""stimulus"":""img/2to1/5.png"",""time"":508},{""stimulus"":""img/2to1/6.png"",""time"":595},{""stimulus"":""img/2to1/7.png"",""time"":695},{""stimulus"":""img/2to1/8.png"",""time"":804},{""stimulus"":""img/2to1/9.png"",""time"":891},{""stimulus"":""img/2to1/10.png"",""time"":991},{""stimulus"":""img/2to1/11.png"",""time"":1100},{""stimulus"":""img/2to1/12.png"",""time"":1194}]","[]"
"image-keyboard-response","288","328850","0.0-5.0-1.142","63652b3ed1f35f8e04325845","bdp_cybrbll","Mon Mar 27 2023 10:14:12 GMT-0400 (Eastern Daylight Time)","476115","1","3","","null","","","","observe","","img/1to3/1.png","null","83","268","0.5","0.1","1","3","",""
"animation","289","330137","0.0-5.0-2.142","63652b3ed1f35f8e04325845","bdp_cybrbll","Mon Mar 27 2023 10:14:12 GMT-0400 (Eastern Daylight Time)","476115","1","3","","","","","","","","","","83","","","","1","3","[{""stimulus"":""img/1to3/1.png"",""time"":107},{""stimulus"":""img/1to3/2.png"",""time"":203},{""stimulus"":""img/1to3/3.png"",""time"":298},{""stimulus"":""img/1to3/4.png"",""time"":396},{""stimulus"":""img/1to3/5.png"",""time"":507},{""stimulus"":""img/1to3/6.png"",""time"":599},{""stimulus"":""img/1to3/7.png"",""time"":709},{""stimulus"":""img/1to3/8.png"",""time"":792},{""stimulus"":""img/1to3/9.png"",""time"":904},{""stimulus"":""img/1to3/10.png"",""time"":991},{""stimulus"":""img/1to3/11.png"",""time"":1091},{""stimulus"":""img/1to3/12.png"",""time"":1199}]","[]"
"image-keyboard-response","290","330326","0.0-5.0-1.143","63652b3ed1f35f8e04325845","bdp_cybrbll","Mon Mar 27 2023 10:14:12 GMT-0400 (Eastern Daylight Time)","476115","1","3","","null","","","","observe","","img/3to2/1.png","null","82","188","0.5","0.1","3","1","",""
"animation","291","331619","0.0-5.0-2.143","63652b3ed1f35f8e04325845","bdp_cybrbll","Mon Mar 27 2023 10:14:12 GMT-0400 (Eastern Daylight Time)","476115","1","3","","","","","","","","","","82","","","","3","1","[{""stimulus"":""img/3to1/1.png"",""time"":103},{""stimulus"":""img/3to1/2.png"",""time"":198},{""stimulus"":""img/3to1/3.png"",""time"":303},{""stimulus"":""img/3to1/4.png"",""time"":411},{""stimulus"":""img/3to1/5.png"",""time"":495},{""stimulus"":""img/3to1/6.png"",""time"":594},{""stimulus"":""img/3to1/7.png"",""time"":707},{""stimulus"":""img/3to1/8.png"",""time"":793},{""stimulus"":""img/3to1/9.png"",""time"":892},{""stimulus"":""img/3to1/10.png"",""time"":991},{""stimulus"":""img/3to1/11.png"",""time"":1090},{""stimulus"":""img/3to1/12.png"",""time"":1199}]","[]"
"image-keyboard-response","292","331944","0.0-5.0-1.144","63652b3ed1f35f8e04325845","bdp_cybrbll","Mon Mar 27 2023 10:14:12 GMT-0400 (Eastern Daylight Time)","476115","1","3","","null","","","","observe","","img/1to3/1.png","null","81","324","0.5","0.1","1","2","",""
"animation","293","333233","0.0-5.0-2.144","63652b3ed1f35f8e04325845","bdp_cybrbll","Mon Mar 27 2023 10:14:12 GMT-0400 (Eastern Daylight Time)","476115","1","3","","","","","","","","","","81","","","","1","2","[{""stimulus"":""img/1to2/1.png"",""time"":115},{""stimulus"":""img/1to2/2.png"",""time"":209},{""stimulus"":""img/1to2/3.png"",""time"":298},{""stimulus"":""img/1to2/4.png"",""time"":413},{""stimulus"":""img/1to2/5.png"",""time"":497},{""stimulus"":""img/1to2/6.png"",""time"":599},{""stimulus"":""img/1to2/7.png"",""time"":707},{""stimulus"":""img/1to2/8.png"",""time"":794},{""stimulus"":""img/1to2/9.png"",""time"":903},{""stimulus"":""img/1to2/10.png"",""time"":991},{""stimulus"":""img/1to2/11.png"",""time"":1090},{""stimulus"":""img/1to2/12.png"",""time"":1189}]","[]"
"image-keyboard-response","294","333466","0.0-5.0-1.145","63652b3ed1f35f8e04325845","bdp_cybrbll","Mon Mar 27 2023 10:14:12 GMT-0400 (Eastern Daylight Time)","476115","1","3","","233","","","","choice","","img/2to1/1.png","2","80","462","0.5","0.1","2","3","",""
"animation","295","334756","0.0-5.0-2.145","63652b3ed1f35f8e04325845","bdp_cybrbll","Mon Mar 27 2023 10:14:12 GMT-0400 (Eastern Daylight Time)","476115","1","3","","","","","","","","","","80","","","","2","3","[{""stimulus"":""img/2to3/1.png"",""time"":101},{""stimulus"":""img/2to3/2.png"",""time"":209},{""stimulus"":""img/2to3/3.png"",""time"":302},{""stimulus"":""img/2to3/4.png"",""time"":411},{""stimulus"":""img/2to3/5.png"",""time"":503},{""stimulus"":""img/2to3/6.png"",""time"":597},{""stimulus"":""img/2to3/7.png"",""time"":706},{""stimulus"":""img/2to3/8.png"",""time"":793},{""stimulus"":""img/2to3/9.png"",""time"":893},{""stimulus"":""img/2to3/10.png"",""time"":991},{""stimulus"":""img/2to3/11.png"",""time"":1103},{""stimulus"":""img/2to3/12.png"",""time"":1189}]","[]"
"image-keyboard-response","296","335939","0.0-5.0-1.146","63652b3ed1f35f8e04325845","bdp_cybrbll","Mon Mar 27 2023 10:14:12 GMT-0400 (Eastern Daylight Time)","476115","1","3","","null","","","","observe","","img/3to2/1.png","null","79","1175","0.5","0.1","3","1","",""
"animation","297","337228","0.0-5.0-2.146","63652b3ed1f35f8e04325845","bdp_cybrbll","Mon Mar 27 2023 10:14:12 GMT-0400 (Eastern Daylight Time)","476115","1","3","","","","","","","","","","79","","","","3","1","[{""stimulus"":""img/3to1/1.png"",""time"":109},{""stimulus"":""img/3to1/2.png"",""time"":204},{""stimulus"":""img/3to1/3.png"",""time"":299},{""stimulus"":""img/3to1/4.png"",""time"":411},{""stimulus"":""img/3to1/5.png"",""time"":505},{""stimulus"":""img/3to1/6.png"",""time"":597},{""stimulus"":""img/3to1/7.png"",""time"":694},{""stimulus"":""img/3to1/8.png"",""time"":793},{""stimulus"":""img/3to1/9.png"",""time"":894},{""stimulus"":""img/3to1/10.png"",""time"":991},{""stimulus"":""img/3to1/11.png"",""time"":1103},{""stimulus"":""img/3to1/12.png"",""time"":1189}]","[]"
"image-keyboard-response","298","337812","0.0-5.0-1.147","63652b3ed1f35f8e04325845","bdp_cybrbll","Mon Mar 27 2023 10:14:12 GMT-0400 (Eastern Daylight Time)","476115","1","3","","null","","","","observe","","img/1to3/1.png","null","78","568","0.5","0.1","1","2","",""
"animation","299","339113","0.0-5.0-2.147","63652b3ed1f35f8e04325845","bdp_cybrbll","Mon Mar 27 2023 10:14:12 GMT-0400 (Eastern Daylight Time)","476115","1","3","","","","","","","","","","78","","","","1","2","[{""stimulus"":""img/1to2/1.png"",""time"":108},{""stimulus"":""img/1to2/2.png"",""time"":201},{""stimulus"":""img/1to2/3.png"",""time"":311},{""stimulus"":""img/1to2/4.png"",""time"":397},{""stimulus"":""img/1to2/5.png"",""time"":496},{""stimulus"":""img/1to2/6.png"",""time"":597},{""stimulus"":""img/1to2/7.png"",""time"":705},{""stimulus"":""img/1to2/8.png"",""time"":798},{""stimulus"":""img/1to2/9.png"",""time"":892},{""stimulus"":""img/1to2/10.png"",""time"":990},{""stimulus"":""img/1to2/11.png"",""time"":1090},{""stimulus"":""img/1to2/12.png"",""time"":1193}]","[]"
"image-keyboard-response","300","339962","0.0-5.0-1.148","63652b3ed1f35f8e04325845","bdp_cybrbll","Mon Mar 27 2023 10:14:12 GMT-0400 (Eastern Daylight Time)","476115","1","3","","848","","","","choice","","img/2to1/1.png","1","77","226","0.5","0.1","2","1","",""
"animation","301","341262","0.0-5.0-2.148","63652b3ed1f35f8e04325845","bdp_cybrbll","Mon Mar 27 2023 10:14:12 GMT-0400 (Eastern Daylight Time)","476115","1","3","","","","","","","","","","77","","","","2","1","[{""stimulus"":""img/2to1/1.png"",""time"":99},{""stimulus"":""img/2to1/2.png"",""time"":205},{""stimulus"":""img/2to1/3.png"",""time"":299},{""stimulus"":""img/2to1/4.png"",""time"":407},{""stimulus"":""img/2to1/5.png"",""time"":496},{""stimulus"":""img/2to1/6.png"",""time"":601},{""stimulus"":""img/2to1/7.png"",""time"":695},{""stimulus"":""img/2to1/8.png"",""time"":804},{""stimulus"":""img/2to1/9.png"",""time"":896},{""stimulus"":""img/2to1/10.png"",""time"":991},{""stimulus"":""img/2to1/11.png"",""time"":1097},{""stimulus"":""img/2to1/12.png"",""time"":1191}]","[]"
"image-keyboard-response","302","341578","0.0-5.0-1.149","63652b3ed1f35f8e04325845","bdp_cybrbll","Mon Mar 27 2023 10:14:12 GMT-0400 (Eastern Daylight Time)","476115","1","3","","null","","","","observe","","img/1to3/1.png","null","76","300","0.5","0.1","1","3","",""
"animation","303","342866","0.0-5.0-2.149","63652b3ed1f35f8e04325845","bdp_cybrbll","Mon Mar 27 2023 10:14:12 GMT-0400 (Eastern Daylight Time)","476115","1","3","","","","","","","","","","76","","","","1","3","[{""stimulus"":""img/1to3/1.png"",""time"":110},{""stimulus"":""img/1to3/2.png"",""time"":199},{""stimulus"":""img/1to3/3.png"",""time"":311},{""stimulus"":""img/1to3/4.png"",""time"":404},{""stimulus"":""img/1to3/5.png"",""time"":498},{""stimulus"":""img/1to3/6.png"",""time"":594},{""stimulus"":""img/1to3/7.png"",""time"":701},{""stimulus"":""img/1to3/8.png"",""time"":795},{""stimulus"":""img/1to3/9.png"",""time"":891},{""stimulus"":""img/1to3/10.png"",""time"":1005},{""stimulus"":""img/1to3/11.png"",""time"":1090},{""stimulus"":""img/1to3/12.png"",""time"":1191}]","[]"
"image-keyboard-response","304","343499","0.0-5.0-1.150","63652b3ed1f35f8e04325845","bdp_cybrbll","Mon Mar 27 2023 10:14:12 GMT-0400 (Eastern Daylight Time)","476115","1","3","","null","","","","observe","","img/3to2/1.png","null","75","618","0.5","0.1","3","1","",""
"animation","305","344789","0.0-5.0-2.150","63652b3ed1f35f8e04325845","bdp_cybrbll","Mon Mar 27 2023 10:14:12 GMT-0400 (Eastern Daylight Time)","476115","1","3","","","","","","","","","","75","","","","3","1","[{""stimulus"":""img/3to1/1.png"",""time"":108},{""stimulus"":""img/3to1/2.png"",""time"":198},{""stimulus"":""img/3to1/3.png"",""time"":313},{""stimulus"":""img/3to1/4.png"",""time"":397},{""stimulus"":""img/3to1/5.png"",""time"":506},{""stimulus"":""img/3to1/6.png"",""time"":598},{""stimulus"":""img/3to1/7.png"",""time"":706},{""stimulus"":""img/3to1/8.png"",""time"":800},{""stimulus"":""img/3to1/9.png"",""time"":894},{""stimulus"":""img/3to1/10.png"",""time"":993},{""stimulus"":""img/3to1/11.png"",""time"":1101},{""stimulus"":""img/3to1/12.png"",""time"":1189}]","[]"
"image-keyboard-response","306","345684","0.0-5.0-1.151","63652b3ed1f35f8e04325845","bdp_cybrbll","Mon Mar 27 2023 10:14:12 GMT-0400 (Eastern Daylight Time)","476115","1","3","","null","","","","observe","","img/1to3/1.png","null","74","892","0.5","0.5","1","2","",""
"animation","307","346976","0.0-5.0-2.151","63652b3ed1f35f8e04325845","bdp_cybrbll","Mon Mar 27 2023 10:14:12 GMT-0400 (Eastern Daylight Time)","476115","1","3","","","","","","","","","","74","","","","1","2","[{""stimulus"":""img/1to2/1.png"",""time"":109},{""stimulus"":""img/1to2/2.png"",""time"":202},{""stimulus"":""img/1to2/3.png"",""time"":301},{""stimulus"":""img/1to2/4.png"",""time"":396},{""stimulus"":""img/1to2/5.png"",""time"":502},{""stimulus"":""img/1to2/6.png"",""time"":595},{""stimulus"":""img/1to2/7.png"",""time"":708},{""stimulus"":""img/1to2/8.png"",""time"":792},{""stimulus"":""img/1to2/9.png"",""time"":899},{""stimulus"":""img/1to2/10.png"",""time"":991},{""stimulus"":""img/1to2/11.png"",""time"":1089},{""stimulus"":""img/1to2/12.png"",""time"":1196}]","[]"
"image-keyboard-response","308","347930","0.0-5.0-1.152","63652b3ed1f35f8e04325845","bdp_cybrbll","Mon Mar 27 2023 10:14:12 GMT-0400 (Eastern Daylight Time)","476115","1","3","","954","","","","choice","","img/2to1/1.png","2","73","159","0.5","0.5","2","3","",""
"animation","309","349217","0.0-5.0-2.152","63652b3ed1f35f8e04325845","bdp_cybrbll","Mon Mar 27 2023 10:14:12 GMT-0400 (Eastern Daylight Time)","476115","1","3","","","","","","","","","","73","","","","2","3","[{""stimulus"":""img/2to3/1.png"",""time"":100},{""stimulus"":""img/2to3/2.png"",""time"":210},{""stimulus"":""img/2to3/3.png"",""time"":303},{""stimulus"":""img/2to3/4.png"",""time"":397},{""stimulus"":""img/2to3/5.png"",""time"":507},{""stimulus"":""img/2to3/6.png"",""time"":595},{""stimulus"":""img/2to3/7.png"",""time"":704},{""stimulus"":""img/2to3/8.png"",""time"":793},{""stimulus"":""img/2to3/9.png"",""time"":906},{""stimulus"":""img/2to3/10.png"",""time"":990},{""stimulus"":""img/2to3/11.png"",""time"":1101},{""stimulus"":""img/2to3/12.png"",""time"":1188}]","[]"
"image-keyboard-response","310","349522","0.0-5.0-1.153","63652b3ed1f35f8e04325845","bdp_cybrbll","Mon Mar 27 2023 10:14:12 GMT-0400 (Eastern Daylight Time)","476115","1","3","","null","","","","observe","","img/3to2/1.png","null","72","291","0.5","0.5","3","2","",""
"animation","311","350809","0.0-5.0-2.153","63652b3ed1f35f8e04325845","bdp_cybrbll","Mon Mar 27 2023 10:14:12 GMT-0400 (Eastern Daylight Time)","476115","1","3","","","","","","","","","","72","","","","3","2","[{""stimulus"":""img/3to2/1.png"",""time"":108},{""stimulus"":""img/3to2/2.png"",""time"":199},{""stimulus"":""img/3to2/3.png"",""time"":312},{""stimulus"":""img/3to2/4.png"",""time"":396},{""stimulus"":""img/3to2/5.png"",""time"":504},{""stimulus"":""img/3to2/6.png"",""time"":596},{""stimulus"":""img/3to2/7.png"",""time"":705},{""stimulus"":""img/3to2/8.png"",""time"":800},{""stimulus"":""img/3to2/9.png"",""time"":892},{""stimulus"":""img/3to2/10.png"",""time"":997},{""stimulus"":""img/3to2/11.png"",""time"":1089},{""stimulus"":""img/3to2/12.png"",""time"":1200}]","[]"
"image-keyboard-response","312","352458","0.0-5.0-1.154","63652b3ed1f35f8e04325845","bdp_cybrbll","Mon Mar 27 2023 10:14:12 GMT-0400 (Eastern Daylight Time)","476115","1","3","","1649","","","","choice","","img/2to1/1.png","1","71","199","0.5","0.5","2","1","",""
"animation","313","353745","0.0-5.0-2.154","63652b3ed1f35f8e04325845","bdp_cybrbll","Mon Mar 27 2023 10:14:12 GMT-0400 (Eastern Daylight Time)","476115","1","3","","","","","","","","","","71","","","","2","1","[{""stimulus"":""img/2to1/1.png"",""time"":100},{""stimulus"":""img/2to1/2.png"",""time"":198},{""stimulus"":""img/2to1/3.png"",""time"":298},{""stimulus"":""img/2to1/4.png"",""time"":397},{""stimulus"":""img/2to1/5.png"",""time"":500},{""stimulus"":""img/2to1/6.png"",""time"":603},{""stimulus"":""img/2to1/7.png"",""time"":696},{""stimulus"":""img/2to1/8.png"",""time"":805},{""stimulus"":""img/2to1/9.png"",""time"":899},{""stimulus"":""img/2to1/10.png"",""time"":994},{""stimulus"":""img/2to1/11.png"",""time"":1090},{""stimulus"":""img/2to1/12.png"",""time"":1199}]","[]"
"image-keyboard-response","314","354596","0.0-5.0-1.155","63652b3ed1f35f8e04325845","bdp_cybrbll","Mon Mar 27 2023 10:14:12 GMT-0400 (Eastern Daylight Time)","476115","1","3","","null","","","","observe","","img/1to3/1.png","null","70","839","0.5","0.5","1","2","",""
"animation","315","355886","0.0-5.0-2.155","63652b3ed1f35f8e04325845","bdp_cybrbll","Mon Mar 27 2023 10:14:12 GMT-0400 (Eastern Daylight Time)","476115","1","3","","","","","","","","","","70","","","","1","2","[{""stimulus"":""img/1to2/1.png"",""time"":109},{""stimulus"":""img/1to2/2.png"",""time"":202},{""stimulus"":""img/1to2/3.png"",""time"":313},{""stimulus"":""img/1to2/4.png"",""time"":408},{""stimulus"":""img/1to2/5.png"",""time"":496},{""stimulus"":""img/1to2/6.png"",""time"":594},{""stimulus"":""img/1to2/7.png"",""time"":705},{""stimulus"":""img/1to2/8.png"",""time"":799},{""stimulus"":""img/1to2/9.png"",""time"":891},{""stimulus"":""img/1to2/10.png"",""time"":995},{""stimulus"":""img/1to2/11.png"",""time"":1090},{""stimulus"":""img/1to2/12.png"",""time"":1190}]","[]"
"image-keyboard-response","316","356994","0.0-5.0-1.156","63652b3ed1f35f8e04325845","bdp_cybrbll","Mon Mar 27 2023 10:14:12 GMT-0400 (Eastern Daylight Time)","476115","1","3","","1108","","","","choice","","img/2to1/1.png","2","69","350","0.5","0.5","2","3","",""
"animation","317","358282","0.0-5.0-2.156","63652b3ed1f35f8e04325845","bdp_cybrbll","Mon Mar 27 2023 10:14:12 GMT-0400 (Eastern Daylight Time)","476115","1","3","","","","","","","","","","69","","","","2","3","[{""stimulus"":""img/2to3/1.png"",""time"":100},{""stimulus"":""img/2to3/2.png"",""time"":205},{""stimulus"":""img/2to3/3.png"",""time"":298},{""stimulus"":""img/2to3/4.png"",""time"":407},{""stimulus"":""img/2to3/5.png"",""time"":500},{""stimulus"":""img/2to3/6.png"",""time"":610},{""stimulus"":""img/2to3/7.png"",""time"":702},{""stimulus"":""img/2to3/8.png"",""time"":796},{""stimulus"":""img/2to3/9.png"",""time"":904},{""stimulus"":""img/2to3/10.png"",""time"":997},{""stimulus"":""img/2to3/11.png"",""time"":1091},{""stimulus"":""img/2to3/12.png"",""time"":1200}]","[]"
"image-keyboard-response","318","359040","0.0-5.0-1.157","63652b3ed1f35f8e04325845","bdp_cybrbll","Mon Mar 27 2023 10:14:12 GMT-0400 (Eastern Daylight Time)","476115","1","3","","null","","","","observe","","img/3to2/1.png","null","68","747","0.5","0.5","3","1","",""
"animation","319","360328","0.0-5.0-2.157","63652b3ed1f35f8e04325845","bdp_cybrbll","Mon Mar 27 2023 10:14:12 GMT-0400 (Eastern Daylight Time)","476115","1","3","","","","","","","","","","68","","","","3","1","[{""stimulus"":""img/3to1/1.png"",""time"":110},{""stimulus"":""img/3to1/2.png"",""time"":203},{""stimulus"":""img/3to1/3.png"",""time"":299},{""stimulus"":""img/3to1/4.png"",""time"":404},{""stimulus"":""img/3to1/5.png"",""time"":496},{""stimulus"":""img/3to1/6.png"",""time"":599},{""stimulus"":""img/3to1/7.png"",""time"":706},{""stimulus"":""img/3to1/8.png"",""time"":799},{""stimulus"":""img/3to1/9.png"",""time"":893},{""stimulus"":""img/3to1/10.png"",""time"":992},{""stimulus"":""img/3to1/11.png"",""time"":1103},{""stimulus"":""img/3to1/12.png"",""time"":1189}]","[]"
"image-keyboard-response","320","360788","0.0-5.0-1.158","63652b3ed1f35f8e04325845","bdp_cybrbll","Mon Mar 27 2023 10:14:12 GMT-0400 (Eastern Daylight Time)","476115","1","3","","null","","","","observe","","img/1to3/1.png","null","67","453","0.5","0.5","1","3","",""
"animation","321","362078","0.0-5.0-2.158","63652b3ed1f35f8e04325845","bdp_cybrbll","Mon Mar 27 2023 10:14:12 GMT-0400 (Eastern Daylight Time)","476115","1","3","","","","","","","","","","67","","","","1","3","[{""stimulus"":""img/1to3/1.png"",""time"":111},{""stimulus"":""img/1to3/2.png"",""time"":199},{""stimulus"":""img/1to3/3.png"",""time"":298},{""stimulus"":""img/1to3/4.png"",""time"":398},{""stimulus"":""img/1to3/5.png"",""time"":496},{""stimulus"":""img/1to3/6.png"",""time"":595},{""stimulus"":""img/1to3/7.png"",""time"":709},{""stimulus"":""img/1to3/8.png"",""time"":792},{""stimulus"":""img/1to3/9.png"",""time"":892},{""stimulus"":""img/1to3/10.png"",""time"":992},{""stimulus"":""img/1to3/11.png"",""time"":1091},{""stimulus"":""img/1to3/12.png"",""time"":1189}]","[]"
"image-keyboard-response","322","362571","0.0-5.0-1.159","63652b3ed1f35f8e04325845","bdp_cybrbll","Mon Mar 27 2023 10:14:12 GMT-0400 (Eastern Daylight Time)","476115","1","3","","null","","","","observe","","img/3to2/1.png","null","66","493","0.5","0.5","3","1","",""
"animation","323","363864","0.0-5.0-2.159","63652b3ed1f35f8e04325845","bdp_cybrbll","Mon Mar 27 2023 10:14:12 GMT-0400 (Eastern Daylight Time)","476115","1","3","","","","","","","","","","66","","","","3","1","[{""stimulus"":""img/3to1/1.png"",""time"":112},{""stimulus"":""img/3to1/2.png"",""time"":199},{""stimulus"":""img/3to1/3.png"",""time"":312},{""stimulus"":""img/3to1/4.png"",""time"":397},{""stimulus"":""img/3to1/5.png"",""time"":500},{""stimulus"":""img/3to1/6.png"",""time"":595},{""stimulus"":""img/3to1/7.png"",""time"":694},{""stimulus"":""img/3to1/8.png"",""time"":793},{""stimulus"":""img/3to1/9.png"",""time"":892},{""stimulus"":""img/3to1/10.png"",""time"":991},{""stimulus"":""img/3to1/11.png"",""time"":1091},{""stimulus"":""img/3to1/12.png"",""time"":1200}]","[]"
"image-keyboard-response","324","364142","0.0-5.0-1.160","63652b3ed1f35f8e04325845","bdp_cybrbll","Mon Mar 27 2023 10:14:12 GMT-0400 (Eastern Daylight Time)","476115","1","3","","null","","","","observe","","img/1to3/1.png","null","65","277","0.5","0.5","1","3","",""
"animation","325","365430","0.0-5.0-2.160","63652b3ed1f35f8e04325845","bdp_cybrbll","Mon Mar 27 2023 10:14:12 GMT-0400 (Eastern Daylight Time)","476115","1","3","","","","","","","","","","65","","","","1","3","[{""stimulus"":""img/1to3/1.png"",""time"":114},{""stimulus"":""img/1to3/2.png"",""time"":200},{""stimulus"":""img/1to3/3.png"",""time"":302},{""stimulus"":""img/1to3/4.png"",""time"":410},{""stimulus"":""img/1to3/5.png"",""time"":503},{""stimulus"":""img/1to3/6.png"",""time"":599},{""stimulus"":""img/1to3/7.png"",""time"":694},{""stimulus"":""img/1to3/8.png"",""time"":793},{""stimulus"":""img/1to3/9.png"",""time"":893},{""stimulus"":""img/1to3/10.png"",""time"":992},{""stimulus"":""img/1to3/11.png"",""time"":1091},{""stimulus"":""img/1to3/12.png"",""time"":1196}]","[]"
"image-keyboard-response","326","365720","0.0-5.0-1.161","63652b3ed1f35f8e04325845","bdp_cybrbll","Mon Mar 27 2023 10:14:12 GMT-0400 (Eastern Daylight Time)","476115","1","3","","null","","","","observe","","img/3to2/1.png","null","64","269","0.5","0.5","3","1","",""
"animation","327","367007","0.0-5.0-2.161","63652b3ed1f35f8e04325845","bdp_cybrbll","Mon Mar 27 2023 10:14:12 GMT-0400 (Eastern Daylight Time)","476115","1","3","","","","","","","","","","64","","","","3","1","[{""stimulus"":""img/3to1/1.png"",""time"":109},{""stimulus"":""img/3to1/2.png"",""time"":198},{""stimulus"":""img/3to1/3.png"",""time"":310},{""stimulus"":""img/3to1/4.png"",""time"":396},{""stimulus"":""img/3to1/5.png"",""time"":502},{""stimulus"":""img/3to1/6.png"",""time"":594},{""stimulus"":""img/3to1/7.png"",""time"":705},{""stimulus"":""img/3to1/8.png"",""time"":798},{""stimulus"":""img/3to1/9.png"",""time"":891},{""stimulus"":""img/3to1/10.png"",""time"":1008},{""stimulus"":""img/3to1/11.png"",""time"":1100},{""stimulus"":""img/3to1/12.png"",""time"":1188}]","[]"
"image-keyboard-response","328","367645","0.0-5.0-1.162","63652b3ed1f35f8e04325845","bdp_cybrbll","Mon Mar 27 2023 10:14:12 GMT-0400 (Eastern Daylight Time)","476115","1","3","","null","","","","observe","","img/1to3/1.png","null","63","636","0.5","0.5","1","2","",""
"animation","329","368933","0.0-5.0-2.162","63652b3ed1f35f8e04325845","bdp_cybrbll","Mon Mar 27 2023 10:14:12 GMT-0400 (Eastern Daylight Time)","476115","1","3","","","","","","","","","","63","","","","1","2","[{""stimulus"":""img/1to2/1.png"",""time"":104},{""stimulus"":""img/1to2/2.png"",""time"":199},{""stimulus"":""img/1to2/3.png"",""time"":304},{""stimulus"":""img/1to2/4.png"",""time"":400},{""stimulus"":""img/1to2/5.png"",""time"":508},{""stimulus"":""img/1to2/6.png"",""time"":609},{""stimulus"":""img/1to2/7.png"",""time"":701},{""stimulus"":""img/1to2/8.png"",""time"":808},{""stimulus"":""img/1to2/9.png"",""time"":892},{""stimulus"":""img/1to2/10.png"",""time"":995},{""stimulus"":""img/1to2/11.png"",""time"":1100},{""stimulus"":""img/1to2/12.png"",""time"":1192}]","[]"
"image-keyboard-response","330","368986","0.0-5.0-1.163","63652b3ed1f35f8e04325845","bdp_cybrbll","Mon Mar 27 2023 10:14:12 GMT-0400 (Eastern Daylight Time)","476115","1","3","","53","","","","choice","","img/2to1/1.png","2","62","703","0.5","0.5","2","3","",""
"animation","331","370273","0.0-5.0-2.163","63652b3ed1f35f8e04325845","bdp_cybrbll","Mon Mar 27 2023 10:14:12 GMT-0400 (Eastern Daylight Time)","476115","1","3","","","","","","","","","","62","","","","2","3","[{""stimulus"":""img/2to3/1.png"",""time"":103},{""stimulus"":""img/2to3/2.png"",""time"":199},{""stimulus"":""img/2to3/3.png"",""time"":309},{""stimulus"":""img/2to3/4.png"",""time"":402},{""stimulus"":""img/2to3/5.png"",""time"":510},{""stimulus"":""img/2to3/6.png"",""time"":603},{""stimulus"":""img/2to3/7.png"",""time"":696},{""stimulus"":""img/2to3/8.png"",""time"":793},{""stimulus"":""img/2to3/9.png"",""time"":905},{""stimulus"":""img/2to3/10.png"",""time"":998},{""stimulus"":""img/2to3/11.png"",""time"":1091},{""stimulus"":""img/2to3/12.png"",""time"":1188}]","[]"
"image-keyboard-response","332","370669","0.0-5.0-1.164","63652b3ed1f35f8e04325845","bdp_cybrbll","Mon Mar 27 2023 10:14:12 GMT-0400 (Eastern Daylight Time)","476115","1","3","","null","","","","observe","","img/3to2/1.png","null","61","385","0.5","0.5","3","2","",""
"animation","333","371969","0.0-5.0-2.164","63652b3ed1f35f8e04325845","bdp_cybrbll","Mon Mar 27 2023 10:14:12 GMT-0400 (Eastern Daylight Time)","476115","1","3","","","","","","","","","","61","","","","3","2","[{""stimulus"":""img/3to2/1.png"",""time"":103},{""stimulus"":""img/3to2/2.png"",""time"":200},{""stimulus"":""img/3to2/3.png"",""time"":299},{""stimulus"":""img/3to2/4.png"",""time"":397},{""stimulus"":""img/3to2/5.png"",""time"":506},{""stimulus"":""img/3to2/6.png"",""time"":609},{""stimulus"":""img/3to2/7.png"",""time"":702},{""stimulus"":""img/3to2/8.png"",""time"":793},{""stimulus"":""img/3to2/9.png"",""time"":892},{""stimulus"":""img/3to2/10.png"",""time"":1006},{""stimulus"":""img/3to2/11.png"",""time"":1090},{""stimulus"":""img/3to2/12.png"",""time"":1189}]","[]"
"image-keyboard-response","334","372130","0.0-5.0-1.165","63652b3ed1f35f8e04325845","bdp_cybrbll","Mon Mar 27 2023 10:14:12 GMT-0400 (Eastern Daylight Time)","476115","1","3","","161","","","","choice","","img/2to1/1.png","1","60","674","0.5","0.5","2","1","",""
"animation","335","373418","0.0-5.0-2.165","63652b3ed1f35f8e04325845","bdp_cybrbll","Mon Mar 27 2023 10:14:12 GMT-0400 (Eastern Daylight Time)","476115","1","3","","","","","","","","","","60","","","","2","1","[{""stimulus"":""img/2to1/1.png"",""time"":107},{""stimulus"":""img/2to1/2.png"",""time"":198},{""stimulus"":""img/2to1/3.png"",""time"":298},{""stimulus"":""img/2to1/4.png"",""time"":404},{""stimulus"":""img/2to1/5.png"",""time"":497},{""stimulus"":""img/2to1/6.png"",""time"":608},{""stimulus"":""img/2to1/7.png"",""time"":694},{""stimulus"":""img/2to1/8.png"",""time"":800},{""stimulus"":""img/2to1/9.png"",""time"":893},{""stimulus"":""img/2to1/10.png"",""time"":990},{""stimulus"":""img/2to1/11.png"",""time"":1095},{""stimulus"":""img/2to1/12.png"",""time"":1198}]","[]"
"image-keyboard-response","336","373815","0.0-5.0-1.166","63652b3ed1f35f8e04325845","bdp_cybrbll","Mon Mar 27 2023 10:14:12 GMT-0400 (Eastern Daylight Time)","476115","1","3","","null","","","","observe","","img/1to3/1.png","null","59","388","0.5","0.5","1","3","",""
"animation","337","375118","0.0-5.0-2.166","63652b3ed1f35f8e04325845","bdp_cybrbll","Mon Mar 27 2023 10:14:12 GMT-0400 (Eastern Daylight Time)","476115","1","3","","","","","","","","","","59","","","","1","3","[{""stimulus"":""img/1to3/1.png"",""time"":107},{""stimulus"":""img/1to3/2.png"",""time"":198},{""stimulus"":""img/1to3/3.png"",""time"":310},{""stimulus"":""img/1to3/4.png"",""time"":397},{""stimulus"":""img/1to3/5.png"",""time"":505},{""stimulus"":""img/1to3/6.png"",""time"":598},{""stimulus"":""img/1to3/7.png"",""time"":706},{""stimulus"":""img/1to3/8.png"",""time"":792},{""stimulus"":""img/1to3/9.png"",""time"":895},{""stimulus"":""img/1to3/10.png"",""time"":990},{""stimulus"":""img/1to3/11.png"",""time"":1090},{""stimulus"":""img/1to3/12.png"",""time"":1189}]","[]"
"image-keyboard-response","338","375877","0.0-5.0-1.167","63652b3ed1f35f8e04325845","bdp_cybrbll","Mon Mar 27 2023 10:14:12 GMT-0400 (Eastern Daylight Time)","476115","1","3","","null","","","","observe","","img/3to2/1.png","null","58","750","0.5","0.5","3","1","",""
"animation","339","377166","0.0-5.0-2.167","63652b3ed1f35f8e04325845","bdp_cybrbll","Mon Mar 27 2023 10:14:12 GMT-0400 (Eastern Daylight Time)","476115","1","3","","","","","","","","","","58","","","","3","1","[{""stimulus"":""img/3to1/1.png"",""time"":109},{""stimulus"":""img/3to1/2.png"",""time"":202},{""stimulus"":""img/3to1/3.png"",""time"":298},{""stimulus"":""img/3to1/4.png"",""time"":397},{""stimulus"":""img/3to1/5.png"",""time"":496},{""stimulus"":""img/3to1/6.png"",""time"":597},{""stimulus"":""img/3to1/7.png"",""time"":706},{""stimulus"":""img/3to1/8.png"",""time"":793},{""stimulus"":""img/3to1/9.png"",""time"":893},{""stimulus"":""img/3to1/10.png"",""time"":995},{""stimulus"":""img/3to1/11.png"",""time"":1090},{""stimulus"":""img/3to1/12.png"",""time"":1189}]","[]"
"image-keyboard-response","340","377907","0.0-5.0-1.168","63652b3ed1f35f8e04325845","bdp_cybrbll","Mon Mar 27 2023 10:14:12 GMT-0400 (Eastern Daylight Time)","476115","1","3","","null","","","","observe","","img/1to3/1.png","null","57","735","0.5","0.5","1","2","",""
"animation","341","379200","0.0-5.0-2.168","63652b3ed1f35f8e04325845","bdp_cybrbll","Mon Mar 27 2023 10:14:12 GMT-0400 (Eastern Daylight Time)","476115","1","3","","","","","","","","","","57","","","","1","2","[{""stimulus"":""img/1to2/1.png"",""time"":108},{""stimulus"":""img/1to2/2.png"",""time"":201},{""stimulus"":""img/1to2/3.png"",""time"":310},{""stimulus"":""img/1to2/4.png"",""time"":404},{""stimulus"":""img/1to2/5.png"",""time"":506},{""stimulus"":""img/1to2/6.png"",""time"":594},{""stimulus"":""img/1to2/7.png"",""time"":708},{""stimulus"":""img/1to2/8.png"",""time"":793},{""stimulus"":""img/1to2/9.png"",""time"":895},{""stimulus"":""img/1to2/10.png"",""time"":991},{""stimulus"":""img/1to2/11.png"",""time"":1090},{""stimulus"":""img/1to2/12.png"",""time"":1198}]","[]"
"image-keyboard-response","342","379209","0.0-5.0-1.169","63652b3ed1f35f8e04325845","bdp_cybrbll","Mon Mar 27 2023 10:14:12 GMT-0400 (Eastern Daylight Time)","476115","1","3","","9","","","","choice","","img/2to1/1.png","2","56","246","0.5","0.5","2","3","",""
"animation","343","380497","0.0-5.0-2.169","63652b3ed1f35f8e04325845","bdp_cybrbll","Mon Mar 27 2023 10:14:12 GMT-0400 (Eastern Daylight Time)","476115","1","3","","","","","","","","","","56","","","","2","3","[{""stimulus"":""img/2to3/1.png"",""time"":100},{""stimulus"":""img/2to3/2.png"",""time"":198},{""stimulus"":""img/2to3/3.png"",""time"":306},{""stimulus"":""img/2to3/4.png"",""time"":400},{""stimulus"":""img/2to3/5.png"",""time"":509},{""stimulus"":""img/2to3/6.png"",""time"":594},{""stimulus"":""img/2to3/7.png"",""time"":694},{""stimulus"":""img/2to3/8.png"",""time"":792},{""stimulus"":""img/2to3/9.png"",""time"":892},{""stimulus"":""img/2to3/10.png"",""time"":998},{""stimulus"":""img/2to3/11.png"",""time"":1091},{""stimulus"":""img/2to3/12.png"",""time"":1192}]","[]"
"image-keyboard-response","344","381027","0.0-5.0-1.170","63652b3ed1f35f8e04325845","bdp_cybrbll","Mon Mar 27 2023 10:14:12 GMT-0400 (Eastern Daylight Time)","476115","1","3","","null","","","","observe","","img/3to2/1.png","null","55","529","0.5","0.5","3","2","",""
"animation","345","382315","0.0-5.0-2.170","63652b3ed1f35f8e04325845","bdp_cybrbll","Mon Mar 27 2023 10:14:12 GMT-0400 (Eastern Daylight Time)","476115","1","3","","","","","","","","","","55","","","","3","2","[{""stimulus"":""img/3to2/1.png"",""time"":108},{""stimulus"":""img/3to2/2.png"",""time"":198},{""stimulus"":""img/3to2/3.png"",""time"":297},{""stimulus"":""img/3to2/4.png"",""time"":397},{""stimulus"":""img/3to2/5.png"",""time"":505},{""stimulus"":""img/3to2/6.png"",""time"":595},{""stimulus"":""img/3to2/7.png"",""time"":708},{""stimulus"":""img/3to2/8.png"",""time"":792},{""stimulus"":""img/3to2/9.png"",""time"":891},{""stimulus"":""img/3to2/10.png"",""time"":993},{""stimulus"":""img/3to2/11.png"",""time"":1102},{""stimulus"":""img/3to2/12.png"",""time"":1194}]","[]"
"image-keyboard-response","346","382801","0.0-5.0-1.171","63652b3ed1f35f8e04325845","bdp_cybrbll","Mon Mar 27 2023 10:14:12 GMT-0400 (Eastern Daylight Time)","476115","1","3","","486","","","","choice","","img/2to1/1.png","1","54","306","0.5","0.5","2","1","",""
"animation","347","384089","0.0-5.0-2.171","63652b3ed1f35f8e04325845","bdp_cybrbll","Mon Mar 27 2023 10:14:12 GMT-0400 (Eastern Daylight Time)","476115","1","3","","","","","","","","","","54","","","","2","1","[{""stimulus"":""img/2to1/1.png"",""time"":100},{""stimulus"":""img/2to1/2.png"",""time"":199},{""stimulus"":""img/2to1/3.png"",""time"":299},{""stimulus"":""img/2to1/4.png"",""time"":398},{""stimulus"":""img/2to1/5.png"",""time"":496},{""stimulus"":""img/2to1/6.png"",""time"":598},{""stimulus"":""img/2to1/7.png"",""time"":706},{""stimulus"":""img/2to1/8.png"",""time"":799},{""stimulus"":""img/2to1/9.png"",""time"":908},{""stimulus"":""img/2to1/10.png"",""time"":1001},{""stimulus"":""img/2to1/11.png"",""time"":1090},{""stimulus"":""img/2to1/12.png"",""time"":1196}]","[]"
"image-keyboard-response","348","384312","0.0-5.0-1.172","63652b3ed1f35f8e04325845","bdp_cybrbll","Mon Mar 27 2023 10:14:12 GMT-0400 (Eastern Daylight Time)","476115","1","3","","null","","","","observe","","img/1to3/1.png","null","53","222","0.5","0.5","1","2","",""
"animation","349","385601","0.0-5.0-2.172","63652b3ed1f35f8e04325845","bdp_cybrbll","Mon Mar 27 2023 10:14:12 GMT-0400 (Eastern Daylight Time)","476115","1","3","","","","","","","","","","53","","","","1","2","[{""stimulus"":""img/1to2/1.png"",""time"":102},{""stimulus"":""img/1to2/2.png"",""time"":199},{""stimulus"":""img/1to2/3.png"",""time"":304},{""stimulus"":""img/1to2/4.png"",""time"":397},{""stimulus"":""img/1to2/5.png"",""time"":507},{""stimulus"":""img/1to2/6.png"",""time"":595},{""stimulus"":""img/1to2/7.png"",""time"":694},{""stimulus"":""img/1to2/8.png"",""time"":793},{""stimulus"":""img/1to2/9.png"",""time"":892},{""stimulus"":""img/1to2/10.png"",""time"":995},{""stimulus"":""img/1to2/11.png"",""time"":1091},{""stimulus"":""img/1to2/12.png"",""time"":1190}]","[]"
"image-keyboard-response","350","385938","0.0-5.0-1.173","63652b3ed1f35f8e04325845","bdp_cybrbll","Mon Mar 27 2023 10:14:12 GMT-0400 (Eastern Daylight Time)","476115","1","3","","336","","","","choice","","img/2to1/1.png","2","52","424","0.5","0.5","2","3","",""
"animation","351","387225","0.0-5.0-2.173","63652b3ed1f35f8e04325845","bdp_cybrbll","Mon Mar 27 2023 10:14:12 GMT-0400 (Eastern Daylight Time)","476115","1","3","","","","","","","","","","52","","","","2","3","[{""stimulus"":""img/2to3/1.png"",""time"":99},{""stimulus"":""img/2to3/2.png"",""time"":199},{""stimulus"":""img/2to3/3.png"",""time"":297},{""stimulus"":""img/2to3/4.png"",""time"":402},{""stimulus"":""img/2to3/5.png"",""time"":495},{""stimulus"":""img/2to3/6.png"",""time"":595},{""stimulus"":""img/2to3/7.png"",""time"":704},{""stimulus"":""img/2to3/8.png"",""time"":793},{""stimulus"":""img/2to3/9.png"",""time"":905},{""stimulus"":""img/2to3/10.png"",""time"":991},{""stimulus"":""img/2to3/11.png"",""time"":1089},{""stimulus"":""img/2to3/12.png"",""time"":1189}]","[]"
"image-keyboard-response","352","387636","0.0-5.0-1.174","63652b3ed1f35f8e04325845","bdp_cybrbll","Mon Mar 27 2023 10:14:12 GMT-0400 (Eastern Daylight Time)","476115","1","3","","null","","","","observe","","img/3to2/1.png","null","51","410","0.5","0.5","3","2","",""
"animation","353","388931","0.0-5.0-2.174","63652b3ed1f35f8e04325845","bdp_cybrbll","Mon Mar 27 2023 10:14:12 GMT-0400 (Eastern Daylight Time)","476115","1","3","","","","","","","","","","51","","","","3","2","[{""stimulus"":""img/3to2/1.png"",""time"":111},{""stimulus"":""img/3to2/2.png"",""time"":205},{""stimulus"":""img/3to2/3.png"",""time"":297},{""stimulus"":""img/3to2/4.png"",""time"":397},{""stimulus"":""img/3to2/5.png"",""time"":496},{""stimulus"":""img/3to2/6.png"",""time"":597},{""stimulus"":""img/3to2/7.png"",""time"":693},{""stimulus"":""img/3to2/8.png"",""time"":799},{""stimulus"":""img/3to2/9.png"",""time"":904},{""stimulus"":""img/3to2/10.png"",""time"":996},{""stimulus"":""img/3to2/11.png"",""time"":1090},{""stimulus"":""img/3to2/12.png"",""time"":1201}]","[]"
"image-keyboard-response","354","389482","0.0-5.0-1.175","63652b3ed1f35f8e04325845","bdp_cybrbll","Mon Mar 27 2023 10:14:12 GMT-0400 (Eastern Daylight Time)","476115","1","3","","551","","","","choice","","img/2to1/1.png","1","50","1062","0.5","0.5","2","1","",""
"animation","355","390785","0.0-5.0-2.175","63652b3ed1f35f8e04325845","bdp_cybrbll","Mon Mar 27 2023 10:14:12 GMT-0400 (Eastern Daylight Time)","476115","1","3","","","","","","","","","","50","","","","2","1","[{""stimulus"":""img/2to1/1.png"",""time"":101},{""stimulus"":""img/2to1/2.png"",""time"":208},{""stimulus"":""img/2to1/3.png"",""time"":298},{""stimulus"":""img/2to1/4.png"",""time"":412},{""stimulus"":""img/2to1/5.png"",""time"":506},{""stimulus"":""img/2to1/6.png"",""time"":597},{""stimulus"":""img/2to1/7.png"",""time"":705},{""stimulus"":""img/2to1/8.png"",""time"":793},{""stimulus"":""img/2to1/9.png"",""time"":907},{""stimulus"":""img/2to1/10.png"",""time"":991},{""stimulus"":""img/2to1/11.png"",""time"":1103},{""stimulus"":""img/2to1/12.png"",""time"":1195}]","[]"
"image-keyboard-response","356","391215","0.0-5.0-1.176","63652b3ed1f35f8e04325845","bdp_cybrbll","Mon Mar 27 2023 10:14:12 GMT-0400 (Eastern Daylight Time)","476115","1","3","","null","","","","observe","","img/1to3/1.png","null","49","416","0.5","0.5","1","2","",""
"animation","357","392510","0.0-5.0-2.176","63652b3ed1f35f8e04325845","bdp_cybrbll","Mon Mar 27 2023 10:14:12 GMT-0400 (Eastern Daylight Time)","476115","1","3","","","","","","","","","","49","","","","1","2","[{""stimulus"":""img/1to2/1.png"",""time"":108},{""stimulus"":""img/1to2/2.png"",""time"":201},{""stimulus"":""img/1to2/3.png"",""time"":310},{""stimulus"":""img/1to2/4.png"",""time"":397},{""stimulus"":""img/1to2/5.png"",""time"":509},{""stimulus"":""img/1to2/6.png"",""time"":603},{""stimulus"":""img/1to2/7.png"",""time"":698},{""stimulus"":""img/1to2/8.png"",""time"":806},{""stimulus"":""img/1to2/9.png"",""time"":904},{""stimulus"":""img/1to2/10.png"",""time"":996},{""stimulus"":""img/1to2/11.png"",""time"":1090},{""stimulus"":""img/1to2/12.png"",""time"":1200}]","[]"
"image-keyboard-response","358","392513","0.0-5.0-1.177","63652b3ed1f35f8e04325845","bdp_cybrbll","Mon Mar 27 2023 10:14:12 GMT-0400 (Eastern Daylight Time)","476115","1","3","","2","","","","choice","","img/2to1/1.png","2","48","885","0.5","0.5","2","3","",""
"animation","359","393813","0.0-5.0-2.177","63652b3ed1f35f8e04325845","bdp_cybrbll","Mon Mar 27 2023 10:14:12 GMT-0400 (Eastern Daylight Time)","476115","1","3","","","","","","","","","","48","","","","2","3","[{""stimulus"":""img/2to3/1.png"",""time"":100},{""stimulus"":""img/2to3/2.png"",""time"":201},{""stimulus"":""img/2to3/3.png"",""time"":312},{""stimulus"":""img/2to3/4.png"",""time"":408},{""stimulus"":""img/2to3/5.png"",""time"":503},{""stimulus"":""img/2to3/6.png"",""time"":601},{""stimulus"":""img/2to3/7.png"",""time"":693},{""stimulus"":""img/2to3/8.png"",""time"":803},{""stimulus"":""img/2to3/9.png"",""time"":898},{""stimulus"":""img/2to3/10.png"",""time"":992},{""stimulus"":""img/2to3/11.png"",""time"":1090},{""stimulus"":""img/2to3/12.png"",""time"":1193}]","[]"
"image-keyboard-response","360","394392","0.0-5.0-1.178","63652b3ed1f35f8e04325845","bdp_cybrbll","Mon Mar 27 2023 10:14:12 GMT-0400 (Eastern Daylight Time)","476115","1","3","","null","","","","observe","","img/3to2/1.png","null","47","579","0.5","0.5","3","1","",""
"animation","361","395690","0.0-5.0-2.178","63652b3ed1f35f8e04325845","bdp_cybrbll","Mon Mar 27 2023 10:14:12 GMT-0400 (Eastern Daylight Time)","476115","1","3","","","","","","","","","","47","","","","3","1","[{""stimulus"":""img/3to1/1.png"",""time"":101},{""stimulus"":""img/3to1/2.png"",""time"":199},{""stimulus"":""img/3to1/3.png"",""time"":298},{""stimulus"":""img/3to1/4.png"",""time"":411},{""stimulus"":""img/3to1/5.png"",""time"":505},{""stimulus"":""img/3to1/6.png"",""time"":600},{""stimulus"":""img/3to1/7.png"",""time"":707},{""stimulus"":""img/3to1/8.png"",""time"":796},{""stimulus"":""img/3to1/9.png"",""time"":904},{""stimulus"":""img/3to1/10.png"",""time"":990},{""stimulus"":""img/3to1/11.png"",""time"":1089},{""stimulus"":""img/3to1/12.png"",""time"":1188}]","[]"
"image-keyboard-response","362","395890","0.0-5.0-1.179","63652b3ed1f35f8e04325845","bdp_cybrbll","Mon Mar 27 2023 10:14:12 GMT-0400 (Eastern Daylight Time)","476115","1","3","","null","","","","observe","","img/1to3/1.png","null","46","188","0.5","0.5","1","3","",""
"animation","363","397192","0.0-5.0-2.179","63652b3ed1f35f8e04325845","bdp_cybrbll","Mon Mar 27 2023 10:14:12 GMT-0400 (Eastern Daylight Time)","476115","1","3","","","","","","","","","","46","","","","1","3","[{""stimulus"":""img/1to3/1.png"",""time"":109},{""stimulus"":""img/1to3/2.png"",""time"":198},{""stimulus"":""img/1to3/3.png"",""time"":301},{""stimulus"":""img/1to3/4.png"",""time"":409},{""stimulus"":""img/1to3/5.png"",""time"":495},{""stimulus"":""img/1to3/6.png"",""time"":594},{""stimulus"":""img/1to3/7.png"",""time"":704},{""stimulus"":""img/1to3/8.png"",""time"":794},{""stimulus"":""img/1to3/9.png"",""time"":892},{""stimulus"":""img/1to3/10.png"",""time"":996},{""stimulus"":""img/1to3/11.png"",""time"":1090},{""stimulus"":""img/1to3/12.png"",""time"":1188}]","[]"
"image-keyboard-response","364","397584","0.0-5.0-1.180","63652b3ed1f35f8e04325845","bdp_cybrbll","Mon Mar 27 2023 10:14:12 GMT-0400 (Eastern Daylight Time)","476115","1","3","","null","","","","observe","","img/3to2/1.png","null","45","379","0.5","0.5","3","2","",""
"animation","365","398882","0.0-5.0-2.180","63652b3ed1f35f8e04325845","bdp_cybrbll","Mon Mar 27 2023 10:14:12 GMT-0400 (Eastern Daylight Time)","476115","1","3","","","","","","","","","","45","","","","3","2","[{""stimulus"":""img/3to2/1.png"",""time"":118},{""stimulus"":""img/3to2/2.png"",""time"":199},{""stimulus"":""img/3to2/3.png"",""time"":302},{""stimulus"":""img/3to2/4.png"",""time"":410},{""stimulus"":""img/3to2/5.png"",""time"":503},{""stimulus"":""img/3to2/6.png"",""time"":596},{""stimulus"":""img/3to2/7.png"",""time"":693},{""stimulus"":""img/3to2/8.png"",""time"":797},{""stimulus"":""img/3to2/9.png"",""time"":892},{""stimulus"":""img/3to2/10.png"",""time"":998},{""stimulus"":""img/3to2/11.png"",""time"":1090},{""stimulus"":""img/3to2/12.png"",""time"":1204}]","[]"
"image-keyboard-response","366","398945","0.0-5.0-1.181","63652b3ed1f35f8e04325845","bdp_cybrbll","Mon Mar 27 2023 10:14:12 GMT-0400 (Eastern Daylight Time)","476115","1","3","","62","","","","choice","","img/2to1/1.png","1","44","311","0.5","0.5","2","1","",""
"animation","367","400249","0.0-5.0-2.181","63652b3ed1f35f8e04325845","bdp_cybrbll","Mon Mar 27 2023 10:14:12 GMT-0400 (Eastern Daylight Time)","476115","1","3","","","","","","","","","","44","","","","2","1","[{""stimulus"":""img/2to1/1.png"",""time"":100},{""stimulus"":""img/2to1/2.png"",""time"":203},{""stimulus"":""img/2to1/3.png"",""time"":298},{""stimulus"":""img/2to1/4.png"",""time"":402},{""stimulus"":""img/2to1/5.png"",""time"":496},{""stimulus"":""img/2to1/6.png"",""time"":604},{""stimulus"":""img/2to1/7.png"",""time"":693},{""stimulus"":""img/2to1/8.png"",""time"":798},{""stimulus"":""img/2to1/9.png"",""time"":907},{""stimulus"":""img/2to1/10.png"",""time"":999},{""stimulus"":""img/2to1/11.png"",""time"":1093},{""stimulus"":""img/2to1/12.png"",""time"":1200}]","[]"
"image-keyboard-response","368","400692","0.0-5.0-1.182","63652b3ed1f35f8e04325845","bdp_cybrbll","Mon Mar 27 2023 10:14:12 GMT-0400 (Eastern Daylight Time)","476115","1","3","","null","","","","observe","","img/1to3/1.png","null","43","442","0.5","0.5","1","2","",""
"animation","369","401982","0.0-5.0-2.182","63652b3ed1f35f8e04325845","bdp_cybrbll","Mon Mar 27 2023 10:14:12 GMT-0400 (Eastern Daylight Time)","476115","1","3","","","","","","","","","","43","","","","1","2","[{""stimulus"":""img/1to2/1.png"",""time"":106},{""stimulus"":""img/1to2/2.png"",""time"":199},{""stimulus"":""img/1to2/3.png"",""time"":306},{""stimulus"":""img/1to2/4.png"",""time"":400},{""stimulus"":""img/1to2/5.png"",""time"":508},{""stimulus"":""img/1to2/6.png"",""time"":596},{""stimulus"":""img/1to2/7.png"",""time"":695},{""stimulus"":""img/1to2/8.png"",""time"":805},{""stimulus"":""img/1to2/9.png"",""time"":899},{""stimulus"":""img/1to2/10.png"",""time"":995},{""stimulus"":""img/1to2/11.png"",""time"":1105},{""stimulus"":""img/1to2/12.png"",""time"":1197}]","[]"
"image-keyboard-response","370","401993","0.0-5.0-1.183","63652b3ed1f35f8e04325845","bdp_cybrbll","Mon Mar 27 2023 10:14:12 GMT-0400 (Eastern Daylight Time)","476115","1","3","","11","","","","choice","","img/2to1/1.png","2","42","526","0.5","0.5","2","3","",""
"animation","371","403284","0.0-5.0-2.183","63652b3ed1f35f8e04325845","bdp_cybrbll","Mon Mar 27 2023 10:14:12 GMT-0400 (Eastern Daylight Time)","476115","1","3","","","","","","","","","","42","","","","2","3","[{""stimulus"":""img/2to3/1.png"",""time"":100},{""stimulus"":""img/2to3/2.png"",""time"":204},{""stimulus"":""img/2to3/3.png"",""time"":297},{""stimulus"":""img/2to3/4.png"",""time"":403},{""stimulus"":""img/2to3/5.png"",""time"":511},{""stimulus"":""img/2to3/6.png"",""time"":595},{""stimulus"":""img/2to3/7.png"",""time"":701},{""stimulus"":""img/2to3/8.png"",""time"":800},{""stimulus"":""img/2to3/9.png"",""time"":893},{""stimulus"":""img/2to3/10.png"",""time"":990},{""stimulus"":""img/2to3/11.png"",""time"":1089},{""stimulus"":""img/2to3/12.png"",""time"":1188}]","[]"
"image-keyboard-response","372","403734","0.0-5.0-1.184","63652b3ed1f35f8e04325845","bdp_cybrbll","Mon Mar 27 2023 10:14:12 GMT-0400 (Eastern Daylight Time)","476115","1","3","","null","","","","observe","","img/3to2/1.png","null","41","448","0.5","0.5","3","1","",""
"animation","373","405033","0.0-5.0-2.184","63652b3ed1f35f8e04325845","bdp_cybrbll","Mon Mar 27 2023 10:14:12 GMT-0400 (Eastern Daylight Time)","476115","1","3","","","","","","","","","","41","","","","3","1","[{""stimulus"":""img/3to1/1.png"",""time"":100},{""stimulus"":""img/3to1/2.png"",""time"":208},{""stimulus"":""img/3to1/3.png"",""time"":301},{""stimulus"":""img/3to1/4.png"",""time"":410},{""stimulus"":""img/3to1/5.png"",""time"":503},{""stimulus"":""img/3to1/6.png"",""time"":594},{""stimulus"":""img/3to1/7.png"",""time"":706},{""stimulus"":""img/3to1/8.png"",""time"":799},{""stimulus"":""img/3to1/9.png"",""time"":892},{""stimulus"":""img/3to1/10.png"",""time"":1005},{""stimulus"":""img/3to1/11.png"",""time"":1098},{""stimulus"":""img/3to1/12.png"",""time"":1191}]","[]"
"image-keyboard-response","374","406195","0.0-5.0-1.185","63652b3ed1f35f8e04325845","bdp_cybrbll","Mon Mar 27 2023 10:14:12 GMT-0400 (Eastern Daylight Time)","476115","1","3","","null","","","","observe","","img/1to3/1.png","null","40","1150","0.5","0.5","1","3","",""
"animation","375","407484","0.0-5.0-2.185","63652b3ed1f35f8e04325845","bdp_cybrbll","Mon Mar 27 2023 10:14:12 GMT-0400 (Eastern Daylight Time)","476115","1","3","","","","","","","","","","40","","","","1","3","[{""stimulus"":""img/1to3/1.png"",""time"":110},{""stimulus"":""img/1to3/2.png"",""time"":203},{""stimulus"":""img/1to3/3.png"",""time"":311},{""stimulus"":""img/1to3/4.png"",""time"":406},{""stimulus"":""img/1to3/5.png"",""time"":499},{""stimulus"":""img/1to3/6.png"",""time"":608},{""stimulus"":""img/1to3/7.png"",""time"":701},{""stimulus"":""img/1to3/8.png"",""time"":793},{""stimulus"":""img/1to3/9.png"",""time"":892},{""stimulus"":""img/1to3/10.png"",""time"":992},{""stimulus"":""img/1to3/11.png"",""time"":1091},{""stimulus"":""img/1to3/12.png"",""time"":1196}]","[]"
"image-keyboard-response","376","408430","0.0-5.0-1.186","63652b3ed1f35f8e04325845","bdp_cybrbll","Mon Mar 27 2023 10:14:12 GMT-0400 (Eastern Daylight Time)","476115","1","3","","null","","","","observe","","img/3to2/1.png","null","39","940","0.5","0.5","3","2","",""
"animation","377","409718","0.0-5.0-2.186","63652b3ed1f35f8e04325845","bdp_cybrbll","Mon Mar 27 2023 10:14:12 GMT-0400 (Eastern Daylight Time)","476115","1","3","","","","","","","","","","39","","","","3","2","[{""stimulus"":""img/3to2/1.png"",""time"":109},{""stimulus"":""img/3to2/2.png"",""time"":199},{""stimulus"":""img/3to2/3.png"",""time"":311},{""stimulus"":""img/3to2/4.png"",""time"":397},{""stimulus"":""img/3to2/5.png"",""time"":504},{""stimulus"":""img/3to2/6.png"",""time"":597},{""stimulus"":""img/3to2/7.png"",""time"":706},{""stimulus"":""img/3to2/8.png"",""time"":801},{""stimulus"":""img/3to2/9.png"",""time"":894},{""stimulus"":""img/3to2/10.png"",""time"":991},{""stimulus"":""img/3to2/11.png"",""time"":1090},{""stimulus"":""img/3to2/12.png"",""time"":1198}]","[]"
"image-keyboard-response","378","409721","0.0-5.0-1.187","63652b3ed1f35f8e04325845","bdp_cybrbll","Mon Mar 27 2023 10:14:12 GMT-0400 (Eastern Daylight Time)","476115","1","3","","3","","","","choice","","img/2to1/1.png","1","38","431","0.5","0.5","2","1","",""
"animation","379","411010","0.0-5.0-2.187","63652b3ed1f35f8e04325845","bdp_cybrbll","Mon Mar 27 2023 10:14:12 GMT-0400 (Eastern Daylight Time)","476115","1","3","","","","","","","","","","38","","","","2","1","[{""stimulus"":""img/2to1/1.png"",""time"":111},{""stimulus"":""img/2to1/2.png"",""time"":213},{""stimulus"":""img/2to1/3.png"",""time"":305},{""stimulus"":""img/2to1/4.png"",""time"":399},{""stimulus"":""img/2to1/5.png"",""time"":507},{""stimulus"":""img/2to1/6.png"",""time"":595},{""stimulus"":""img/2to1/7.png"",""time"":705},{""stimulus"":""img/2to1/8.png"",""time"":793},{""stimulus"":""img/2to1/9.png"",""time"":906},{""stimulus"":""img/2to1/10.png"",""time"":991},{""stimulus"":""img/2to1/11.png"",""time"":1090},{""stimulus"":""img/2to1/12.png"",""time"":1196}]","[]"
"image-keyboard-response","380","411506","0.0-5.0-1.188","63652b3ed1f35f8e04325845","bdp_cybrbll","Mon Mar 27 2023 10:14:12 GMT-0400 (Eastern Daylight Time)","476115","1","3","","null","","","","observe","","img/1to3/1.png","null","37","495","0.5","0.5","1","3","",""
"animation","381","412799","0.0-5.0-2.188","63652b3ed1f35f8e04325845","bdp_cybrbll","Mon Mar 27 2023 10:14:12 GMT-0400 (Eastern Daylight Time)","476115","1","3","","","","","","","","","","37","","","","1","3","[{""stimulus"":""img/1to3/1.png"",""time"":100},{""stimulus"":""img/1to3/2.png"",""time"":209},{""stimulus"":""img/1to3/3.png"",""time"":303},{""stimulus"":""img/1to3/4.png"",""time"":397},{""stimulus"":""img/1to3/5.png"",""time"":505},{""stimulus"":""img/1to3/6.png"",""time"":595},{""stimulus"":""img/1to3/7.png"",""time"":707},{""stimulus"":""img/1to3/8.png"",""time"":803},{""stimulus"":""img/1to3/9.png"",""time"":891},{""stimulus"":""img/1to3/10.png"",""time"":996},{""stimulus"":""img/1to3/11.png"",""time"":1104},{""stimulus"":""img/1to3/12.png"",""time"":1199}]","[]"
"image-keyboard-response","382","413212","0.0-5.0-1.189","63652b3ed1f35f8e04325845","bdp_cybrbll","Mon Mar 27 2023 10:14:12 GMT-0400 (Eastern Daylight Time)","476115","1","3","","null","","","","observe","","img/3to2/1.png","null","36","401","0.5","0.5","3","1","",""
"animation","383","414500","0.0-5.0-2.189","63652b3ed1f35f8e04325845","bdp_cybrbll","Mon Mar 27 2023 10:14:12 GMT-0400 (Eastern Daylight Time)","476115","1","3","","","","","","","","","","36","","","","3","1","[{""stimulus"":""img/3to1/1.png"",""time"":109},{""stimulus"":""img/3to1/2.png"",""time"":203},{""stimulus"":""img/3to1/3.png"",""time"":298},{""stimulus"":""img/3to1/4.png"",""time"":397},{""stimulus"":""img/3to1/5.png"",""time"":508},{""stimulus"":""img/3to1/6.png"",""time"":600},{""stimulus"":""img/3to1/7.png"",""time"":710},{""stimulus"":""img/3to1/8.png"",""time"":799},{""stimulus"":""img/3to1/9.png"",""time"":906},{""stimulus"":""img/3to1/10.png"",""time"":999},{""stimulus"":""img/3to1/11.png"",""time"":1093},{""stimulus"":""img/3to1/12.png"",""time"":1201}]","[]"
"image-keyboard-response","384","414767","0.0-5.0-1.190","63652b3ed1f35f8e04325845","bdp_cybrbll","Mon Mar 27 2023 10:14:12 GMT-0400 (Eastern Daylight Time)","476115","1","3","","null","","","","observe","","img/1to3/1.png","null","35","261","0.5","0.5","1","2","",""
"animation","385","416055","0.0-5.0-2.190","63652b3ed1f35f8e04325845","bdp_cybrbll","Mon Mar 27 2023 10:14:12 GMT-0400 (Eastern Daylight Time)","476115","1","3","","","","","","","","","","35","","","","1","2","[{""stimulus"":""img/1to2/1.png"",""time"":111},{""stimulus"":""img/1to2/2.png"",""time"":203},{""stimulus"":""img/1to2/3.png"",""time"":311},{""stimulus"":""img/1to2/4.png"",""time"":403},{""stimulus"":""img/1to2/5.png"",""time"":497},{""stimulus"":""img/1to2/6.png"",""time"":594},{""stimulus"":""img/1to2/7.png"",""time"":699},{""stimulus"":""img/1to2/8.png"",""time"":793},{""stimulus"":""img/1to2/9.png"",""time"":898},{""stimulus"":""img/1to2/10.png"",""time"":992},{""stimulus"":""img/1to2/11.png"",""time"":1102},{""stimulus"":""img/1to2/12.png"",""time"":1193}]","[]"
"image-keyboard-response","386","416418","0.0-5.0-1.191","63652b3ed1f35f8e04325845","bdp_cybrbll","Mon Mar 27 2023 10:14:12 GMT-0400 (Eastern Daylight Time)","476115","1","3","","362","","","","choice","","img/2to1/1.png","2","34","550","0.5","0.5","2","3","",""
"animation","387","417706","0.0-5.0-2.191","63652b3ed1f35f8e04325845","bdp_cybrbll","Mon Mar 27 2023 10:14:12 GMT-0400 (Eastern Daylight Time)","476115","1","3","","","","","","","","","","34","","","","2","3","[{""stimulus"":""img/2to3/1.png"",""time"":100},{""stimulus"":""img/2to3/2.png"",""time"":204},{""stimulus"":""img/2to3/3.png"",""time"":313},{""stimulus"":""img/2to3/4.png"",""time"":407},{""stimulus"":""img/2to3/5.png"",""time"":500},{""stimulus"":""img/2to3/6.png"",""time"":610},{""stimulus"":""img/2to3/7.png"",""time"":702},{""stimulus"":""img/2to3/8.png"",""time"":795},{""stimulus"":""img/2to3/9.png"",""time"":905},{""stimulus"":""img/2to3/10.png"",""time"":999},{""stimulus"":""img/2to3/11.png"",""time"":1091},{""stimulus"":""img/2to3/12.png"",""time"":1196}]","[]"
"image-keyboard-response","388","418494","0.0-5.0-1.192","63652b3ed1f35f8e04325845","bdp_cybrbll","Mon Mar 27 2023 10:14:12 GMT-0400 (Eastern Daylight Time)","476115","1","3","","null","","","","observe","","img/3to2/1.png","null","33","783","0.5","0.5","3","2","",""
"animation","389","419782","0.0-5.0-2.192","63652b3ed1f35f8e04325845","bdp_cybrbll","Mon Mar 27 2023 10:14:12 GMT-0400 (Eastern Daylight Time)","476115","1","3","","","","","","","","","","33","","","","3","2","[{""stimulus"":""img/3to2/1.png"",""time"":113},{""stimulus"":""img/3to2/2.png"",""time"":199},{""stimulus"":""img/3to2/3.png"",""time"":300},{""stimulus"":""img/3to2/4.png"",""time"":408},{""stimulus"":""img/3to2/5.png"",""time"":496},{""stimulus"":""img/3to2/6.png"",""time"":603},{""stimulus"":""img/3to2/7.png"",""time"":697},{""stimulus"":""img/3to2/8.png"",""time"":805},{""stimulus"":""img/3to2/9.png"",""time"":892},{""stimulus"":""img/3to2/10.png"",""time"":991},{""stimulus"":""img/3to2/11.png"",""time"":1097},{""stimulus"":""img/3to2/12.png"",""time"":1192}]","[]"
"image-keyboard-response","390","419890","0.0-5.0-1.193","63652b3ed1f35f8e04325845","bdp_cybrbll","Mon Mar 27 2023 10:14:12 GMT-0400 (Eastern Daylight Time)","476115","1","3","","107","","","","choice","","img/2to1/1.png","1","32","347","0.5","0.5","2","1","",""
"animation","391","421178","0.0-5.0-2.193","63652b3ed1f35f8e04325845","bdp_cybrbll","Mon Mar 27 2023 10:14:12 GMT-0400 (Eastern Daylight Time)","476115","1","3","","","","","","","","","","32","","","","2","1","[{""stimulus"":""img/2to1/1.png"",""time"":100},{""stimulus"":""img/2to1/2.png"",""time"":210},{""stimulus"":""img/2to1/3.png"",""time"":303},{""stimulus"":""img/2to1/4.png"",""time"":411},{""stimulus"":""img/2to1/5.png"",""time"":505},{""stimulus"":""img/2to1/6.png"",""time"":599},{""stimulus"":""img/2to1/7.png"",""time"":714},{""stimulus"":""img/2to1/8.png"",""time"":794},{""stimulus"":""img/2to1/9.png"",""time"":892},{""stimulus"":""img/2to1/10.png"",""time"":991},{""stimulus"":""img/2to1/11.png"",""time"":1103},{""stimulus"":""img/2to1/12.png"",""time"":1196}]","[]"
"image-keyboard-response","392","421427","0.0-5.0-1.194","63652b3ed1f35f8e04325845","bdp_cybrbll","Mon Mar 27 2023 10:14:12 GMT-0400 (Eastern Daylight Time)","476115","1","3","","null","","","","observe","","img/1to3/1.png","null","31","246","0.5","0.5","1","3","",""
"animation","393","422724","0.0-5.0-2.194","63652b3ed1f35f8e04325845","bdp_cybrbll","Mon Mar 27 2023 10:14:12 GMT-0400 (Eastern Daylight Time)","476115","1","3","","","","","","","","","","31","","","","1","3","[{""stimulus"":""img/1to3/1.png"",""time"":109},{""stimulus"":""img/1to3/2.png"",""time"":206},{""stimulus"":""img/1to3/3.png"",""time"":298},{""stimulus"":""img/1to3/4.png"",""time"":406},{""stimulus"":""img/1to3/5.png"",""time"":500},{""stimulus"":""img/1to3/6.png"",""time"":609},{""stimulus"":""img/1to3/7.png"",""time"":697},{""stimulus"":""img/1to3/8.png"",""time"":806},{""stimulus"":""img/1to3/9.png"",""time"":899},{""stimulus"":""img/1to3/10.png"",""time"":993},{""stimulus"":""img/1to3/11.png"",""time"":1102},{""stimulus"":""img/1to3/12.png"",""time"":1203}]","[]"
"image-keyboard-response","394","422957","0.0-5.0-1.195","63652b3ed1f35f8e04325845","bdp_cybrbll","Mon Mar 27 2023 10:14:12 GMT-0400 (Eastern Daylight Time)","476115","1","3","","null","","","","observe","","img/3to2/1.png","null","30","229","0.5","0.5","3","2","",""
"animation","395","424246","0.0-5.0-2.195","63652b3ed1f35f8e04325845","bdp_cybrbll","Mon Mar 27 2023 10:14:12 GMT-0400 (Eastern Daylight Time)","476115","1","3","","","","","","","","","","30","","","","3","2","[{""stimulus"":""img/3to2/1.png"",""time"":111},{""stimulus"":""img/3to2/2.png"",""time"":211},{""stimulus"":""img/3to2/3.png"",""time"":303},{""stimulus"":""img/3to2/4.png"",""time"":411},{""stimulus"":""img/3to2/5.png"",""time"":507},{""stimulus"":""img/3to2/6.png"",""time"":602},{""stimulus"":""img/3to2/7.png"",""time"":695},{""stimulus"":""img/3to2/8.png"",""time"":793},{""stimulus"":""img/3to2/9.png"",""time"":897},{""stimulus"":""img/3to2/10.png"",""time"":1006},{""stimulus"":""img/3to2/11.png"",""time"":1101},{""stimulus"":""img/3to2/12.png"",""time"":1189}]","[]"
"image-keyboard-response","396","424377","0.0-5.0-1.196","63652b3ed1f35f8e04325845","bdp_cybrbll","Mon Mar 27 2023 10:14:12 GMT-0400 (Eastern Daylight Time)","476115","1","3","","131","","","","choice","","img/2to1/1.png","1","29","616","0.5","0.5","2","1","",""
"animation","397","425667","0.0-5.0-2.196","63652b3ed1f35f8e04325845","bdp_cybrbll","Mon Mar 27 2023 10:14:12 GMT-0400 (Eastern Daylight Time)","476115","1","3","","","","","","","","","","29","","","","2","1","[{""stimulus"":""img/2to1/1.png"",""time"":99},{""stimulus"":""img/2to1/2.png"",""time"":199},{""stimulus"":""img/2to1/3.png"",""time"":300},{""stimulus"":""img/2to1/4.png"",""time"":409},{""stimulus"":""img/2to1/5.png"",""time"":502},{""stimulus"":""img/2to1/6.png"",""time"":597},{""stimulus"":""img/2to1/7.png"",""time"":694},{""stimulus"":""img/2to1/8.png"",""time"":808},{""stimulus"":""img/2to1/9.png"",""time"":898},{""stimulus"":""img/2to1/10.png"",""time"":993},{""stimulus"":""img/2to1/11.png"",""time"":1089},{""stimulus"":""img/2to1/12.png"",""time"":1195}]","[]"
"image-keyboard-response","398","426136","0.0-5.0-1.197","63652b3ed1f35f8e04325845","bdp_cybrbll","Mon Mar 27 2023 10:14:12 GMT-0400 (Eastern Daylight Time)","476115","1","3","","null","","","","observe","","img/1to3/1.png","null","28","453","0.5","0.5","1","3","",""
"animation","399","427425","0.0-5.0-2.197","63652b3ed1f35f8e04325845","bdp_cybrbll","Mon Mar 27 2023 10:14:12 GMT-0400 (Eastern Daylight Time)","476115","1","3","","","","","","","","","","28","","","","1","3","[{""stimulus"":""img/1to3/1.png"",""time"":108},{""stimulus"":""img/1to3/2.png"",""time"":201},{""stimulus"":""img/1to3/3.png"",""time"":297},{""stimulus"":""img/1to3/4.png"",""time"":404},{""stimulus"":""img/1to3/5.png"",""time"":496},{""stimulus"":""img/1to3/6.png"",""time"":599},{""stimulus"":""img/1to3/7.png"",""time"":709},{""stimulus"":""img/1to3/8.png"",""time"":801},{""stimulus"":""img/1to3/9.png"",""time"":896},{""stimulus"":""img/1to3/10.png"",""time"":1003},{""stimulus"":""img/1to3/11.png"",""time"":1091},{""stimulus"":""img/1to3/12.png"",""time"":1189}]","[]"
"image-keyboard-response","400","427662","0.0-5.0-1.198","63652b3ed1f35f8e04325845","bdp_cybrbll","Mon Mar 27 2023 10:14:12 GMT-0400 (Eastern Daylight Time)","476115","1","3","","null","","","","observe","","img/3to2/1.png","null","27","236","0.5","0.5","3","1","",""
"animation","401","428962","0.0-5.0-2.198","63652b3ed1f35f8e04325845","bdp_cybrbll","Mon Mar 27 2023 10:14:12 GMT-0400 (Eastern Daylight Time)","476115","1","3","","","","","","","","","","27","","","","3","1","[{""stimulus"":""img/3to1/1.png"",""time"":100},{""stimulus"":""img/3to1/2.png"",""time"":209},{""stimulus"":""img/3to1/3.png"",""time"":303},{""stimulus"":""img/3to1/4.png"",""time"":411},{""stimulus"":""img/3to1/5.png"",""time"":504},{""stimulus"":""img/3to1/6.png"",""time"":608},{""stimulus"":""img/3to1/7.png"",""time"":700},{""stimulus"":""img/3to1/8.png"",""time"":792},{""stimulus"":""img/3to1/9.png"",""time"":901},{""stimulus"":""img/3to1/10.png"",""time"":990},{""stimulus"":""img/3to1/11.png"",""time"":1099},{""stimulus"":""img/3to1/12.png"",""time"":1189}]","[]"
"image-keyboard-response","402","429734","0.0-5.0-1.199","63652b3ed1f35f8e04325845","bdp_cybrbll","Mon Mar 27 2023 10:14:12 GMT-0400 (Eastern Daylight Time)","476115","1","3","","null","","","","observe","","img/1to3/1.png","null","26","765","0.5","0.5","1","3","",""
"animation","403","431026","0.0-5.0-2.199","63652b3ed1f35f8e04325845","bdp_cybrbll","Mon Mar 27 2023 10:14:12 GMT-0400 (Eastern Daylight Time)","476115","1","3","","","","","","","","","","26","","","","1","3","[{""stimulus"":""img/1to3/1.png"",""time"":108},{""stimulus"":""img/1to3/2.png"",""time"":198},{""stimulus"":""img/1to3/3.png"",""time"":311},{""stimulus"":""img/1to3/4.png"",""time"":396},{""stimulus"":""img/1to3/5.png"",""time"":505},{""stimulus"":""img/1to3/6.png"",""time"":598},{""stimulus"":""img/1to3/7.png"",""time"":707},{""stimulus"":""img/1to3/8.png"",""time"":801},{""stimulus"":""img/1to3/9.png"",""time"":895},{""stimulus"":""img/1to3/10.png"",""time"":991},{""stimulus"":""img/1to3/11.png"",""time"":1090},{""stimulus"":""img/1to3/12.png"",""time"":1198}]","[]"
"image-keyboard-response","404","431699","0.0-5.0-1.200","63652b3ed1f35f8e04325845","bdp_cybrbll","Mon Mar 27 2023 10:14:12 GMT-0400 (Eastern Daylight Time)","476115","1","3","","null","","","","observe","","img/3to2/1.png","null","25","671","0.5","0.5","3","2","",""
"animation","405","432995","0.0-5.0-2.200","63652b3ed1f35f8e04325845","bdp_cybrbll","Mon Mar 27 2023 10:14:12 GMT-0400 (Eastern Daylight Time)","476115","1","3","","","","","","","","","","25","","","","3","2","[{""stimulus"":""img/3to2/1.png"",""time"":100},{""stimulus"":""img/3to2/2.png"",""time"":210},{""stimulus"":""img/3to2/3.png"",""time"":304},{""stimulus"":""img/3to2/4.png"",""time"":411},{""stimulus"":""img/3to2/5.png"",""time"":504},{""stimulus"":""img/3to2/6.png"",""time"":605},{""stimulus"":""img/3to2/7.png"",""time"":698},{""stimulus"":""img/3to2/8.png"",""time"":793},{""stimulus"":""img/3to2/9.png"",""time"":904},{""stimulus"":""img/3to2/10.png"",""time"":1000},{""stimulus"":""img/3to2/11.png"",""time"":1090},{""stimulus"":""img/3to2/12.png"",""time"":1203}]","[]"
"image-keyboard-response","406","433178","0.0-5.0-1.201","63652b3ed1f35f8e04325845","bdp_cybrbll","Mon Mar 27 2023 10:14:12 GMT-0400 (Eastern Daylight Time)","476115","1","3","","182","","","","choice","","img/2to1/1.png","1","24","819","0.5","0.5","2","1","",""
"animation","407","434471","0.0-5.0-2.201","63652b3ed1f35f8e04325845","bdp_cybrbll","Mon Mar 27 2023 10:14:12 GMT-0400 (Eastern Daylight Time)","476115","1","3","","","","","","","","","","24","","","","2","1","[{""stimulus"":""img/2to1/1.png"",""time"":104},{""stimulus"":""img/2to1/2.png"",""time"":198},{""stimulus"":""img/2to1/3.png"",""time"":297},{""stimulus"":""img/2to1/4.png"",""time"":399},{""stimulus"":""img/2to1/5.png"",""time"":508},{""stimulus"":""img/2to1/6.png"",""time"":610},{""stimulus"":""img/2to1/7.png"",""time"":702},{""stimulus"":""img/2to1/8.png"",""time"":793},{""stimulus"":""img/2to1/9.png"",""time"":906},{""stimulus"":""img/2to1/10.png"",""time"":990},{""stimulus"":""img/2to1/11.png"",""time"":1091},{""stimulus"":""img/2to1/12.png"",""time"":1201}]","[]"
"image-keyboard-response","408","434676","0.0-5.0-1.202","63652b3ed1f35f8e04325845","bdp_cybrbll","Mon Mar 27 2023 10:14:12 GMT-0400 (Eastern Daylight Time)","476115","1","3","","null","","","","observe","","img/1to3/1.png","null","23","203","0.5","0.5","1","3","",""
"animation","409","435964","0.0-5.0-2.202","63652b3ed1f35f8e04325845","bdp_cybrbll","Mon Mar 27 2023 10:14:12 GMT-0400 (Eastern Daylight Time)","476115","1","3","","","","","","","","","","23","","","","1","3","[{""stimulus"":""img/1to3/1.png"",""time"":110},{""stimulus"":""img/1to3/2.png"",""time"":204},{""stimulus"":""img/1to3/3.png"",""time"":313},{""stimulus"":""img/1to3/4.png"",""time"":407},{""stimulus"":""img/1to3/5.png"",""time"":500},{""stimulus"":""img/1to3/6.png"",""time"":607},{""stimulus"":""img/1to3/7.png"",""time"":693},{""stimulus"":""img/1to3/8.png"",""time"":793},{""stimulus"":""img/1to3/9.png"",""time"":902},{""stimulus"":""img/1to3/10.png"",""time"":990},{""stimulus"":""img/1to3/11.png"",""time"":1090},{""stimulus"":""img/1to3/12.png"",""time"":1190}]","[]"
"image-keyboard-response","410","436432","0.0-5.0-1.203","63652b3ed1f35f8e04325845","bdp_cybrbll","Mon Mar 27 2023 10:14:12 GMT-0400 (Eastern Daylight Time)","476115","1","3","","null","","","","observe","","img/3to2/1.png","null","22","456","0.5","0.5","3","2","",""
"animation","411","437723","0.0-5.0-2.203","63652b3ed1f35f8e04325845","bdp_cybrbll","Mon Mar 27 2023 10:14:12 GMT-0400 (Eastern Daylight Time)","476115","1","3","","","","","","","","","","22","","","","3","2","[{""stimulus"":""img/3to2/1.png"",""time"":109},{""stimulus"":""img/3to2/2.png"",""time"":201},{""stimulus"":""img/3to2/3.png"",""time"":310},{""stimulus"":""img/3to2/4.png"",""time"":402},{""stimulus"":""img/3to2/5.png"",""time"":509},{""stimulus"":""img/3to2/6.png"",""time"":602},{""stimulus"":""img/3to2/7.png"",""time"":695},{""stimulus"":""img/3to2/8.png"",""time"":804},{""stimulus"":""img/3to2/9.png"",""time"":893},{""stimulus"":""img/3to2/10.png"",""time"":995},{""stimulus"":""img/3to2/11.png"",""time"":1105},{""stimulus"":""img/3to2/12.png"",""time"":1189}]","[]"
"image-keyboard-response","412","437745","0.0-5.0-1.204","63652b3ed1f35f8e04325845","bdp_cybrbll","Mon Mar 27 2023 10:14:12 GMT-0400 (Eastern Daylight Time)","476115","1","3","","22","","","","choice","","img/2to1/1.png","1","21","241","0.5","0.5","2","1","",""
"animation","413","439032","0.0-5.0-2.204","63652b3ed1f35f8e04325845","bdp_cybrbll","Mon Mar 27 2023 10:14:12 GMT-0400 (Eastern Daylight Time)","476115","1","3","","","","","","","","","","21","","","","2","1","[{""stimulus"":""img/2to1/1.png"",""time"":100},{""stimulus"":""img/2to1/2.png"",""time"":199},{""stimulus"":""img/2to1/3.png"",""time"":308},{""stimulus"":""img/2to1/4.png"",""time"":397},{""stimulus"":""img/2to1/5.png"",""time"":509},{""stimulus"":""img/2to1/6.png"",""time"":596},{""stimulus"":""img/2to1/7.png"",""time"":694},{""stimulus"":""img/2to1/8.png"",""time"":793},{""stimulus"":""img/2to1/9.png"",""time"":892},{""stimulus"":""img/2to1/10.png"",""time"":991},{""stimulus"":""img/2to1/11.png"",""time"":1090},{""stimulus"":""img/2to1/12.png"",""time"":1189}]","[]"
"image-keyboard-response","414","439432","0.0-5.0-1.205","63652b3ed1f35f8e04325845","bdp_cybrbll","Mon Mar 27 2023 10:14:12 GMT-0400 (Eastern Daylight Time)","476115","1","3","","null","","","","observe","","img/1to3/1.png","null","20","394","0.5","0.5","1","3","",""
"animation","415","440723","0.0-5.0-2.205","63652b3ed1f35f8e04325845","bdp_cybrbll","Mon Mar 27 2023 10:14:12 GMT-0400 (Eastern Daylight Time)","476115","1","3","","","","","","","","","","20","","","","1","3","[{""stimulus"":""img/1to3/1.png"",""time"":108},{""stimulus"":""img/1to3/2.png"",""time"":199},{""stimulus"":""img/1to3/3.png"",""time"":309},{""stimulus"":""img/1to3/4.png"",""time"":397},{""stimulus"":""img/1to3/5.png"",""time"":507},{""stimulus"":""img/1to3/6.png"",""time"":600},{""stimulus"":""img/1to3/7.png"",""time"":709},{""stimulus"":""img/1to3/8.png"",""time"":803},{""stimulus"":""img/1to3/9.png"",""time"":898},{""stimulus"":""img/1to3/10.png"",""time"":997},{""stimulus"":""img/1to3/11.png"",""time"":1106},{""stimulus"":""img/1to3/12.png"",""time"":1198}]","[]"
"image-keyboard-response","416","441198","0.0-5.0-1.206","63652b3ed1f35f8e04325845","bdp_cybrbll","Mon Mar 27 2023 10:14:12 GMT-0400 (Eastern Daylight Time)","476115","1","3","","null","","","","observe","","img/3to2/1.png","null","19","463","0.5","0.5","3","1","",""
"animation","417","442487","0.0-5.0-2.206","63652b3ed1f35f8e04325845","bdp_cybrbll","Mon Mar 27 2023 10:14:12 GMT-0400 (Eastern Daylight Time)","476115","1","3","","","","","","","","","","19","","","","3","1","[{""stimulus"":""img/3to1/1.png"",""time"":111},{""stimulus"":""img/3to1/2.png"",""time"":205},{""stimulus"":""img/3to1/3.png"",""time"":298},{""stimulus"":""img/3to1/4.png"",""time"":406},{""stimulus"":""img/3to1/5.png"",""time"":496},{""stimulus"":""img/3to1/6.png"",""time"":609},{""stimulus"":""img/3to1/7.png"",""time"":701},{""stimulus"":""img/3to1/8.png"",""time"":804},{""stimulus"":""img/3to1/9.png"",""time"":892},{""stimulus"":""img/3to1/10.png"",""time"":991},{""stimulus"":""img/3to1/11.png"",""time"":1089},{""stimulus"":""img/3to1/12.png"",""time"":1189}]","[]"
"image-keyboard-response","418","443281","0.0-5.0-1.207","63652b3ed1f35f8e04325845","bdp_cybrbll","Mon Mar 27 2023 10:14:12 GMT-0400 (Eastern Daylight Time)","476115","1","3","","null","","","","observe","","img/1to3/1.png","null","18","791","0.5","0.5","1","2","",""
"animation","419","444574","0.0-5.0-2.207","63652b3ed1f35f8e04325845","bdp_cybrbll","Mon Mar 27 2023 10:14:12 GMT-0400 (Eastern Daylight Time)","476115","1","3","","","","","","","","","","18","","","","1","2","[{""stimulus"":""img/1to2/1.png"",""time"":112},{""stimulus"":""img/1to2/2.png"",""time"":199},{""stimulus"":""img/1to2/3.png"",""time"":300},{""stimulus"":""img/1to2/4.png"",""time"":408},{""stimulus"":""img/1to2/5.png"",""time"":502},{""stimulus"":""img/1to2/6.png"",""time"":609},{""stimulus"":""img/1to2/7.png"",""time"":706},{""stimulus"":""img/1to2/8.png"",""time"":797},{""stimulus"":""img/1to2/9.png"",""time"":906},{""stimulus"":""img/1to2/10.png"",""time"":1000},{""stimulus"":""img/1to2/11.png"",""time"":1093},{""stimulus"":""img/1to2/12.png"",""time"":1201}]","[]"
"image-keyboard-response","420","445210","0.0-5.0-1.208","63652b3ed1f35f8e04325845","bdp_cybrbll","Mon Mar 27 2023 10:14:12 GMT-0400 (Eastern Daylight Time)","476115","1","3","","636","","","","choice","","img/2to1/1.png","2","17","324","0.5","0.5","2","3","",""
"animation","421","446500","0.0-5.0-2.208","63652b3ed1f35f8e04325845","bdp_cybrbll","Mon Mar 27 2023 10:14:12 GMT-0400 (Eastern Daylight Time)","476115","1","3","","","","","","","","","","17","","","","2","3","[{""stimulus"":""img/2to3/1.png"",""time"":100},{""stimulus"":""img/2to3/2.png"",""time"":199},{""stimulus"":""img/2to3/3.png"",""time"":297},{""stimulus"":""img/2to3/4.png"",""time"":397},{""stimulus"":""img/2to3/5.png"",""time"":498},{""stimulus"":""img/2to3/6.png"",""time"":594},{""stimulus"":""img/2to3/7.png"",""time"":704},{""stimulus"":""img/2to3/8.png"",""time"":805},{""stimulus"":""img/2to3/9.png"",""time"":899},{""stimulus"":""img/2to3/10.png"",""time"":991},{""stimulus"":""img/2to3/11.png"",""time"":1089},{""stimulus"":""img/2to3/12.png"",""time"":1196}]","[]"
"image-keyboard-response","422","446701","0.0-5.0-1.209","63652b3ed1f35f8e04325845","bdp_cybrbll","Mon Mar 27 2023 10:14:12 GMT-0400 (Eastern Daylight Time)","476115","1","3","","null","","","","observe","","img/3to2/1.png","null","16","195","0.5","0.5","3","1","",""
"animation","423","447991","0.0-5.0-2.209","63652b3ed1f35f8e04325845","bdp_cybrbll","Mon Mar 27 2023 10:14:12 GMT-0400 (Eastern Daylight Time)","476115","1","3","","","","","","","","","","16","","","","3","1","[{""stimulus"":""img/3to1/1.png"",""time"":109},{""stimulus"":""img/3to1/2.png"",""time"":199},{""stimulus"":""img/3to1/3.png"",""time"":312},{""stimulus"":""img/3to1/4.png"",""time"":406},{""stimulus"":""img/3to1/5.png"",""time"":498},{""stimulus"":""img/3to1/6.png"",""time"":607},{""stimulus"":""img/3to1/7.png"",""time"":694},{""stimulus"":""img/3to1/8.png"",""time"":794},{""stimulus"":""img/3to1/9.png"",""time"":892},{""stimulus"":""img/3to1/10.png"",""time"":996},{""stimulus"":""img/3to1/11.png"",""time"":1090},{""stimulus"":""img/3to1/12.png"",""time"":1189}]","[]"
"image-keyboard-response","424","449265","0.0-5.0-1.210","63652b3ed1f35f8e04325845","bdp_cybrbll","Mon Mar 27 2023 10:14:12 GMT-0400 (Eastern Daylight Time)","476115","1","3","","null","","","","observe","","img/1to3/1.png","null","15","1269","0.5","0.5","1","3","",""
"animation","425","450562","0.0-5.0-2.210","63652b3ed1f35f8e04325845","bdp_cybrbll","Mon Mar 27 2023 10:14:12 GMT-0400 (Eastern Daylight Time)","476115","1","3","","","","","","","","","","15","","","","1","3","[{""stimulus"":""img/1to3/1.png"",""time"":109},{""stimulus"":""img/1to3/2.png"",""time"":205},{""stimulus"":""img/1to3/3.png"",""time"":298},{""stimulus"":""img/1to3/4.png"",""time"":406},{""stimulus"":""img/1to3/5.png"",""time"":498},{""stimulus"":""img/1to3/6.png"",""time"":595},{""stimulus"":""img/1to3/7.png"",""time"":700},{""stimulus"":""img/1to3/8.png"",""time"":793},{""stimulus"":""img/1to3/9.png"",""time"":907},{""stimulus"":""img/1to3/10.png"",""time"":1001},{""stimulus"":""img/1to3/11.png"",""time"":1090},{""stimulus"":""img/1to3/12.png"",""time"":1203}]","[]"
"image-keyboard-response","426","451544","0.0-5.0-1.211","63652b3ed1f35f8e04325845","bdp_cybrbll","Mon Mar 27 2023 10:14:12 GMT-0400 (Eastern Daylight Time)","476115","1","3","","null","","","","observe","","img/3to2/1.png","null","14","974","0.5","0.5","3","2","",""
"animation","427","452832","0.0-5.0-2.211","63652b3ed1f35f8e04325845","bdp_cybrbll","Mon Mar 27 2023 10:14:12 GMT-0400 (Eastern Daylight Time)","476115","1","3","","","","","","","","","","14","","","","3","2","[{""stimulus"":""img/3to2/1.png"",""time"":112},{""stimulus"":""img/3to2/2.png"",""time"":200},{""stimulus"":""img/3to2/3.png"",""time"":298},{""stimulus"":""img/3to2/4.png"",""time"":408},{""stimulus"":""img/3to2/5.png"",""time"":496},{""stimulus"":""img/3to2/6.png"",""time"":602},{""stimulus"":""img/3to2/7.png"",""time"":695},{""stimulus"":""img/3to2/8.png"",""time"":793},{""stimulus"":""img/3to2/9.png"",""time"":899},{""stimulus"":""img/3to2/10.png"",""time"":993},{""stimulus"":""img/3to2/11.png"",""time"":1094},{""stimulus"":""img/3to2/12.png"",""time"":1189}]","[]"
"image-keyboard-response","428","453402","0.0-5.0-1.212","63652b3ed1f35f8e04325845","bdp_cybrbll","Mon Mar 27 2023 10:14:12 GMT-0400 (Eastern Daylight Time)","476115","1","3","","570","","","","choice","","img/2to1/1.png","1","13","371","0.5","0.5","2","1","",""
"animation","429","454695","0.0-5.0-2.212","63652b3ed1f35f8e04325845","bdp_cybrbll","Mon Mar 27 2023 10:14:12 GMT-0400 (Eastern Daylight Time)","476115","1","3","","","","","","","","","","13","","","","2","1","[{""stimulus"":""img/2to1/1.png"",""time"":100},{""stimulus"":""img/2to1/2.png"",""time"":199},{""stimulus"":""img/2to1/3.png"",""time"":309},{""stimulus"":""img/2to1/4.png"",""time"":403},{""stimulus"":""img/2to1/5.png"",""time"":496},{""stimulus"":""img/2to1/6.png"",""time"":595},{""stimulus"":""img/2to1/7.png"",""time"":701},{""stimulus"":""img/2to1/8.png"",""time"":795},{""stimulus"":""img/2to1/9.png"",""time"":892},{""stimulus"":""img/2to1/10.png"",""time"":995},{""stimulus"":""img/2to1/11.png"",""time"":1102},{""stimulus"":""img/2to1/12.png"",""time"":1190}]","[]"
"image-keyboard-response","430","455022","0.0-5.0-1.213","63652b3ed1f35f8e04325845","bdp_cybrbll","Mon Mar 27 2023 10:14:12 GMT-0400 (Eastern Daylight Time)","476115","1","3","","null","","","","observe","","img/1to3/1.png","null","12","325","0.5","0.5","1","3","",""
"animation","431","456315","0.0-5.0-2.213","63652b3ed1f35f8e04325845","bdp_cybrbll","Mon Mar 27 2023 10:14:12 GMT-0400 (Eastern Daylight Time)","476115","1","3","","","","","","","","","","12","","","","1","3","[{""stimulus"":""img/1to3/1.png"",""time"":111},{""stimulus"":""img/1to3/2.png"",""time"":204},{""stimulus"":""img/1to3/3.png"",""time"":310},{""stimulus"":""img/1to3/4.png"",""time"":404},{""stimulus"":""img/1to3/5.png"",""time"":498},{""stimulus"":""img/1to3/6.png"",""time"":595},{""stimulus"":""img/1to3/7.png"",""time"":707},{""stimulus"":""img/1to3/8.png"",""time"":800},{""stimulus"":""img/1to3/9.png"",""time"":895},{""stimulus"":""img/1to3/10.png"",""time"":1004},{""stimulus"":""img/1to3/11.png"",""time"":1098},{""stimulus"":""img/1to3/12.png"",""time"":1189}]","[]"
"image-keyboard-response","432","456863","0.0-5.0-1.214","63652b3ed1f35f8e04325845","bdp_cybrbll","Mon Mar 27 2023 10:14:12 GMT-0400 (Eastern Daylight Time)","476115","1","3","","null","","","","observe","","img/3to2/1.png","null","11","536","0.5","0.5","3","2","",""
"animation","433","458155","0.0-5.0-2.214","63652b3ed1f35f8e04325845","bdp_cybrbll","Mon Mar 27 2023 10:14:12 GMT-0400 (Eastern Daylight Time)","476115","1","3","","","","","","","","","","11","","","","3","2","[{""stimulus"":""img/3to2/1.png"",""time"":109},{""stimulus"":""img/3to2/2.png"",""time"":198},{""stimulus"":""img/3to2/3.png"",""time"":312},{""stimulus"":""img/3to2/4.png"",""time"":402},{""stimulus"":""img/3to2/5.png"",""time"":510},{""stimulus"":""img/3to2/6.png"",""time"":604},{""stimulus"":""img/3to2/7.png"",""time"":699},{""stimulus"":""img/3to2/8.png"",""time"":807},{""stimulus"":""img/3to2/9.png"",""time"":903},{""stimulus"":""img/3to2/10.png"",""time"":996},{""stimulus"":""img/3to2/11.png"",""time"":1104},{""stimulus"":""img/3to2/12.png"",""time"":1199}]","[]"
"image-keyboard-response","434","458203","0.0-5.0-1.215","63652b3ed1f35f8e04325845","bdp_cybrbll","Mon Mar 27 2023 10:14:12 GMT-0400 (Eastern Daylight Time)","476115","1","3","","47","","","","choice","","img/2to1/1.png","1","10","225","0.5","0.5","2","1","",""
"animation","435","459505","0.0-5.0-2.215","63652b3ed1f35f8e04325845","bdp_cybrbll","Mon Mar 27 2023 10:14:12 GMT-0400 (Eastern Daylight Time)","476115","1","3","","","","","","","","","","10","","","","2","1","[{""stimulus"":""img/2to1/1.png"",""time"":100},{""stimulus"":""img/2to1/2.png"",""time"":206},{""stimulus"":""img/2to1/3.png"",""time"":297},{""stimulus"":""img/2to1/4.png"",""time"":399},{""stimulus"":""img/2to1/5.png"",""time"":496},{""stimulus"":""img/2to1/6.png"",""time"":595},{""stimulus"":""img/2to1/7.png"",""time"":704},{""stimulus"":""img/2to1/8.png"",""time"":793},{""stimulus"":""img/2to1/9.png"",""time"":892},{""stimulus"":""img/2to1/10.png"",""time"":990},{""stimulus"":""img/2to1/11.png"",""time"":1089},{""stimulus"":""img/2to1/12.png"",""time"":1188}]","[]"
"image-keyboard-response","436","460072","0.0-5.0-1.216","63652b3ed1f35f8e04325845","bdp_cybrbll","Mon Mar 27 2023 10:14:12 GMT-0400 (Eastern Daylight Time)","476115","1","3","","null","","","","observe","","img/1to3/1.png","null","9","555","0.5","0.5","1","3","",""
"animation","437","461364","0.0-5.0-2.216","63652b3ed1f35f8e04325845","bdp_cybrbll","Mon Mar 27 2023 10:14:12 GMT-0400 (Eastern Daylight Time)","476115","1","3","","","","","","","","","","9","","","","1","3","[{""stimulus"":""img/1to3/1.png"",""time"":110},{""stimulus"":""img/1to3/2.png"",""time"":199},{""stimulus"":""img/1to3/3.png"",""time"":298},{""stimulus"":""img/1to3/4.png"",""time"":407},{""stimulus"":""img/1to3/5.png"",""time"":496},{""stimulus"":""img/1to3/6.png"",""time"":607},{""stimulus"":""img/1to3/7.png"",""time"":697},{""stimulus"":""img/1to3/8.png"",""time"":805},{""stimulus"":""img/1to3/9.png"",""time"":891},{""stimulus"":""img/1to3/10.png"",""time"":993},{""stimulus"":""img/1to3/11.png"",""time"":1090},{""stimulus"":""img/1to3/12.png"",""time"":1201}]","[]"
"image-keyboard-response","438","461584","0.0-5.0-1.217","63652b3ed1f35f8e04325845","bdp_cybrbll","Mon Mar 27 2023 10:14:12 GMT-0400 (Eastern Daylight Time)","476115","1","3","","null","","","","observe","","img/3to2/1.png","null","8","216","0.5","0.5","3","2","",""
"animation","439","462879","0.0-5.0-2.217","63652b3ed1f35f8e04325845","bdp_cybrbll","Mon Mar 27 2023 10:14:12 GMT-0400 (Eastern Daylight Time)","476115","1","3","","","","","","","","","","8","","","","3","2","[{""stimulus"":""img/3to2/1.png"",""time"":113},{""stimulus"":""img/3to2/2.png"",""time"":199},{""stimulus"":""img/3to2/3.png"",""time"":298},{""stimulus"":""img/3to2/4.png"",""time"":399},{""stimulus"":""img/3to2/5.png"",""time"":507},{""stimulus"":""img/3to2/6.png"",""time"":595},{""stimulus"":""img/3to2/7.png"",""time"":703},{""stimulus"":""img/3to2/8.png"",""time"":796},{""stimulus"":""img/3to2/9.png"",""time"":903},{""stimulus"":""img/3to2/10.png"",""time"":996},{""stimulus"":""img/3to2/11.png"",""time"":1091},{""stimulus"":""img/3to2/12.png"",""time"":1202}]","[]"
"image-keyboard-response","440","463361","0.0-5.0-1.218","63652b3ed1f35f8e04325845","bdp_cybrbll","Mon Mar 27 2023 10:14:12 GMT-0400 (Eastern Daylight Time)","476115","1","3","","482","","","","choice","","img/2to1/1.png","1","7","229","0.5","0.5","2","1","",""
"animation","441","464662","0.0-5.0-2.218","63652b3ed1f35f8e04325845","bdp_cybrbll","Mon Mar 27 2023 10:14:12 GMT-0400 (Eastern Daylight Time)","476115","1","3","","","","","","","","","","7","","","","2","1","[{""stimulus"":""img/2to1/1.png"",""time"":103},{""stimulus"":""img/2to1/2.png"",""time"":199},{""stimulus"":""img/2to1/3.png"",""time"":306},{""stimulus"":""img/2to1/4.png"",""time"":398},{""stimulus"":""img/2to1/5.png"",""time"":509},{""stimulus"":""img/2to1/6.png"",""time"":602},{""stimulus"":""img/2to1/7.png"",""time"":694},{""stimulus"":""img/2to1/8.png"",""time"":803},{""stimulus"":""img/2to1/9.png"",""time"":896},{""stimulus"":""img/2to1/10.png"",""time"":1005},{""stimulus"":""img/2to1/11.png"",""time"":1099},{""stimulus"":""img/2to1/12.png"",""time"":1188}]","[]"
"image-keyboard-response","442","464841","0.0-5.0-1.219","63652b3ed1f35f8e04325845","bdp_cybrbll","Mon Mar 27 2023 10:14:12 GMT-0400 (Eastern Daylight Time)","476115","1","3","","null","","","","observe","","img/1to3/1.png","null","6","177","0.5","0.5","1","2","",""
"animation","443","466128","0.0-5.0-2.219","63652b3ed1f35f8e04325845","bdp_cybrbll","Mon Mar 27 2023 10:14:12 GMT-0400 (Eastern Daylight Time)","476115","1","3","","","","","","","","","","6","","","","1","2","[{""stimulus"":""img/1to2/1.png"",""time"":107},{""stimulus"":""img/1to2/2.png"",""time"":198},{""stimulus"":""img/1to2/3.png"",""time"":310},{""stimulus"":""img/1to2/4.png"",""time"":405},{""stimulus"":""img/1to2/5.png"",""time"":495},{""stimulus"":""img/1to2/6.png"",""time"":595},{""stimulus"":""img/1to2/7.png"",""time"":704},{""stimulus"":""img/1to2/8.png"",""time"":792},{""stimulus"":""img/1to2/9.png"",""time"":892},{""stimulus"":""img/1to2/10.png"",""time"":992},{""stimulus"":""img/1to2/11.png"",""time"":1089},{""stimulus"":""img/1to2/12.png"",""time"":1192}]","[]"
"image-keyboard-response","444","466490","0.0-5.0-1.220","63652b3ed1f35f8e04325845","bdp_cybrbll","Mon Mar 27 2023 10:14:12 GMT-0400 (Eastern Daylight Time)","476115","1","3","","361","","","","choice","","img/2to1/1.png","2","5","400","0.5","0.5","2","3","",""
"animation","445","467786","0.0-5.0-2.220","63652b3ed1f35f8e04325845","bdp_cybrbll","Mon Mar 27 2023 10:14:12 GMT-0400 (Eastern Daylight Time)","476115","1","3","","","","","","","","","","5","","","","2","3","[{""stimulus"":""img/2to3/1.png"",""time"":100},{""stimulus"":""img/2to3/2.png"",""time"":206},{""stimulus"":""img/2to3/3.png"",""time"":297},{""stimulus"":""img/2to3/4.png"",""time"":399},{""stimulus"":""img/2to3/5.png"",""time"":508},{""stimulus"":""img/2to3/6.png"",""time"":595},{""stimulus"":""img/2to3/7.png"",""time"":695},{""stimulus"":""img/2to3/8.png"",""time"":804},{""stimulus"":""img/2to3/9.png"",""time"":892},{""stimulus"":""img/2to3/10.png"",""time"":998},{""stimulus"":""img/2to3/11.png"",""time"":1092},{""stimulus"":""img/2to3/12.png"",""time"":1203}]","[]"
"image-keyboard-response","446","468514","0.0-5.0-1.221","63652b3ed1f35f8e04325845","bdp_cybrbll","Mon Mar 27 2023 10:14:12 GMT-0400 (Eastern Daylight Time)","476115","1","3","","null","","","","observe","","img/3to2/1.png","null","4","726","0.5","0.5","3","1","",""
"animation","447","469812","0.0-5.0-2.221","63652b3ed1f35f8e04325845","bdp_cybrbll","Mon Mar 27 2023 10:14:12 GMT-0400 (Eastern Daylight Time)","476115","1","3","","","","","","","","","","4","","","","3","1","[{""stimulus"":""img/3to1/1.png"",""time"":108},{""stimulus"":""img/3to1/2.png"",""time"":198},{""stimulus"":""img/3to1/3.png"",""time"":310},{""stimulus"":""img/3to1/4.png"",""time"":399},{""stimulus"":""img/3to1/5.png"",""time"":508},{""stimulus"":""img/3to1/6.png"",""time"":595},{""stimulus"":""img/3to1/7.png"",""time"":697},{""stimulus"":""img/3to1/8.png"",""time"":806},{""stimulus"":""img/3to1/9.png"",""time"":906},{""stimulus"":""img/3to1/10.png"",""time"":1001},{""stimulus"":""img/3to1/11.png"",""time"":1093},{""stimulus"":""img/3to1/12.png"",""time"":1189}]","[]"
"image-keyboard-response","448","470272","0.0-5.0-1.222","63652b3ed1f35f8e04325845","bdp_cybrbll","Mon Mar 27 2023 10:14:12 GMT-0400 (Eastern Daylight Time)","476115","1","3","","null","","","","observe","","img/1to3/1.png","null","3","450","0.5","0.5","1","2","",""
"animation","449","471572","0.0-5.0-2.222","63652b3ed1f35f8e04325845","bdp_cybrbll","Mon Mar 27 2023 10:14:12 GMT-0400 (Eastern Daylight Time)","476115","1","3","","","","","","","","","","3","","","","1","2","[{""stimulus"":""img/1to2/1.png"",""time"":110},{""stimulus"":""img/1to2/2.png"",""time"":203},{""stimulus"":""img/1to2/3.png"",""time"":310},{""stimulus"":""img/1to2/4.png"",""time"":404},{""stimulus"":""img/1to2/5.png"",""time"":496},{""stimulus"":""img/1to2/6.png"",""time"":607},{""stimulus"":""img/1to2/7.png"",""time"":706},{""stimulus"":""img/1to2/8.png"",""time"":799},{""stimulus"":""img/1to2/9.png"",""time"":892},{""stimulus"":""img/1to2/10.png"",""time"":991},{""stimulus"":""img/1to2/11.png"",""time"":1098},{""stimulus"":""img/1to2/12.png"",""time"":1191}]","[]"
"image-keyboard-response","450","471946","0.0-5.0-1.223","63652b3ed1f35f8e04325845","bdp_cybrbll","Mon Mar 27 2023 10:14:12 GMT-0400 (Eastern Daylight Time)","476115","1","3","","374","","","","choice","","img/2to1/1.png","2","2","273","0.5","0.5","2","3","",""
"animation","451","473242","0.0-5.0-2.223","63652b3ed1f35f8e04325845","bdp_cybrbll","Mon Mar 27 2023 10:14:12 GMT-0400 (Eastern Daylight Time)","476115","1","3","","","","","","","","","","2","","","","2","3","[{""stimulus"":""img/2to3/1.png"",""time"":115},{""stimulus"":""img/2to3/2.png"",""time"":208},{""stimulus"":""img/2to3/3.png"",""time"":303},{""stimulus"":""img/2to3/4.png"",""time"":397},{""stimulus"":""img/2to3/5.png"",""time"":498},{""stimulus"":""img/2to3/6.png"",""time"":606},{""stimulus"":""img/2to3/7.png"",""time"":700},{""stimulus"":""img/2to3/8.png"",""time"":808},{""stimulus"":""img/2to3/9.png"",""time"":892},{""stimulus"":""img/2to3/10.png"",""time"":1001},{""stimulus"":""img/2to3/11.png"",""time"":1094},{""stimulus"":""img/2to3/12.png"",""time"":1188}]","[]"
"image-keyboard-response","452","473822","0.0-5.0-1.224","63652b3ed1f35f8e04325845","bdp_cybrbll","Mon Mar 27 2023 10:14:12 GMT-0400 (Eastern Daylight Time)","476115","1","3","","null","","","","observe","","img/3to2/1.png","null","1","575","0.5","0.5","3","1","",""
"animation","453","475109","0.0-5.0-2.224","63652b3ed1f35f8e04325845","bdp_cybrbll","Mon Mar 27 2023 10:14:12 GMT-0400 (Eastern Daylight Time)","476115","1","3","","","","","","","","","","1","","","","3","1","[{""stimulus"":""img/3to1/1.png"",""time"":108},{""stimulus"":""img/3to1/2.png"",""time"":200},{""stimulus"":""img/3to1/3.png"",""time"":300},{""stimulus"":""img/3to1/4.png"",""time"":397},{""stimulus"":""img/3to1/5.png"",""time"":496},{""stimulus"":""img/3to1/6.png"",""time"":604},{""stimulus"":""img/3to1/7.png"",""time"":708},{""stimulus"":""img/3to1/8.png"",""time"":800},{""stimulus"":""img/3to1/9.png"",""time"":893},{""stimulus"":""img/3to1/10.png"",""time"":1002},{""stimulus"":""img/3to1/11.png"",""time"":1090},{""stimulus"":""img/3to1/12.png"",""time"":1200}]","[]"
"","","","","63652b3ed1f35f8e04325845","bdp_cybrbll","Mon Mar 27 2023 10:14:12 GMT-0400 (Eastern Daylight Time)","476115","1","3","","","fullscreenexit","454","475119","fullscreenexit","","","","","","","","","","",""
"fullscreen","454","476114","0.0-6.0","63652b3ed1f35f8e04325845","bdp_cybrbll","Mon Mar 27 2023 10:14:12 GMT-0400 (Eastern Daylight Time)","476115","1","3","","","","","","","true","","","","","","","","","",""
"html-keyboard-response","455","476617","0.0-7.0","","","","","","","","null","","","","","","","null","","","","","","","",""
