"trial_type","trial_index","time_elapsed","internal_node_id","subject_id","task","startTime","totalTime","labels","view_history","rt","event","trial","time","trialtype","success","stimulus","key_press","numBlurs","aground","name","faceID","outcome","agenttype","agentswpt","agentcurrpshare","face","avgRating","point_total","round"
"pavlovia","0","3","0.0-0.0","60fdb99f392d7600a5d42c1f","bdp_trlrn","Thu Jul 28 2022 09:00:12 GMT-0700 (Pacific Daylight Time)","791547","Untrustworthy,Trustworthy","","","","","","","","","","","","","","","","","","","","",""
"instructions","1","5780","0.0-1.0","60fdb99f392d7600a5d42c1f","bdp_trlrn","Thu Jul 28 2022 09:00:12 GMT-0700 (Pacific Daylight Time)","791547","Untrustworthy,Trustworthy","[{""page_index"":0,""viewing_time"":5776}]","5776","","","","","","","","","","","","","","","","","","",""
"","","","","60fdb99f392d7600a5d42c1f","bdp_trlrn","Thu Jul 28 2022 09:00:12 GMT-0700 (Pacific Daylight Time)","791547","Untrustworthy,Trustworthy","","","fullscreenenter","2","79813","fullscreenenter","","","","","","","","","","","","","","",""
"fullscreen","2","80770","0.0-2.0","60fdb99f392d7600a5d42c1f","bdp_trlrn","Thu Jul 28 2022 09:00:12 GMT-0700 (Pacific Daylight Time)","791547","Untrustworthy,Trustworthy","","","","","","","true","","","","","","","","","","","","","",""
"instructions","3","94398","0.0-4.0","60fdb99f392d7600a5d42c1f","bdp_trlrn","Thu Jul 28 2022 09:00:12 GMT-0700 (Pacific Daylight Time)","791547","Untrustworthy,Trustworthy","[{""page_index"":0,""viewing_time"":6345},{""page_index"":1,""viewing_time"":7281}]","13626","","","","","","","","","","","","","","","","","","",""
"instructions","4","107661","0.0-5.0","60fdb99f392d7600a5d42c1f","bdp_trlrn","Thu Jul 28 2022 09:00:12 GMT-0700 (Pacific Daylight Time)","791547","Untrustworthy,Trustworthy","[{""page_index"":0,""viewing_time"":13260}]","13260","","","","","","","","","","","","","","","","","","",""
"image-keyboard-response","5","109290","0.0-6.0-1.0","60fdb99f392d7600a5d42c1f","bdp_trlrn","Thu Jul 28 2022 09:00:12 GMT-0700 (Pacific Daylight Time)","791547","Untrustworthy,Trustworthy","","1524","","","","rating","","trustrating_stim/white_mw063.bmp","1","","","","","","","","","","","",""
"image-keyboard-response","6","109494","0.0-6.0-2.0","60fdb99f392d7600a5d42c1f","bdp_trlrn","Thu Jul 28 2022 09:00:12 GMT-0700 (Pacific Daylight Time)","791547","Untrustworthy,Trustworthy","","null","","","","ratingFB","","trustrating_stim/white_mw063.bmp","null","","","","","","","","","","","",""
"image-keyboard-response","7","111016","0.0-6.0-1.1","60fdb99f392d7600a5d42c1f","bdp_trlrn","Thu Jul 28 2022 09:00:12 GMT-0700 (Pacific Daylight Time)","791547","Untrustworthy,Trustworthy","","1419","","","","rating","","trustrating_stim/white_mw053.bmp","5","","","","","","","","","","","",""
"image-keyboard-response","8","111220","0.0-6.0-2.1","60fdb99f392d7600a5d42c1f","bdp_trlrn","Thu Jul 28 2022 09:00:12 GMT-0700 (Pacific Daylight Time)","791547","Untrustworthy,Trustworthy","","null","","","","ratingFB","","trustrating_stim/white_mw053.bmp","null","","","","","","","","","","","",""
"image-keyboard-response","9","112654","0.0-6.0-1.2","60fdb99f392d7600a5d42c1f","bdp_trlrn","Thu Jul 28 2022 09:00:12 GMT-0700 (Pacific Daylight Time)","791547","Untrustworthy,Trustworthy","","1332","","","","rating","","trustrating_stim/white_00807_941205_fb_edt.bmp","3","","","","","","","","","","","",""
"image-keyboard-response","10","112857","0.0-6.0-2.2","60fdb99f392d7600a5d42c1f","bdp_trlrn","Thu Jul 28 2022 09:00:12 GMT-0700 (Pacific Daylight Time)","791547","Untrustworthy,Trustworthy","","null","","","","ratingFB","","trustrating_stim/white_00807_941205_fb_edt.bmp","null","","","","","","","","","","","",""
"image-keyboard-response","11","113978","0.0-6.0-1.3","60fdb99f392d7600a5d42c1f","bdp_trlrn","Thu Jul 28 2022 09:00:12 GMT-0700 (Pacific Daylight Time)","791547","Untrustworthy,Trustworthy","","1018","","","","rating","","trustrating_stim/white_00129_931230_fb_edt.bmp","4","","","","","","","","","","","",""
"image-keyboard-response","12","114180","0.0-6.0-2.3","60fdb99f392d7600a5d42c1f","bdp_trlrn","Thu Jul 28 2022 09:00:12 GMT-0700 (Pacific Daylight Time)","791547","Untrustworthy,Trustworthy","","null","","","","ratingFB","","trustrating_stim/white_00129_931230_fb_edt.bmp","null","","","","","","","","","","","",""
"image-keyboard-response","13","115297","0.0-6.0-1.4","60fdb99f392d7600a5d42c1f","bdp_trlrn","Thu Jul 28 2022 09:00:12 GMT-0700 (Pacific Daylight Time)","791547","Untrustworthy,Trustworthy","","1014","","","","rating","","trustrating_stim/white_mw066.bmp","4","","","","","","","","","","","",""
"image-keyboard-response","14","115510","0.0-6.0-2.4","60fdb99f392d7600a5d42c1f","bdp_trlrn","Thu Jul 28 2022 09:00:12 GMT-0700 (Pacific Daylight Time)","791547","Untrustworthy,Trustworthy","","null","","","","ratingFB","","trustrating_stim/white_mw066.bmp","null","","","","","","","","","","","",""
"image-keyboard-response","15","117261","0.0-6.0-1.5","60fdb99f392d7600a5d42c1f","bdp_trlrn","Thu Jul 28 2022 09:00:12 GMT-0700 (Pacific Daylight Time)","791547","Untrustworthy,Trustworthy","","1648","","","","rating","","trustrating_stim/white_mw049.bmp","3","","","","","","","","","","","",""
"image-keyboard-response","16","117464","0.0-6.0-2.5","60fdb99f392d7600a5d42c1f","bdp_trlrn","Thu Jul 28 2022 09:00:12 GMT-0700 (Pacific Daylight Time)","791547","Untrustworthy,Trustworthy","","null","","","","ratingFB","","trustrating_stim/white_mw049.bmp","null","","","","","","","","","","","",""
"image-keyboard-response","17","119431","0.0-6.0-1.6","60fdb99f392d7600a5d42c1f","bdp_trlrn","Thu Jul 28 2022 09:00:12 GMT-0700 (Pacific Daylight Time)","791547","Untrustworthy,Trustworthy","","1864","","","","rating","","trustrating_stim/white_00659_941121_fa_edt.bmp","1","","","","","","","","","","","",""
"image-keyboard-response","18","119633","0.0-6.0-2.6","60fdb99f392d7600a5d42c1f","bdp_trlrn","Thu Jul 28 2022 09:00:12 GMT-0700 (Pacific Daylight Time)","791547","Untrustworthy,Trustworthy","","null","","","","ratingFB","","trustrating_stim/white_00659_941121_fa_edt.bmp","null","","","","","","","","","","","",""
"image-keyboard-response","19","120638","0.0-6.0-1.7","60fdb99f392d7600a5d42c1f","bdp_trlrn","Thu Jul 28 2022 09:00:12 GMT-0700 (Pacific Daylight Time)","791547","Untrustworthy,Trustworthy","","903","","","","rating","","trustrating_stim/white_mw097.bmp","1","","","","","","","","","","","",""
"image-keyboard-response","20","120841","0.0-6.0-2.7","60fdb99f392d7600a5d42c1f","bdp_trlrn","Thu Jul 28 2022 09:00:12 GMT-0700 (Pacific Daylight Time)","791547","Untrustworthy,Trustworthy","","null","","","","ratingFB","","trustrating_stim/white_mw097.bmp","null","","","","","","","","","","","",""
"image-keyboard-response","21","123062","0.0-6.0-1.8","60fdb99f392d7600a5d42c1f","bdp_trlrn","Thu Jul 28 2022 09:00:12 GMT-0700 (Pacific Daylight Time)","791547","Untrustworthy,Trustworthy","","2119","","","","rating","","trustrating_stim/white_00602_940928_fb_edt.bmp","3","","","","","","","","","","","",""
"image-keyboard-response","22","123264","0.0-6.0-2.8","60fdb99f392d7600a5d42c1f","bdp_trlrn","Thu Jul 28 2022 09:00:12 GMT-0700 (Pacific Daylight Time)","791547","Untrustworthy,Trustworthy","","null","","","","ratingFB","","trustrating_stim/white_00602_940928_fb_edt.bmp","null","","","","","","","","","","","",""
"image-keyboard-response","23","124309","0.0-6.0-1.9","60fdb99f392d7600a5d42c1f","bdp_trlrn","Thu Jul 28 2022 09:00:12 GMT-0700 (Pacific Daylight Time)","791547","Untrustworthy,Trustworthy","","942","","","","rating","","trustrating_stim/white_mw048.bmp","1","","","","","","","","","","","",""
"image-keyboard-response","24","124511","0.0-6.0-2.9","60fdb99f392d7600a5d42c1f","bdp_trlrn","Thu Jul 28 2022 09:00:12 GMT-0700 (Pacific Daylight Time)","791547","Untrustworthy,Trustworthy","","null","","","","ratingFB","","trustrating_stim/white_mw048.bmp","null","","","","","","","","","","","",""
"image-keyboard-response","25","125291","0.0-6.0-1.10","60fdb99f392d7600a5d42c1f","bdp_trlrn","Thu Jul 28 2022 09:00:12 GMT-0700 (Pacific Daylight Time)","791547","Untrustworthy,Trustworthy","","677","","","","rating","","trustrating_stim/white_00785_941205_fb_edt.bmp","1","","","","","","","","","","","",""
"image-keyboard-response","26","125494","0.0-6.0-2.10","60fdb99f392d7600a5d42c1f","bdp_trlrn","Thu Jul 28 2022 09:00:12 GMT-0700 (Pacific Daylight Time)","791547","Untrustworthy,Trustworthy","","null","","","","ratingFB","","trustrating_stim/white_00785_941205_fb_edt.bmp","null","","","","","","","","","","","",""
"image-keyboard-response","27","126447","0.0-6.0-1.11","60fdb99f392d7600a5d42c1f","bdp_trlrn","Thu Jul 28 2022 09:00:12 GMT-0700 (Pacific Daylight Time)","791547","Untrustworthy,Trustworthy","","848","","","","rating","","trustrating_stim/white_00120_931230_fa_edt.bmp","1","","","","","","","","","","","",""
"image-keyboard-response","28","126649","0.0-6.0-2.11","60fdb99f392d7600a5d42c1f","bdp_trlrn","Thu Jul 28 2022 09:00:12 GMT-0700 (Pacific Daylight Time)","791547","Untrustworthy,Trustworthy","","null","","","","ratingFB","","trustrating_stim/white_00120_931230_fa_edt.bmp","null","","","","","","","","","","","",""
"image-keyboard-response","29","127897","0.0-6.0-1.12","60fdb99f392d7600a5d42c1f","bdp_trlrn","Thu Jul 28 2022 09:00:12 GMT-0700 (Pacific Daylight Time)","791547","Untrustworthy,Trustworthy","","1145","","","","rating","","trustrating_stim/white_00109_931230_fa_edt.bmp","7","","","","","","","","","","","",""
"image-keyboard-response","30","128099","0.0-6.0-2.12","60fdb99f392d7600a5d42c1f","bdp_trlrn","Thu Jul 28 2022 09:00:12 GMT-0700 (Pacific Daylight Time)","791547","Untrustworthy,Trustworthy","","null","","","","ratingFB","","trustrating_stim/white_00109_931230_fa_edt.bmp","null","","","","","","","","","","","",""
"image-keyboard-response","31","131897","0.0-6.0-1.13","60fdb99f392d7600a5d42c1f","bdp_trlrn","Thu Jul 28 2022 09:00:12 GMT-0700 (Pacific Daylight Time)","791547","Untrustworthy,Trustworthy","","3696","","","","rating","","trustrating_stim/white_00340_940422_fa_edt.bmp","4","","","","","","","","","","","",""
"image-keyboard-response","32","132100","0.0-6.0-2.13","60fdb99f392d7600a5d42c1f","bdp_trlrn","Thu Jul 28 2022 09:00:12 GMT-0700 (Pacific Daylight Time)","791547","Untrustworthy,Trustworthy","","null","","","","ratingFB","","trustrating_stim/white_00340_940422_fa_edt.bmp","null","","","","","","","","","","","",""
"image-keyboard-response","33","133487","0.0-6.0-1.14","60fdb99f392d7600a5d42c1f","bdp_trlrn","Thu Jul 28 2022 09:00:12 GMT-0700 (Pacific Daylight Time)","791547","Untrustworthy,Trustworthy","","1284","","","","rating","","trustrating_stim/white_mw089.bmp","5","","","","","","","","","","","",""
"image-keyboard-response","34","133690","0.0-6.0-2.14","60fdb99f392d7600a5d42c1f","bdp_trlrn","Thu Jul 28 2022 09:00:12 GMT-0700 (Pacific Daylight Time)","791547","Untrustworthy,Trustworthy","","null","","","","ratingFB","","trustrating_stim/white_mw089.bmp","null","","","","","","","","","","","",""
"image-keyboard-response","35","134868","0.0-6.0-1.15","60fdb99f392d7600a5d42c1f","bdp_trlrn","Thu Jul 28 2022 09:00:12 GMT-0700 (Pacific Daylight Time)","791547","Untrustworthy,Trustworthy","","1075","","","","rating","","trustrating_stim/white_mw071.bmp","4","","","","","","","","","","","",""
"image-keyboard-response","36","135069","0.0-6.0-2.15","60fdb99f392d7600a5d42c1f","bdp_trlrn","Thu Jul 28 2022 09:00:12 GMT-0700 (Pacific Daylight Time)","791547","Untrustworthy,Trustworthy","","null","","","","ratingFB","","trustrating_stim/white_mw071.bmp","null","","","","","","","","","","","",""
"image-keyboard-response","37","136142","0.0-6.0-1.16","60fdb99f392d7600a5d42c1f","bdp_trlrn","Thu Jul 28 2022 09:00:12 GMT-0700 (Pacific Daylight Time)","791547","Untrustworthy,Trustworthy","","971","","","","rating","","trustrating_stim/white_mw046.bmp","3","","","","","","","","","","","",""
"image-keyboard-response","38","136345","0.0-6.0-2.16","60fdb99f392d7600a5d42c1f","bdp_trlrn","Thu Jul 28 2022 09:00:12 GMT-0700 (Pacific Daylight Time)","791547","Untrustworthy,Trustworthy","","null","","","","ratingFB","","trustrating_stim/white_mw046.bmp","null","","","","","","","","","","","",""
"image-keyboard-response","39","137267","0.0-6.0-1.17","60fdb99f392d7600a5d42c1f","bdp_trlrn","Thu Jul 28 2022 09:00:12 GMT-0700 (Pacific Daylight Time)","791547","Untrustworthy,Trustworthy","","818","","","","rating","","trustrating_stim/white_00299_940422_fa_edt.bmp","5","","","","","","","","","","","",""
"image-keyboard-response","40","137470","0.0-6.0-2.17","60fdb99f392d7600a5d42c1f","bdp_trlrn","Thu Jul 28 2022 09:00:12 GMT-0700 (Pacific Daylight Time)","791547","Untrustworthy,Trustworthy","","null","","","","ratingFB","","trustrating_stim/white_00299_940422_fa_edt.bmp","null","","","","","","","","","","","",""
"image-keyboard-response","41","138697","0.0-6.0-1.18","60fdb99f392d7600a5d42c1f","bdp_trlrn","Thu Jul 28 2022 09:00:12 GMT-0700 (Pacific Daylight Time)","791547","Untrustworthy,Trustworthy","","1124","","","","rating","","trustrating_stim/white_00223_940128_fb_edt.bmp","1","","","","","","","","","","","",""
"image-keyboard-response","42","138899","0.0-6.0-2.18","60fdb99f392d7600a5d42c1f","bdp_trlrn","Thu Jul 28 2022 09:00:12 GMT-0700 (Pacific Daylight Time)","791547","Untrustworthy,Trustworthy","","null","","","","ratingFB","","trustrating_stim/white_00223_940128_fb_edt.bmp","null","","","","","","","","","","","",""
"image-keyboard-response","43","139817","0.0-6.0-1.19","60fdb99f392d7600a5d42c1f","bdp_trlrn","Thu Jul 28 2022 09:00:12 GMT-0700 (Pacific Daylight Time)","791547","Untrustworthy,Trustworthy","","813","","","","rating","","trustrating_stim/white_00577_940928_fa_edt.bmp","1","","","","","","","","","","","",""
"image-keyboard-response","44","140020","0.0-6.0-2.19","60fdb99f392d7600a5d42c1f","bdp_trlrn","Thu Jul 28 2022 09:00:12 GMT-0700 (Pacific Daylight Time)","791547","Untrustworthy,Trustworthy","","null","","","","ratingFB","","trustrating_stim/white_00577_940928_fa_edt.bmp","null","","","","","","","","","","","",""
"image-keyboard-response","45","141488","0.0-6.0-1.20","60fdb99f392d7600a5d42c1f","bdp_trlrn","Thu Jul 28 2022 09:00:12 GMT-0700 (Pacific Daylight Time)","791547","Untrustworthy,Trustworthy","","1364","","","","rating","","trustrating_stim/white_00761_941201_fb_edt.bmp","5","","","","","","","","","","","",""
"image-keyboard-response","46","141691","0.0-6.0-2.20","60fdb99f392d7600a5d42c1f","bdp_trlrn","Thu Jul 28 2022 09:00:12 GMT-0700 (Pacific Daylight Time)","791547","Untrustworthy,Trustworthy","","null","","","","ratingFB","","trustrating_stim/white_00761_941201_fb_edt.bmp","null","","","","","","","","","","","",""
"image-keyboard-response","47","143194","0.0-6.0-1.21","60fdb99f392d7600a5d42c1f","bdp_trlrn","Thu Jul 28 2022 09:00:12 GMT-0700 (Pacific Daylight Time)","791547","Untrustworthy,Trustworthy","","1399","","","","rating","","trustrating_stim/white_00898_960530_fa_edt.bmp","6","","","","","","","","","","","",""
"image-keyboard-response","48","143396","0.0-6.0-2.21","60fdb99f392d7600a5d42c1f","bdp_trlrn","Thu Jul 28 2022 09:00:12 GMT-0700 (Pacific Daylight Time)","791547","Untrustworthy,Trustworthy","","null","","","","ratingFB","","trustrating_stim/white_00898_960530_fa_edt.bmp","null","","","","","","","","","","","",""
"image-keyboard-response","49","144484","0.0-6.0-1.22","60fdb99f392d7600a5d42c1f","bdp_trlrn","Thu Jul 28 2022 09:00:12 GMT-0700 (Pacific Daylight Time)","791547","Untrustworthy,Trustworthy","","982","","","","rating","","trustrating_stim/white_00757_941201_fa_edt.bmp","1","","","","","","","","","","","",""
"image-keyboard-response","50","144686","0.0-6.0-2.22","60fdb99f392d7600a5d42c1f","bdp_trlrn","Thu Jul 28 2022 09:00:12 GMT-0700 (Pacific Daylight Time)","791547","Untrustworthy,Trustworthy","","null","","","","ratingFB","","trustrating_stim/white_00757_941201_fa_edt.bmp","null","","","","","","","","","","","",""
"image-keyboard-response","51","146676","0.0-6.0-1.23","60fdb99f392d7600a5d42c1f","bdp_trlrn","Thu Jul 28 2022 09:00:12 GMT-0700 (Pacific Daylight Time)","791547","Untrustworthy,Trustworthy","","1886","","","","rating","","trustrating_stim/white_mw033.bmp","5","","","","","","","","","","","",""
"image-keyboard-response","52","146879","0.0-6.0-2.23","60fdb99f392d7600a5d42c1f","bdp_trlrn","Thu Jul 28 2022 09:00:12 GMT-0700 (Pacific Daylight Time)","791547","Untrustworthy,Trustworthy","","null","","","","ratingFB","","trustrating_stim/white_mw033.bmp","null","","","","","","","","","","","",""
"image-keyboard-response","53","147898","0.0-6.0-1.24","60fdb99f392d7600a5d42c1f","bdp_trlrn","Thu Jul 28 2022 09:00:12 GMT-0700 (Pacific Daylight Time)","791547","Untrustworthy,Trustworthy","","915","","","","rating","","trustrating_stim/white_mw056.bmp","5","","","","","","","","","","","",""
"image-keyboard-response","54","148100","0.0-6.0-2.24","60fdb99f392d7600a5d42c1f","bdp_trlrn","Thu Jul 28 2022 09:00:12 GMT-0700 (Pacific Daylight Time)","791547","Untrustworthy,Trustworthy","","null","","","","ratingFB","","trustrating_stim/white_mw056.bmp","null","","","","","","","","","","","",""
"image-keyboard-response","55","150032","0.0-6.0-1.25","60fdb99f392d7600a5d42c1f","bdp_trlrn","Thu Jul 28 2022 09:00:12 GMT-0700 (Pacific Daylight Time)","791547","Untrustworthy,Trustworthy","","1828","","","","rating","","trustrating_stim/white_mw099.bmp","3","","","","","","","","","","","",""
"image-keyboard-response","56","150234","0.0-6.0-2.25","60fdb99f392d7600a5d42c1f","bdp_trlrn","Thu Jul 28 2022 09:00:12 GMT-0700 (Pacific Daylight Time)","791547","Untrustworthy,Trustworthy","","null","","","","ratingFB","","trustrating_stim/white_mw099.bmp","null","","","","","","","","","","","",""
"image-keyboard-response","57","151194","0.0-6.0-1.26","60fdb99f392d7600a5d42c1f","bdp_trlrn","Thu Jul 28 2022 09:00:12 GMT-0700 (Pacific Daylight Time)","791547","Untrustworthy,Trustworthy","","856","","","","rating","","trustrating_stim/white_mw084.bmp","3","","","","","","","","","","","",""
"image-keyboard-response","58","151396","0.0-6.0-2.26","60fdb99f392d7600a5d42c1f","bdp_trlrn","Thu Jul 28 2022 09:00:12 GMT-0700 (Pacific Daylight Time)","791547","Untrustworthy,Trustworthy","","null","","","","ratingFB","","trustrating_stim/white_mw084.bmp","null","","","","","","","","","","","",""
"image-keyboard-response","59","152618","0.0-6.0-1.27","60fdb99f392d7600a5d42c1f","bdp_trlrn","Thu Jul 28 2022 09:00:12 GMT-0700 (Pacific Daylight Time)","791547","Untrustworthy,Trustworthy","","1118","","","","rating","","trustrating_stim/white_mw035.bmp","5","","","","","","","","","","","",""
"image-keyboard-response","60","152821","0.0-6.0-2.27","60fdb99f392d7600a5d42c1f","bdp_trlrn","Thu Jul 28 2022 09:00:12 GMT-0700 (Pacific Daylight Time)","791547","Untrustworthy,Trustworthy","","null","","","","ratingFB","","trustrating_stim/white_mw035.bmp","null","","","","","","","","","","","",""
"image-keyboard-response","61","154631","0.0-6.0-1.28","60fdb99f392d7600a5d42c1f","bdp_trlrn","Thu Jul 28 2022 09:00:12 GMT-0700 (Pacific Daylight Time)","791547","Untrustworthy,Trustworthy","","1708","","","","rating","","trustrating_stim/white_mw060.bmp","1","","","","","","","","","","","",""
"image-keyboard-response","62","154832","0.0-6.0-2.28","60fdb99f392d7600a5d42c1f","bdp_trlrn","Thu Jul 28 2022 09:00:12 GMT-0700 (Pacific Daylight Time)","791547","Untrustworthy,Trustworthy","","null","","","","ratingFB","","trustrating_stim/white_mw060.bmp","null","","","","","","","","","","","",""
"image-keyboard-response","63","156143","0.0-6.0-1.29","60fdb99f392d7600a5d42c1f","bdp_trlrn","Thu Jul 28 2022 09:00:12 GMT-0700 (Pacific Daylight Time)","791547","Untrustworthy,Trustworthy","","1208","","","","rating","","trustrating_stim/white_00519_940519_fb_edt.bmp","5","","","","","","","","","","","",""
"image-keyboard-response","64","156346","0.0-6.0-2.29","60fdb99f392d7600a5d42c1f","bdp_trlrn","Thu Jul 28 2022 09:00:12 GMT-0700 (Pacific Daylight Time)","791547","Untrustworthy,Trustworthy","","null","","","","ratingFB","","trustrating_stim/white_00519_940519_fb_edt.bmp","null","","","","","","","","","","","",""
"image-keyboard-response","65","157334","0.0-6.0-1.30","60fdb99f392d7600a5d42c1f","bdp_trlrn","Thu Jul 28 2022 09:00:12 GMT-0700 (Pacific Daylight Time)","791547","Untrustworthy,Trustworthy","","883","","","","rating","","trustrating_stim/white_mw099.bmp","1","","","","","","","","","","","",""
"image-keyboard-response","66","157536","0.0-6.0-2.30","60fdb99f392d7600a5d42c1f","bdp_trlrn","Thu Jul 28 2022 09:00:12 GMT-0700 (Pacific Daylight Time)","791547","Untrustworthy,Trustworthy","","null","","","","ratingFB","","trustrating_stim/white_mw099.bmp","null","","","","","","","","","","","",""
"image-keyboard-response","67","158300","0.0-6.0-1.31","60fdb99f392d7600a5d42c1f","bdp_trlrn","Thu Jul 28 2022 09:00:12 GMT-0700 (Pacific Daylight Time)","791547","Untrustworthy,Trustworthy","","660","","","","rating","","trustrating_stim/white_00223_940128_fb_edt.bmp","1","","","","","","","","","","","",""
"image-keyboard-response","68","158503","0.0-6.0-2.31","60fdb99f392d7600a5d42c1f","bdp_trlrn","Thu Jul 28 2022 09:00:12 GMT-0700 (Pacific Daylight Time)","791547","Untrustworthy,Trustworthy","","null","","","","ratingFB","","trustrating_stim/white_00223_940128_fb_edt.bmp","null","","","","","","","","","","","",""
"image-keyboard-response","69","159656","0.0-6.0-1.32","60fdb99f392d7600a5d42c1f","bdp_trlrn","Thu Jul 28 2022 09:00:12 GMT-0700 (Pacific Daylight Time)","791547","Untrustworthy,Trustworthy","","1048","","","","rating","","trustrating_stim/white_00129_931230_fb_edt.bmp","1","","","","","","","","","","","",""
"image-keyboard-response","70","159858","0.0-6.0-2.32","60fdb99f392d7600a5d42c1f","bdp_trlrn","Thu Jul 28 2022 09:00:12 GMT-0700 (Pacific Daylight Time)","791547","Untrustworthy,Trustworthy","","null","","","","ratingFB","","trustrating_stim/white_00129_931230_fb_edt.bmp","null","","","","","","","","","","","",""
"image-keyboard-response","71","160756","0.0-6.0-1.33","60fdb99f392d7600a5d42c1f","bdp_trlrn","Thu Jul 28 2022 09:00:12 GMT-0700 (Pacific Daylight Time)","791547","Untrustworthy,Trustworthy","","794","","","","rating","","trustrating_stim/white_mw097.bmp","1","","","","","","","","","","","",""
"image-keyboard-response","72","160959","0.0-6.0-2.33","60fdb99f392d7600a5d42c1f","bdp_trlrn","Thu Jul 28 2022 09:00:12 GMT-0700 (Pacific Daylight Time)","791547","Untrustworthy,Trustworthy","","null","","","","ratingFB","","trustrating_stim/white_mw097.bmp","null","","","","","","","","","","","",""
"image-keyboard-response","73","161525","0.0-6.0-1.34","60fdb99f392d7600a5d42c1f","bdp_trlrn","Thu Jul 28 2022 09:00:12 GMT-0700 (Pacific Daylight Time)","791547","Untrustworthy,Trustworthy","","461","","","","rating","","trustrating_stim/white_mw053.bmp","1","","","","","","","","","","","",""
"image-keyboard-response","74","161727","0.0-6.0-2.34","60fdb99f392d7600a5d42c1f","bdp_trlrn","Thu Jul 28 2022 09:00:12 GMT-0700 (Pacific Daylight Time)","791547","Untrustworthy,Trustworthy","","null","","","","ratingFB","","trustrating_stim/white_mw053.bmp","null","","","","","","","","","","","",""
"image-keyboard-response","75","164439","0.0-6.0-1.35","60fdb99f392d7600a5d42c1f","bdp_trlrn","Thu Jul 28 2022 09:00:12 GMT-0700 (Pacific Daylight Time)","791547","Untrustworthy,Trustworthy","","2608","","","","rating","","trustrating_stim/white_mw060.bmp","3","","","","","","","","","","","",""
"image-keyboard-response","76","164641","0.0-6.0-2.35","60fdb99f392d7600a5d42c1f","bdp_trlrn","Thu Jul 28 2022 09:00:12 GMT-0700 (Pacific Daylight Time)","791547","Untrustworthy,Trustworthy","","null","","","","ratingFB","","trustrating_stim/white_mw060.bmp","null","","","","","","","","","","","",""
"image-keyboard-response","77","166352","0.0-6.0-1.36","60fdb99f392d7600a5d42c1f","bdp_trlrn","Thu Jul 28 2022 09:00:12 GMT-0700 (Pacific Daylight Time)","791547","Untrustworthy,Trustworthy","","1603","","","","rating","","trustrating_stim/white_mw033.bmp","3","","","","","","","","","","","",""
"image-keyboard-response","78","166554","0.0-6.0-2.36","60fdb99f392d7600a5d42c1f","bdp_trlrn","Thu Jul 28 2022 09:00:12 GMT-0700 (Pacific Daylight Time)","791547","Untrustworthy,Trustworthy","","null","","","","ratingFB","","trustrating_stim/white_mw033.bmp","null","","","","","","","","","","","",""
"image-keyboard-response","79","167367","0.0-6.0-1.37","60fdb99f392d7600a5d42c1f","bdp_trlrn","Thu Jul 28 2022 09:00:12 GMT-0700 (Pacific Daylight Time)","791547","Untrustworthy,Trustworthy","","709","","","","rating","","trustrating_stim/white_mw063.bmp","3","","","","","","","","","","","",""
"image-keyboard-response","80","167570","0.0-6.0-2.37","60fdb99f392d7600a5d42c1f","bdp_trlrn","Thu Jul 28 2022 09:00:12 GMT-0700 (Pacific Daylight Time)","791547","Untrustworthy,Trustworthy","","null","","","","ratingFB","","trustrating_stim/white_mw063.bmp","null","","","","","","","","","","","",""
"image-keyboard-response","81","168738","0.0-6.0-1.38","60fdb99f392d7600a5d42c1f","bdp_trlrn","Thu Jul 28 2022 09:00:12 GMT-0700 (Pacific Daylight Time)","791547","Untrustworthy,Trustworthy","","1064","","","","rating","","trustrating_stim/white_00659_941121_fa_edt.bmp","1","","","","","","","","","","","",""
"image-keyboard-response","82","168940","0.0-6.0-2.38","60fdb99f392d7600a5d42c1f","bdp_trlrn","Thu Jul 28 2022 09:00:12 GMT-0700 (Pacific Daylight Time)","791547","Untrustworthy,Trustworthy","","null","","","","ratingFB","","trustrating_stim/white_00659_941121_fa_edt.bmp","null","","","","","","","","","","","",""
"image-keyboard-response","83","169940","0.0-6.0-1.39","60fdb99f392d7600a5d42c1f","bdp_trlrn","Thu Jul 28 2022 09:00:12 GMT-0700 (Pacific Daylight Time)","791547","Untrustworthy,Trustworthy","","895","","","","rating","","trustrating_stim/white_00519_940519_fb_edt.bmp","5","","","","","","","","","","","",""
"image-keyboard-response","84","170143","0.0-6.0-2.39","60fdb99f392d7600a5d42c1f","bdp_trlrn","Thu Jul 28 2022 09:00:12 GMT-0700 (Pacific Daylight Time)","791547","Untrustworthy,Trustworthy","","null","","","","ratingFB","","trustrating_stim/white_00519_940519_fb_edt.bmp","null","","","","","","","","","","","",""
"image-keyboard-response","85","172107","0.0-6.0-1.40","60fdb99f392d7600a5d42c1f","bdp_trlrn","Thu Jul 28 2022 09:00:12 GMT-0700 (Pacific Daylight Time)","791547","Untrustworthy,Trustworthy","","1860","","","","rating","","trustrating_stim/white_00785_941205_fb_edt.bmp","5","","","","","","","","","","","",""
"image-keyboard-response","86","172310","0.0-6.0-2.40","60fdb99f392d7600a5d42c1f","bdp_trlrn","Thu Jul 28 2022 09:00:12 GMT-0700 (Pacific Daylight Time)","791547","Untrustworthy,Trustworthy","","null","","","","ratingFB","","trustrating_stim/white_00785_941205_fb_edt.bmp","null","","","","","","","","","","","",""
"image-keyboard-response","87","173963","0.0-6.0-1.41","60fdb99f392d7600a5d42c1f","bdp_trlrn","Thu Jul 28 2022 09:00:12 GMT-0700 (Pacific Daylight Time)","791547","Untrustworthy,Trustworthy","","1549","","","","rating","","trustrating_stim/white_mw089.bmp","5","","","","","","","","","","","",""
"image-keyboard-response","88","174165","0.0-6.0-2.41","60fdb99f392d7600a5d42c1f","bdp_trlrn","Thu Jul 28 2022 09:00:12 GMT-0700 (Pacific Daylight Time)","791547","Untrustworthy,Trustworthy","","null","","","","ratingFB","","trustrating_stim/white_mw089.bmp","null","","","","","","","","","","","",""
"image-keyboard-response","89","175487","0.0-6.0-1.42","60fdb99f392d7600a5d42c1f","bdp_trlrn","Thu Jul 28 2022 09:00:12 GMT-0700 (Pacific Daylight Time)","791547","Untrustworthy,Trustworthy","","1215","","","","rating","","trustrating_stim/white_mw049.bmp","5","","","","","","","","","","","",""
"image-keyboard-response","90","175689","0.0-6.0-2.42","60fdb99f392d7600a5d42c1f","bdp_trlrn","Thu Jul 28 2022 09:00:12 GMT-0700 (Pacific Daylight Time)","791547","Untrustworthy,Trustworthy","","null","","","","ratingFB","","trustrating_stim/white_mw049.bmp","null","","","","","","","","","","","",""
"image-keyboard-response","91","177514","0.0-6.0-1.43","60fdb99f392d7600a5d42c1f","bdp_trlrn","Thu Jul 28 2022 09:00:12 GMT-0700 (Pacific Daylight Time)","791547","Untrustworthy,Trustworthy","","1719","","","","rating","","trustrating_stim/white_00340_940422_fa_edt.bmp","1","","","","","","","","","","","",""
"image-keyboard-response","92","177717","0.0-6.0-2.43","60fdb99f392d7600a5d42c1f","bdp_trlrn","Thu Jul 28 2022 09:00:12 GMT-0700 (Pacific Daylight Time)","791547","Untrustworthy,Trustworthy","","null","","","","ratingFB","","trustrating_stim/white_00340_940422_fa_edt.bmp","null","","","","","","","","","","","",""
"image-keyboard-response","93","179103","0.0-6.0-1.44","60fdb99f392d7600a5d42c1f","bdp_trlrn","Thu Jul 28 2022 09:00:12 GMT-0700 (Pacific Daylight Time)","791547","Untrustworthy,Trustworthy","","1282","","","","rating","","trustrating_stim/white_mw035.bmp","3","","","","","","","","","","","",""
"image-keyboard-response","94","179305","0.0-6.0-2.44","60fdb99f392d7600a5d42c1f","bdp_trlrn","Thu Jul 28 2022 09:00:12 GMT-0700 (Pacific Daylight Time)","791547","Untrustworthy,Trustworthy","","null","","","","ratingFB","","trustrating_stim/white_mw035.bmp","null","","","","","","","","","","","",""
"image-keyboard-response","95","180617","0.0-6.0-1.45","60fdb99f392d7600a5d42c1f","bdp_trlrn","Thu Jul 28 2022 09:00:12 GMT-0700 (Pacific Daylight Time)","791547","Untrustworthy,Trustworthy","","1207","","","","rating","","trustrating_stim/white_00807_941205_fb_edt.bmp","1","","","","","","","","","","","",""
"image-keyboard-response","96","180820","0.0-6.0-2.45","60fdb99f392d7600a5d42c1f","bdp_trlrn","Thu Jul 28 2022 09:00:12 GMT-0700 (Pacific Daylight Time)","791547","Untrustworthy,Trustworthy","","null","","","","ratingFB","","trustrating_stim/white_00807_941205_fb_edt.bmp","null","","","","","","","","","","","",""
"image-keyboard-response","97","181877","0.0-6.0-1.46","60fdb99f392d7600a5d42c1f","bdp_trlrn","Thu Jul 28 2022 09:00:12 GMT-0700 (Pacific Daylight Time)","791547","Untrustworthy,Trustworthy","","953","","","","rating","","trustrating_stim/white_mw046.bmp","5","","","","","","","","","","","",""
"image-keyboard-response","98","182082","0.0-6.0-2.46","60fdb99f392d7600a5d42c1f","bdp_trlrn","Thu Jul 28 2022 09:00:12 GMT-0700 (Pacific Daylight Time)","791547","Untrustworthy,Trustworthy","","null","","","","ratingFB","","trustrating_stim/white_mw046.bmp","null","","","","","","","","","","","",""
"image-keyboard-response","99","183097","0.0-6.0-1.47","60fdb99f392d7600a5d42c1f","bdp_trlrn","Thu Jul 28 2022 09:00:12 GMT-0700 (Pacific Daylight Time)","791547","Untrustworthy,Trustworthy","","910","","","","rating","","trustrating_stim/white_mw071.bmp","1","","","","","","","","","","","",""
"image-keyboard-response","100","183310","0.0-6.0-2.47","60fdb99f392d7600a5d42c1f","bdp_trlrn","Thu Jul 28 2022 09:00:12 GMT-0700 (Pacific Daylight Time)","791547","Untrustworthy,Trustworthy","","null","","","","ratingFB","","trustrating_stim/white_mw071.bmp","null","","","","","","","","","","","",""
"image-keyboard-response","101","183808","0.0-6.0-1.48","60fdb99f392d7600a5d42c1f","bdp_trlrn","Thu Jul 28 2022 09:00:12 GMT-0700 (Pacific Daylight Time)","791547","Untrustworthy,Trustworthy","","391","","","","rating","","trustrating_stim/white_mw048.bmp","1","","","","","","","","","","","",""
"image-keyboard-response","102","184009","0.0-6.0-2.48","60fdb99f392d7600a5d42c1f","bdp_trlrn","Thu Jul 28 2022 09:00:12 GMT-0700 (Pacific Daylight Time)","791547","Untrustworthy,Trustworthy","","null","","","","ratingFB","","trustrating_stim/white_mw048.bmp","null","","","","","","","","","","","",""
"image-keyboard-response","103","184937","0.0-6.0-1.49","60fdb99f392d7600a5d42c1f","bdp_trlrn","Thu Jul 28 2022 09:00:12 GMT-0700 (Pacific Daylight Time)","791547","Untrustworthy,Trustworthy","","823","","","","rating","","trustrating_stim/white_mw084.bmp","1","","","","","","","","","","","",""
"image-keyboard-response","104","185139","0.0-6.0-2.49","60fdb99f392d7600a5d42c1f","bdp_trlrn","Thu Jul 28 2022 09:00:12 GMT-0700 (Pacific Daylight Time)","791547","Untrustworthy,Trustworthy","","null","","","","ratingFB","","trustrating_stim/white_mw084.bmp","null","","","","","","","","","","","",""
"image-keyboard-response","105","186329","0.0-6.0-1.50","60fdb99f392d7600a5d42c1f","bdp_trlrn","Thu Jul 28 2022 09:00:12 GMT-0700 (Pacific Daylight Time)","791547","Untrustworthy,Trustworthy","","1086","","","","rating","","trustrating_stim/white_00761_941201_fb_edt.bmp","5","","","","","","","","","","","",""
"image-keyboard-response","106","186532","0.0-6.0-2.50","60fdb99f392d7600a5d42c1f","bdp_trlrn","Thu Jul 28 2022 09:00:12 GMT-0700 (Pacific Daylight Time)","791547","Untrustworthy,Trustworthy","","null","","","","ratingFB","","trustrating_stim/white_00761_941201_fb_edt.bmp","null","","","","","","","","","","","",""
"image-keyboard-response","107","187557","0.0-6.0-1.51","60fdb99f392d7600a5d42c1f","bdp_trlrn","Thu Jul 28 2022 09:00:12 GMT-0700 (Pacific Daylight Time)","791547","Untrustworthy,Trustworthy","","919","","","","rating","","trustrating_stim/white_mw056.bmp","5","","","","","","","","","","","",""
"image-keyboard-response","108","187759","0.0-6.0-2.51","60fdb99f392d7600a5d42c1f","bdp_trlrn","Thu Jul 28 2022 09:00:12 GMT-0700 (Pacific Daylight Time)","791547","Untrustworthy,Trustworthy","","null","","","","ratingFB","","trustrating_stim/white_mw056.bmp","null","","","","","","","","","","","",""
"image-keyboard-response","109","188613","0.0-6.0-1.52","60fdb99f392d7600a5d42c1f","bdp_trlrn","Thu Jul 28 2022 09:00:12 GMT-0700 (Pacific Daylight Time)","791547","Untrustworthy,Trustworthy","","748","","","","rating","","trustrating_stim/white_00299_940422_fa_edt.bmp","5","","","","","","","","","","","",""
"image-keyboard-response","110","188815","0.0-6.0-2.52","60fdb99f392d7600a5d42c1f","bdp_trlrn","Thu Jul 28 2022 09:00:12 GMT-0700 (Pacific Daylight Time)","791547","Untrustworthy,Trustworthy","","null","","","","ratingFB","","trustrating_stim/white_00299_940422_fa_edt.bmp","null","","","","","","","","","","","",""
"image-keyboard-response","111","189615","0.0-6.0-1.53","60fdb99f392d7600a5d42c1f","bdp_trlrn","Thu Jul 28 2022 09:00:12 GMT-0700 (Pacific Daylight Time)","791547","Untrustworthy,Trustworthy","","694","","","","rating","","trustrating_stim/white_00757_941201_fa_edt.bmp","1","","","","","","","","","","","",""
"image-keyboard-response","112","189818","0.0-6.0-2.53","60fdb99f392d7600a5d42c1f","bdp_trlrn","Thu Jul 28 2022 09:00:12 GMT-0700 (Pacific Daylight Time)","791547","Untrustworthy,Trustworthy","","null","","","","ratingFB","","trustrating_stim/white_00757_941201_fa_edt.bmp","null","","","","","","","","","","","",""
"image-keyboard-response","113","190575","0.0-6.0-1.54","60fdb99f392d7600a5d42c1f","bdp_trlrn","Thu Jul 28 2022 09:00:12 GMT-0700 (Pacific Daylight Time)","791547","Untrustworthy,Trustworthy","","653","","","","rating","","trustrating_stim/white_00898_960530_fa_edt.bmp","5","","","","","","","","","","","",""
"image-keyboard-response","114","190777","0.0-6.0-2.54","60fdb99f392d7600a5d42c1f","bdp_trlrn","Thu Jul 28 2022 09:00:12 GMT-0700 (Pacific Daylight Time)","791547","Untrustworthy,Trustworthy","","null","","","","ratingFB","","trustrating_stim/white_00898_960530_fa_edt.bmp","null","","","","","","","","","","","",""
"image-keyboard-response","115","191786","0.0-6.0-1.55","60fdb99f392d7600a5d42c1f","bdp_trlrn","Thu Jul 28 2022 09:00:12 GMT-0700 (Pacific Daylight Time)","791547","Untrustworthy,Trustworthy","","904","","","","rating","","trustrating_stim/white_mw066.bmp","1","","","","","","","","","","","",""
"image-keyboard-response","116","191988","0.0-6.0-2.55","60fdb99f392d7600a5d42c1f","bdp_trlrn","Thu Jul 28 2022 09:00:12 GMT-0700 (Pacific Daylight Time)","791547","Untrustworthy,Trustworthy","","null","","","","ratingFB","","trustrating_stim/white_mw066.bmp","null","","","","","","","","","","","",""
"image-keyboard-response","117","192664","0.0-6.0-1.56","60fdb99f392d7600a5d42c1f","bdp_trlrn","Thu Jul 28 2022 09:00:12 GMT-0700 (Pacific Daylight Time)","791547","Untrustworthy,Trustworthy","","569","","","","rating","","trustrating_stim/white_00577_940928_fa_edt.bmp","5","","","","","","","","","","","",""
"image-keyboard-response","118","192866","0.0-6.0-2.56","60fdb99f392d7600a5d42c1f","bdp_trlrn","Thu Jul 28 2022 09:00:12 GMT-0700 (Pacific Daylight Time)","791547","Untrustworthy,Trustworthy","","null","","","","ratingFB","","trustrating_stim/white_00577_940928_fa_edt.bmp","null","","","","","","","","","","","",""
"image-keyboard-response","119","193625","0.0-6.0-1.57","60fdb99f392d7600a5d42c1f","bdp_trlrn","Thu Jul 28 2022 09:00:12 GMT-0700 (Pacific Daylight Time)","791547","Untrustworthy,Trustworthy","","655","","","","rating","","trustrating_stim/white_00602_940928_fb_edt.bmp","5","","","","","","","","","","","",""
"image-keyboard-response","120","193827","0.0-6.0-2.57","60fdb99f392d7600a5d42c1f","bdp_trlrn","Thu Jul 28 2022 09:00:12 GMT-0700 (Pacific Daylight Time)","791547","Untrustworthy,Trustworthy","","null","","","","ratingFB","","trustrating_stim/white_00602_940928_fb_edt.bmp","null","","","","","","","","","","","",""
"image-keyboard-response","121","194713","0.0-6.0-1.58","60fdb99f392d7600a5d42c1f","bdp_trlrn","Thu Jul 28 2022 09:00:12 GMT-0700 (Pacific Daylight Time)","791547","Untrustworthy,Trustworthy","","779","","","","rating","","trustrating_stim/white_00109_931230_fa_edt.bmp","5","","","","","","","","","","","",""
"image-keyboard-response","122","194916","0.0-6.0-2.58","60fdb99f392d7600a5d42c1f","bdp_trlrn","Thu Jul 28 2022 09:00:12 GMT-0700 (Pacific Daylight Time)","791547","Untrustworthy,Trustworthy","","null","","","","ratingFB","","trustrating_stim/white_00109_931230_fa_edt.bmp","null","","","","","","","","","","","",""
"image-keyboard-response","123","195385","0.0-6.0-1.59","60fdb99f392d7600a5d42c1f","bdp_trlrn","Thu Jul 28 2022 09:00:12 GMT-0700 (Pacific Daylight Time)","791547","Untrustworthy,Trustworthy","","365","","","","rating","","trustrating_stim/white_00120_931230_fa_edt.bmp","5","","","","","","","","","","","",""
"image-keyboard-response","124","195588","0.0-6.0-2.59","60fdb99f392d7600a5d42c1f","bdp_trlrn","Thu Jul 28 2022 09:00:12 GMT-0700 (Pacific Daylight Time)","791547","Untrustworthy,Trustworthy","","null","","","","ratingFB","","trustrating_stim/white_00120_931230_fa_edt.bmp","null","","","","","","","","","","","",""
"instructions","125","198085","0.0-7.0","60fdb99f392d7600a5d42c1f","bdp_trlrn","Thu Jul 28 2022 09:00:12 GMT-0700 (Pacific Daylight Time)","791547","Untrustworthy,Trustworthy","[{""page_index"":0,""viewing_time"":2392}]","2392","","","","","","","","","","","","","","","","","","",""
"","","","","60fdb99f392d7600a5d42c1f","bdp_trlrn","Thu Jul 28 2022 09:00:12 GMT-0700 (Pacific Daylight Time)","791547","Untrustworthy,Trustworthy","","","fullscreenexit","126","204788","fullscreenexit","","","","","","","","","","","","","","",""
"","","","","60fdb99f392d7600a5d42c1f","bdp_trlrn","Thu Jul 28 2022 09:00:12 GMT-0700 (Pacific Daylight Time)","791547","Untrustworthy,Trustworthy","","","blur","126","268790","blurevent","","","","1","","","","","","","","","","",""
"","","","","60fdb99f392d7600a5d42c1f","bdp_trlrn","Thu Jul 28 2022 09:00:12 GMT-0700 (Pacific Daylight Time)","791547","Untrustworthy,Trustworthy","","","focus","126","270989","focusevent","","","","","","","","","","","","","","",""
"instructions","126","322939","0.0-8.0","60fdb99f392d7600a5d42c1f","bdp_trlrn","Thu Jul 28 2022 09:00:12 GMT-0700 (Pacific Daylight Time)","791547","Untrustworthy,Trustworthy","[{""page_index"":0,""viewing_time"":8605},{""page_index"":1,""viewing_time"":27612},{""page_index"":2,""viewing_time"":6224},{""page_index"":3,""viewing_time"":8153},{""page_index"":4,""viewing_time"":35386},{""page_index"":5,""viewing_time"":10155},{""page_index"":6,""viewing_time"":18435},{""page_index"":7,""viewing_time"":10180}]","124750","","","","","","","","","","","","","","","","","","",""
"instructions","127","342940","0.0-9.0","60fdb99f392d7600a5d42c1f","bdp_trlrn","Thu Jul 28 2022 09:00:12 GMT-0700 (Pacific Daylight Time)","791547","Untrustworthy,Trustworthy","[{""page_index"":0,""viewing_time"":10707},{""page_index"":1,""viewing_time"":9291}]","19999","","","","","","","","","","","","","","","","","","",""
"html-keyboard-response","128","351313","0.0-10.0-1.0","60fdb99f392d7600a5d42c1f","bdp_trlrn","Thu Jul 28 2022 09:00:12 GMT-0700 (Pacific Daylight Time)","791547","Untrustworthy,Trustworthy","","8267","","","","decision","","<div class='trialDiv'><img src='trustrating_stim/white_00340_940422_fa_edt.bmp'><br><font class='baseline'><strong>Devin</strong><p>Choose number of points to send.</font><div class='respPicDiv'><img src='img/responseButtonOffersNo0L.png' class='respPic'></div></div>","5","","1","Devin","4","Kept","0.65,0.35","8","0.65","trustrating_stim/white_00340_940422_fa_edt.bmp","2.5","5","1"
"html-keyboard-response","129","351568","0.0-10.0-2.0","60fdb99f392d7600a5d42c1f","bdp_trlrn","Thu Jul 28 2022 09:00:12 GMT-0700 (Pacific Daylight Time)","791547","Untrustworthy,Trustworthy","","null","","","","decisionFB","","<div class='trialDiv'><img src='trustrating_stim/white_00340_940422_fa_edt.bmp'><br><font class='baseline'><strong>Devin</strong><p>Choose number of points to send.</font><div class='respPicDiv'><img src='img/responseButtonOffersNo0L5.png' class='respPic'></div></div>","null","","1","Devin","4","Kept","0.65,0.35","8","0.65","trustrating_stim/white_00340_940422_fa_edt.bmp","2.5","0","1"
"html-keyboard-response","130","352573","0.0-10.0-3.0","60fdb99f392d7600a5d42c1f","bdp_trlrn","Thu Jul 28 2022 09:00:12 GMT-0700 (Pacific Daylight Time)","791547","Untrustworthy,Trustworthy","","null","","","","feedback","","<div class='trialDiv'><img src='trustrating_stim/white_00340_940422_fa_edt.bmp'><br><font class='baseline'><strong>Devin</strong><p>Received: <strong>20</strong></font> &nbsp; &nbsp; &nbsp; &nbsp; &nbsp; &nbsp;<font class='negOutcome'>Shared back: <strong>0</strong></font></font><div class='respPicDiv'><img src='img/responseButtonOffersNo0_wht.png' class='respPic'></div></div>","null","","1","Devin","4","Kept","0.65,0.35","8","0.65","trustrating_stim/white_00340_940422_fa_edt.bmp","2.5","0","1"
"html-keyboard-response","131","354375","0.0-10.0-1.1","60fdb99f392d7600a5d42c1f","bdp_trlrn","Thu Jul 28 2022 09:00:12 GMT-0700 (Pacific Daylight Time)","791547","Untrustworthy,Trustworthy","","1799","","","","decision","","<div class='trialDiv'><img src='trustrating_stim/white_mw048.bmp'><br><font class='baseline'><strong>Michael</strong><p>Choose number of points to send.</font><div class='respPicDiv'><img src='img/responseButtonOffersNo0L.png' class='respPic'></div></div>","5","","1","Michael","1","Kept","0.2,0.65","13","0.2","trustrating_stim/white_mw048.bmp","1","5","2"
"html-keyboard-response","132","354628","0.0-10.0-2.1","60fdb99f392d7600a5d42c1f","bdp_trlrn","Thu Jul 28 2022 09:00:12 GMT-0700 (Pacific Daylight Time)","791547","Untrustworthy,Trustworthy","","null","","","","decisionFB","","<div class='trialDiv'><img src='trustrating_stim/white_mw048.bmp'><br><font class='baseline'><strong>Michael</strong><p>Choose number of points to send.</font><div class='respPicDiv'><img src='img/responseButtonOffersNo0L5.png' class='respPic'></div></div>","null","","1","Michael","1","Kept","0.2,0.65","13","0.2","trustrating_stim/white_mw048.bmp","1","0","2"
"html-keyboard-response","133","355632","0.0-10.0-3.1","60fdb99f392d7600a5d42c1f","bdp_trlrn","Thu Jul 28 2022 09:00:12 GMT-0700 (Pacific Daylight Time)","791547","Untrustworthy,Trustworthy","","null","","","","feedback","","<div class='trialDiv'><img src='trustrating_stim/white_mw048.bmp'><br><font class='baseline'><strong>Michael</strong><p>Received: <strong>20</strong></font> &nbsp; &nbsp; &nbsp; &nbsp; &nbsp; &nbsp;<font class='negOutcome'>Shared back: <strong>0</strong></font></font><div class='respPicDiv'><img src='img/responseButtonOffersNo0_wht.png' class='respPic'></div></div>","null","","1","Michael","1","Kept","0.2,0.65","13","0.2","trustrating_stim/white_mw048.bmp","1","0","2"
"html-keyboard-response","134","356475","0.0-10.0-1.2","60fdb99f392d7600a5d42c1f","bdp_trlrn","Thu Jul 28 2022 09:00:12 GMT-0700 (Pacific Daylight Time)","791547","Untrustworthy,Trustworthy","","840","","","","decision","","<div class='trialDiv'><img src='trustrating_stim/white_00109_931230_fa_edt.bmp'><br><font class='baseline'><strong>Aaron</strong><p>Choose number of points to send.</font><div class='respPicDiv'><img src='img/responseButtonOffersNo0L.png' class='respPic'></div></div>","5","","1","Aaron","11","Shared","0.8,0.35","9","0.8","trustrating_stim/white_00109_931230_fa_edt.bmp","6","5","3"
"html-keyboard-response","135","356727","0.0-10.0-2.2","60fdb99f392d7600a5d42c1f","bdp_trlrn","Thu Jul 28 2022 09:00:12 GMT-0700 (Pacific Daylight Time)","791547","Untrustworthy,Trustworthy","","null","","","","decisionFB","","<div class='trialDiv'><img src='trustrating_stim/white_00109_931230_fa_edt.bmp'><br><font class='baseline'><strong>Aaron</strong><p>Choose number of points to send.</font><div class='respPicDiv'><img src='img/responseButtonOffersNo0L5.png' class='respPic'></div></div>","null","","1","Aaron","11","Shared","0.8,0.35","9","0.8","trustrating_stim/white_00109_931230_fa_edt.bmp","6","0","3"
"html-keyboard-response","136","357730","0.0-10.0-3.2","60fdb99f392d7600a5d42c1f","bdp_trlrn","Thu Jul 28 2022 09:00:12 GMT-0700 (Pacific Daylight Time)","791547","Untrustworthy,Trustworthy","","null","","","","feedback","","<div class='trialDiv'><img src='trustrating_stim/white_00109_931230_fa_edt.bmp'><br><font class='baseline'><strong>Aaron</strong><p>Received: <strong>20</strong></font> &nbsp; &nbsp; &nbsp; &nbsp; &nbsp; &nbsp;<font class='posOutcome'>Shared back: <strong>10</strong></font></font><div class='respPicDiv'><img src='img/responseButtonOffersNo0_wht.png' class='respPic'></div></div>","null","","1","Aaron","11","Shared","0.8,0.35","9","0.8","trustrating_stim/white_00109_931230_fa_edt.bmp","6","10","3"
"html-keyboard-response","137","361926","0.0-10.0-1.3","60fdb99f392d7600a5d42c1f","bdp_trlrn","Thu Jul 28 2022 09:00:12 GMT-0700 (Pacific Daylight Time)","791547","Untrustworthy,Trustworthy","","4194","","","","decision","","<div class='trialDiv'><img src='trustrating_stim/white_00340_940422_fa_edt.bmp'><br><font class='baseline'><strong>Devin</strong><p>Choose number of points to send.</font><div class='respPicDiv'><img src='img/responseButtonOffersNo0L.png' class='respPic'></div></div>","3","","2","Devin","4","Kept","0.65,0.35","8","0.65","trustrating_stim/white_00340_940422_fa_edt.bmp","2.5","15","4"
"html-keyboard-response","138","362180","0.0-10.0-2.3","60fdb99f392d7600a5d42c1f","bdp_trlrn","Thu Jul 28 2022 09:00:12 GMT-0700 (Pacific Daylight Time)","791547","Untrustworthy,Trustworthy","","null","","","","decisionFB","","<div class='trialDiv'><img src='trustrating_stim/white_00340_940422_fa_edt.bmp'><br><font class='baseline'><strong>Devin</strong><p>Choose number of points to send.</font><div class='respPicDiv'><img src='img/responseButtonOffersNo0L3.png' class='respPic'></div></div>","null","","2","Devin","4","Kept","0.65,0.35","8","0.65","trustrating_stim/white_00340_940422_fa_edt.bmp","2.5","12","4"
"html-keyboard-response","139","363183","0.0-10.0-3.3","60fdb99f392d7600a5d42c1f","bdp_trlrn","Thu Jul 28 2022 09:00:12 GMT-0700 (Pacific Daylight Time)","791547","Untrustworthy,Trustworthy","","null","","","","feedback","","<div class='trialDiv'><img src='trustrating_stim/white_00340_940422_fa_edt.bmp'><br><font class='baseline'><strong>Devin</strong><p>Received: <strong>12</strong></font> &nbsp; &nbsp; &nbsp; &nbsp; &nbsp; &nbsp;<font class='negOutcome'>Shared back: <strong>0</strong></font></font><div class='respPicDiv'><img src='img/responseButtonOffersNo0_wht.png' class='respPic'></div></div>","null","","2","Devin","4","Kept","0.65,0.35","8","0.65","trustrating_stim/white_00340_940422_fa_edt.bmp","2.5","12","4"
"html-keyboard-response","140","367765","0.0-10.0-1.4","60fdb99f392d7600a5d42c1f","bdp_trlrn","Thu Jul 28 2022 09:00:12 GMT-0700 (Pacific Daylight Time)","791547","Untrustworthy,Trustworthy","","4580","","","","decision","","<div class='trialDiv'><img src='trustrating_stim/white_00109_931230_fa_edt.bmp'><br><font class='baseline'><strong>Aaron</strong><p>Choose number of points to send.</font><div class='respPicDiv'><img src='img/responseButtonOffersNo0L.png' class='respPic'></div></div>","5","","2","Aaron","11","Shared","0.8,0.35","9","0.8","trustrating_stim/white_00109_931230_fa_edt.bmp","6","17","5"
"html-keyboard-response","141","368019","0.0-10.0-2.4","60fdb99f392d7600a5d42c1f","bdp_trlrn","Thu Jul 28 2022 09:00:12 GMT-0700 (Pacific Daylight Time)","791547","Untrustworthy,Trustworthy","","null","","","","decisionFB","","<div class='trialDiv'><img src='trustrating_stim/white_00109_931230_fa_edt.bmp'><br><font class='baseline'><strong>Aaron</strong><p>Choose number of points to send.</font><div class='respPicDiv'><img src='img/responseButtonOffersNo0L5.png' class='respPic'></div></div>","null","","2","Aaron","11","Shared","0.8,0.35","9","0.8","trustrating_stim/white_00109_931230_fa_edt.bmp","6","12","5"
"html-keyboard-response","142","369022","0.0-10.0-3.4","60fdb99f392d7600a5d42c1f","bdp_trlrn","Thu Jul 28 2022 09:00:12 GMT-0700 (Pacific Daylight Time)","791547","Untrustworthy,Trustworthy","","null","","","","feedback","","<div class='trialDiv'><img src='trustrating_stim/white_00109_931230_fa_edt.bmp'><br><font class='baseline'><strong>Aaron</strong><p>Received: <strong>20</strong></font> &nbsp; &nbsp; &nbsp; &nbsp; &nbsp; &nbsp;<font class='posOutcome'>Shared back: <strong>10</strong></font></font><div class='respPicDiv'><img src='img/responseButtonOffersNo0_wht.png' class='respPic'></div></div>","null","","2","Aaron","11","Shared","0.8,0.35","9","0.8","trustrating_stim/white_00109_931230_fa_edt.bmp","6","22","5"
"html-keyboard-response","143","370896","0.0-10.0-1.5","60fdb99f392d7600a5d42c1f","bdp_trlrn","Thu Jul 28 2022 09:00:12 GMT-0700 (Pacific Daylight Time)","791547","Untrustworthy,Trustworthy","","1872","","","","decision","","<div class='trialDiv'><img src='trustrating_stim/white_mw048.bmp'><br><font class='baseline'><strong>Michael</strong><p>Choose number of points to send.</font><div class='respPicDiv'><img src='img/responseButtonOffersNo0L.png' class='respPic'></div></div>","1","","2","Michael","1","Kept","0.2,0.65","13","0.2","trustrating_stim/white_mw048.bmp","1","27","6"
"html-keyboard-response","144","371150","0.0-10.0-2.5","60fdb99f392d7600a5d42c1f","bdp_trlrn","Thu Jul 28 2022 09:00:12 GMT-0700 (Pacific Daylight Time)","791547","Untrustworthy,Trustworthy","","null","","","","decisionFB","","<div class='trialDiv'><img src='trustrating_stim/white_mw048.bmp'><br><font class='baseline'><strong>Michael</strong><p>Choose number of points to send.</font><div class='respPicDiv'><img src='img/responseButtonOffersNo0L1.png' class='respPic'></div></div>","null","","2","Michael","1","Kept","0.2,0.65","13","0.2","trustrating_stim/white_mw048.bmp","1","26","6"
"html-keyboard-response","145","372153","0.0-10.0-3.5","60fdb99f392d7600a5d42c1f","bdp_trlrn","Thu Jul 28 2022 09:00:12 GMT-0700 (Pacific Daylight Time)","791547","Untrustworthy,Trustworthy","","null","","","","feedback","","<div class='trialDiv'><img src='trustrating_stim/white_mw048.bmp'><br><font class='baseline'><strong>Michael</strong><p>Received: <strong>4</strong></font> &nbsp; &nbsp; &nbsp; &nbsp; &nbsp; &nbsp;<font class='negOutcome'>Shared back: <strong>0</strong></font></font><div class='respPicDiv'><img src='img/responseButtonOffersNo0_wht.png' class='respPic'></div></div>","null","","2","Michael","1","Kept","0.2,0.65","13","0.2","trustrating_stim/white_mw048.bmp","1","26","6"
"html-keyboard-response","146","374038","0.0-10.0-1.6","60fdb99f392d7600a5d42c1f","bdp_trlrn","Thu Jul 28 2022 09:00:12 GMT-0700 (Pacific Daylight Time)","791547","Untrustworthy,Trustworthy","","1882","","","","decision","","<div class='trialDiv'><img src='trustrating_stim/white_00340_940422_fa_edt.bmp'><br><font class='baseline'><strong>Devin</strong><p>Choose number of points to send.</font><div class='respPicDiv'><img src='img/responseButtonOffersNo0L.png' class='respPic'></div></div>","1","","3","Devin","4","Shared","0.65,0.35","8","0.65","trustrating_stim/white_00340_940422_fa_edt.bmp","2.5","31","7"
"html-keyboard-response","147","374291","0.0-10.0-2.6","60fdb99f392d7600a5d42c1f","bdp_trlrn","Thu Jul 28 2022 09:00:12 GMT-0700 (Pacific Daylight Time)","791547","Untrustworthy,Trustworthy","","null","","","","decisionFB","","<div class='trialDiv'><img src='trustrating_stim/white_00340_940422_fa_edt.bmp'><br><font class='baseline'><strong>Devin</strong><p>Choose number of points to send.</font><div class='respPicDiv'><img src='img/responseButtonOffersNo0L1.png' class='respPic'></div></div>","null","","3","Devin","4","Shared","0.65,0.35","8","0.65","trustrating_stim/white_00340_940422_fa_edt.bmp","2.5","30","7"
"html-keyboard-response","148","375294","0.0-10.0-3.6","60fdb99f392d7600a5d42c1f","bdp_trlrn","Thu Jul 28 2022 09:00:12 GMT-0700 (Pacific Daylight Time)","791547","Untrustworthy,Trustworthy","","null","","","","feedback","","<div class='trialDiv'><img src='trustrating_stim/white_00340_940422_fa_edt.bmp'><br><font class='baseline'><strong>Devin</strong><p>Received: <strong>4</strong></font> &nbsp; &nbsp; &nbsp; &nbsp; &nbsp; &nbsp;<font class='posOutcome'>Shared back: <strong>2</strong></font></font><div class='respPicDiv'><img src='img/responseButtonOffersNo0_wht.png' class='respPic'></div></div>","null","","3","Devin","4","Shared","0.65,0.35","8","0.65","trustrating_stim/white_00340_940422_fa_edt.bmp","2.5","32","7"
"html-keyboard-response","149","377179","0.0-10.0-1.7","60fdb99f392d7600a5d42c1f","bdp_trlrn","Thu Jul 28 2022 09:00:12 GMT-0700 (Pacific Daylight Time)","791547","Untrustworthy,Trustworthy","","1883","","","","decision","","<div class='trialDiv'><img src='trustrating_stim/white_00109_931230_fa_edt.bmp'><br><font class='baseline'><strong>Aaron</strong><p>Choose number of points to send.</font><div class='respPicDiv'><img src='img/responseButtonOffersNo0L.png' class='respPic'></div></div>","5","","3","Aaron","11","Shared","0.8,0.35","9","0.8","trustrating_stim/white_00109_931230_fa_edt.bmp","6","37","8"
"html-keyboard-response","150","377433","0.0-10.0-2.7","60fdb99f392d7600a5d42c1f","bdp_trlrn","Thu Jul 28 2022 09:00:12 GMT-0700 (Pacific Daylight Time)","791547","Untrustworthy,Trustworthy","","null","","","","decisionFB","","<div class='trialDiv'><img src='trustrating_stim/white_00109_931230_fa_edt.bmp'><br><font class='baseline'><strong>Aaron</strong><p>Choose number of points to send.</font><div class='respPicDiv'><img src='img/responseButtonOffersNo0L5.png' class='respPic'></div></div>","null","","3","Aaron","11","Shared","0.8,0.35","9","0.8","trustrating_stim/white_00109_931230_fa_edt.bmp","6","32","8"
"html-keyboard-response","151","378436","0.0-10.0-3.7","60fdb99f392d7600a5d42c1f","bdp_trlrn","Thu Jul 28 2022 09:00:12 GMT-0700 (Pacific Daylight Time)","791547","Untrustworthy,Trustworthy","","null","","","","feedback","","<div class='trialDiv'><img src='trustrating_stim/white_00109_931230_fa_edt.bmp'><br><font class='baseline'><strong>Aaron</strong><p>Received: <strong>20</strong></font> &nbsp; &nbsp; &nbsp; &nbsp; &nbsp; &nbsp;<font class='posOutcome'>Shared back: <strong>10</strong></font></font><div class='respPicDiv'><img src='img/responseButtonOffersNo0_wht.png' class='respPic'></div></div>","null","","3","Aaron","11","Shared","0.8,0.35","9","0.8","trustrating_stim/white_00109_931230_fa_edt.bmp","6","42","8"
"html-keyboard-response","152","379926","0.0-10.0-1.8","60fdb99f392d7600a5d42c1f","bdp_trlrn","Thu Jul 28 2022 09:00:12 GMT-0700 (Pacific Daylight Time)","791547","Untrustworthy,Trustworthy","","1487","","","","decision","","<div class='trialDiv'><img src='trustrating_stim/white_mw048.bmp'><br><font class='baseline'><strong>Michael</strong><p>Choose number of points to send.</font><div class='respPicDiv'><img src='img/responseButtonOffersNo0L.png' class='respPic'></div></div>","1","","3","Michael","1","Kept","0.2,0.65","13","0.2","trustrating_stim/white_mw048.bmp","1","47","9"
"html-keyboard-response","153","380179","0.0-10.0-2.8","60fdb99f392d7600a5d42c1f","bdp_trlrn","Thu Jul 28 2022 09:00:12 GMT-0700 (Pacific Daylight Time)","791547","Untrustworthy,Trustworthy","","null","","","","decisionFB","","<div class='trialDiv'><img src='trustrating_stim/white_mw048.bmp'><br><font class='baseline'><strong>Michael</strong><p>Choose number of points to send.</font><div class='respPicDiv'><img src='img/responseButtonOffersNo0L1.png' class='respPic'></div></div>","null","","3","Michael","1","Kept","0.2,0.65","13","0.2","trustrating_stim/white_mw048.bmp","1","46","9"
"html-keyboard-response","154","381182","0.0-10.0-3.8","60fdb99f392d7600a5d42c1f","bdp_trlrn","Thu Jul 28 2022 09:00:12 GMT-0700 (Pacific Daylight Time)","791547","Untrustworthy,Trustworthy","","null","","","","feedback","","<div class='trialDiv'><img src='trustrating_stim/white_mw048.bmp'><br><font class='baseline'><strong>Michael</strong><p>Received: <strong>4</strong></font> &nbsp; &nbsp; &nbsp; &nbsp; &nbsp; &nbsp;<font class='negOutcome'>Shared back: <strong>0</strong></font></font><div class='respPicDiv'><img src='img/responseButtonOffersNo0_wht.png' class='respPic'></div></div>","null","","3","Michael","1","Kept","0.2,0.65","13","0.2","trustrating_stim/white_mw048.bmp","1","46","9"
"html-keyboard-response","155","382385","0.0-10.0-1.9","60fdb99f392d7600a5d42c1f","bdp_trlrn","Thu Jul 28 2022 09:00:12 GMT-0700 (Pacific Daylight Time)","791547","Untrustworthy,Trustworthy","","1200","","","","decision","","<div class='trialDiv'><img src='trustrating_stim/white_00340_940422_fa_edt.bmp'><br><font class='baseline'><strong>Devin</strong><p>Choose number of points to send.</font><div class='respPicDiv'><img src='img/responseButtonOffersNo0L.png' class='respPic'></div></div>","1","","4","Devin","4","Shared","0.65,0.35","8","0.65","trustrating_stim/white_00340_940422_fa_edt.bmp","2.5","51","10"
"html-keyboard-response","156","382639","0.0-10.0-2.9","60fdb99f392d7600a5d42c1f","bdp_trlrn","Thu Jul 28 2022 09:00:12 GMT-0700 (Pacific Daylight Time)","791547","Untrustworthy,Trustworthy","","null","","","","decisionFB","","<div class='trialDiv'><img src='trustrating_stim/white_00340_940422_fa_edt.bmp'><br><font class='baseline'><strong>Devin</strong><p>Choose number of points to send.</font><div class='respPicDiv'><img src='img/responseButtonOffersNo0L1.png' class='respPic'></div></div>","null","","4","Devin","4","Shared","0.65,0.35","8","0.65","trustrating_stim/white_00340_940422_fa_edt.bmp","2.5","50","10"
"html-keyboard-response","157","383641","0.0-10.0-3.9","60fdb99f392d7600a5d42c1f","bdp_trlrn","Thu Jul 28 2022 09:00:12 GMT-0700 (Pacific Daylight Time)","791547","Untrustworthy,Trustworthy","","null","","","","feedback","","<div class='trialDiv'><img src='trustrating_stim/white_00340_940422_fa_edt.bmp'><br><font class='baseline'><strong>Devin</strong><p>Received: <strong>4</strong></font> &nbsp; &nbsp; &nbsp; &nbsp; &nbsp; &nbsp;<font class='posOutcome'>Shared back: <strong>2</strong></font></font><div class='respPicDiv'><img src='img/responseButtonOffersNo0_wht.png' class='respPic'></div></div>","null","","4","Devin","4","Shared","0.65,0.35","8","0.65","trustrating_stim/white_00340_940422_fa_edt.bmp","2.5","52","10"
"html-keyboard-response","158","385777","0.0-10.0-1.10","60fdb99f392d7600a5d42c1f","bdp_trlrn","Thu Jul 28 2022 09:00:12 GMT-0700 (Pacific Daylight Time)","791547","Untrustworthy,Trustworthy","","2131","","","","decision","","<div class='trialDiv'><img src='trustrating_stim/white_mw048.bmp'><br><font class='baseline'><strong>Michael</strong><p>Choose number of points to send.</font><div class='respPicDiv'><img src='img/responseButtonOffersNo0L.png' class='respPic'></div></div>","1","","4","Michael","1","Shared","0.2,0.65","13","0.2","trustrating_stim/white_mw048.bmp","1","57","11"
"html-keyboard-response","159","386031","0.0-10.0-2.10","60fdb99f392d7600a5d42c1f","bdp_trlrn","Thu Jul 28 2022 09:00:12 GMT-0700 (Pacific Daylight Time)","791547","Untrustworthy,Trustworthy","","null","","","","decisionFB","","<div class='trialDiv'><img src='trustrating_stim/white_mw048.bmp'><br><font class='baseline'><strong>Michael</strong><p>Choose number of points to send.</font><div class='respPicDiv'><img src='img/responseButtonOffersNo0L1.png' class='respPic'></div></div>","null","","4","Michael","1","Shared","0.2,0.65","13","0.2","trustrating_stim/white_mw048.bmp","1","56","11"
"html-keyboard-response","160","387034","0.0-10.0-3.10","60fdb99f392d7600a5d42c1f","bdp_trlrn","Thu Jul 28 2022 09:00:12 GMT-0700 (Pacific Daylight Time)","791547","Untrustworthy,Trustworthy","","null","","","","feedback","","<div class='trialDiv'><img src='trustrating_stim/white_mw048.bmp'><br><font class='baseline'><strong>Michael</strong><p>Received: <strong>4</strong></font> &nbsp; &nbsp; &nbsp; &nbsp; &nbsp; &nbsp;<font class='posOutcome'>Shared back: <strong>2</strong></font></font><div class='respPicDiv'><img src='img/responseButtonOffersNo0_wht.png' class='respPic'></div></div>","null","","4","Michael","1","Shared","0.2,0.65","13","0.2","trustrating_stim/white_mw048.bmp","1","58","11"
"html-keyboard-response","161","388701","0.0-10.0-1.11","60fdb99f392d7600a5d42c1f","bdp_trlrn","Thu Jul 28 2022 09:00:12 GMT-0700 (Pacific Daylight Time)","791547","Untrustworthy,Trustworthy","","1664","","","","decision","","<div class='trialDiv'><img src='trustrating_stim/white_00109_931230_fa_edt.bmp'><br><font class='baseline'><strong>Aaron</strong><p>Choose number of points to send.</font><div class='respPicDiv'><img src='img/responseButtonOffersNo0L.png' class='respPic'></div></div>","5","","4","Aaron","11","Kept","0.8,0.35","9","0.8","trustrating_stim/white_00109_931230_fa_edt.bmp","6","63","12"
"html-keyboard-response","162","388954","0.0-10.0-2.11","60fdb99f392d7600a5d42c1f","bdp_trlrn","Thu Jul 28 2022 09:00:12 GMT-0700 (Pacific Daylight Time)","791547","Untrustworthy,Trustworthy","","null","","","","decisionFB","","<div class='trialDiv'><img src='trustrating_stim/white_00109_931230_fa_edt.bmp'><br><font class='baseline'><strong>Aaron</strong><p>Choose number of points to send.</font><div class='respPicDiv'><img src='img/responseButtonOffersNo0L5.png' class='respPic'></div></div>","null","","4","Aaron","11","Kept","0.8,0.35","9","0.8","trustrating_stim/white_00109_931230_fa_edt.bmp","6","58","12"
"html-keyboard-response","163","389958","0.0-10.0-3.11","60fdb99f392d7600a5d42c1f","bdp_trlrn","Thu Jul 28 2022 09:00:12 GMT-0700 (Pacific Daylight Time)","791547","Untrustworthy,Trustworthy","","null","","","","feedback","","<div class='trialDiv'><img src='trustrating_stim/white_00109_931230_fa_edt.bmp'><br><font class='baseline'><strong>Aaron</strong><p>Received: <strong>20</strong></font> &nbsp; &nbsp; &nbsp; &nbsp; &nbsp; &nbsp;<font class='negOutcome'>Shared back: <strong>0</strong></font></font><div class='respPicDiv'><img src='img/responseButtonOffersNo0_wht.png' class='respPic'></div></div>","null","","4","Aaron","11","Kept","0.8,0.35","9","0.8","trustrating_stim/white_00109_931230_fa_edt.bmp","6","58","12"
"html-keyboard-response","164","392086","0.0-10.0-1.12","60fdb99f392d7600a5d42c1f","bdp_trlrn","Thu Jul 28 2022 09:00:12 GMT-0700 (Pacific Daylight Time)","791547","Untrustworthy,Trustworthy","","2125","","","","decision","","<div class='trialDiv'><img src='trustrating_stim/white_00340_940422_fa_edt.bmp'><br><font class='baseline'><strong>Devin</strong><p>Choose number of points to send.</font><div class='respPicDiv'><img src='img/responseButtonOffersNo0L.png' class='respPic'></div></div>","4","","5","Devin","4","Shared","0.65,0.35","8","0.65","trustrating_stim/white_00340_940422_fa_edt.bmp","2.5","63","13"
"html-keyboard-response","165","392339","0.0-10.0-2.12","60fdb99f392d7600a5d42c1f","bdp_trlrn","Thu Jul 28 2022 09:00:12 GMT-0700 (Pacific Daylight Time)","791547","Untrustworthy,Trustworthy","","null","","","","decisionFB","","<div class='trialDiv'><img src='trustrating_stim/white_00340_940422_fa_edt.bmp'><br><font class='baseline'><strong>Devin</strong><p>Choose number of points to send.</font><div class='respPicDiv'><img src='img/responseButtonOffersNo0L4.png' class='respPic'></div></div>","null","","5","Devin","4","Shared","0.65,0.35","8","0.65","trustrating_stim/white_00340_940422_fa_edt.bmp","2.5","59","13"
"html-keyboard-response","166","393342","0.0-10.0-3.12","60fdb99f392d7600a5d42c1f","bdp_trlrn","Thu Jul 28 2022 09:00:12 GMT-0700 (Pacific Daylight Time)","791547","Untrustworthy,Trustworthy","","null","","","","feedback","","<div class='trialDiv'><img src='trustrating_stim/white_00340_940422_fa_edt.bmp'><br><font class='baseline'><strong>Devin</strong><p>Received: <strong>16</strong></font> &nbsp; &nbsp; &nbsp; &nbsp; &nbsp; &nbsp;<font class='posOutcome'>Shared back: <strong>8</strong></font></font><div class='respPicDiv'><img src='img/responseButtonOffersNo0_wht.png' class='respPic'></div></div>","null","","5","Devin","4","Shared","0.65,0.35","8","0.65","trustrating_stim/white_00340_940422_fa_edt.bmp","2.5","67","13"
"html-keyboard-response","167","396418","0.0-10.0-1.13","60fdb99f392d7600a5d42c1f","bdp_trlrn","Thu Jul 28 2022 09:00:12 GMT-0700 (Pacific Daylight Time)","791547","Untrustworthy,Trustworthy","","3074","","","","decision","","<div class='trialDiv'><img src='trustrating_stim/white_mw048.bmp'><br><font class='baseline'><strong>Michael</strong><p>Choose number of points to send.</font><div class='respPicDiv'><img src='img/responseButtonOffersNo0L.png' class='respPic'></div></div>","5","","5","Michael","1","Kept","0.2,0.65","13","0.2","trustrating_stim/white_mw048.bmp","1","72","14"
"html-keyboard-response","168","396670","0.0-10.0-2.13","60fdb99f392d7600a5d42c1f","bdp_trlrn","Thu Jul 28 2022 09:00:12 GMT-0700 (Pacific Daylight Time)","791547","Untrustworthy,Trustworthy","","null","","","","decisionFB","","<div class='trialDiv'><img src='trustrating_stim/white_mw048.bmp'><br><font class='baseline'><strong>Michael</strong><p>Choose number of points to send.</font><div class='respPicDiv'><img src='img/responseButtonOffersNo0L5.png' class='respPic'></div></div>","null","","5","Michael","1","Kept","0.2,0.65","13","0.2","trustrating_stim/white_mw048.bmp","1","67","14"
"html-keyboard-response","169","397672","0.0-10.0-3.13","60fdb99f392d7600a5d42c1f","bdp_trlrn","Thu Jul 28 2022 09:00:12 GMT-0700 (Pacific Daylight Time)","791547","Untrustworthy,Trustworthy","","null","","","","feedback","","<div class='trialDiv'><img src='trustrating_stim/white_mw048.bmp'><br><font class='baseline'><strong>Michael</strong><p>Received: <strong>20</strong></font> &nbsp; &nbsp; &nbsp; &nbsp; &nbsp; &nbsp;<font class='negOutcome'>Shared back: <strong>0</strong></font></font><div class='respPicDiv'><img src='img/responseButtonOffersNo0_wht.png' class='respPic'></div></div>","null","","5","Michael","1","Kept","0.2,0.65","13","0.2","trustrating_stim/white_mw048.bmp","1","67","14"
"html-keyboard-response","170","399503","0.0-10.0-1.14","60fdb99f392d7600a5d42c1f","bdp_trlrn","Thu Jul 28 2022 09:00:12 GMT-0700 (Pacific Daylight Time)","791547","Untrustworthy,Trustworthy","","1830","","","","decision","","<div class='trialDiv'><img src='trustrating_stim/white_00109_931230_fa_edt.bmp'><br><font class='baseline'><strong>Aaron</strong><p>Choose number of points to send.</font><div class='respPicDiv'><img src='img/responseButtonOffersNo0L.png' class='respPic'></div></div>","5","","5","Aaron","11","Shared","0.8,0.35","9","0.8","trustrating_stim/white_00109_931230_fa_edt.bmp","6","72","15"
"html-keyboard-response","171","399755","0.0-10.0-2.14","60fdb99f392d7600a5d42c1f","bdp_trlrn","Thu Jul 28 2022 09:00:12 GMT-0700 (Pacific Daylight Time)","791547","Untrustworthy,Trustworthy","","null","","","","decisionFB","","<div class='trialDiv'><img src='trustrating_stim/white_00109_931230_fa_edt.bmp'><br><font class='baseline'><strong>Aaron</strong><p>Choose number of points to send.</font><div class='respPicDiv'><img src='img/responseButtonOffersNo0L5.png' class='respPic'></div></div>","null","","5","Aaron","11","Shared","0.8,0.35","9","0.8","trustrating_stim/white_00109_931230_fa_edt.bmp","6","67","15"
"html-keyboard-response","172","400758","0.0-10.0-3.14","60fdb99f392d7600a5d42c1f","bdp_trlrn","Thu Jul 28 2022 09:00:12 GMT-0700 (Pacific Daylight Time)","791547","Untrustworthy,Trustworthy","","null","","","","feedback","","<div class='trialDiv'><img src='trustrating_stim/white_00109_931230_fa_edt.bmp'><br><font class='baseline'><strong>Aaron</strong><p>Received: <strong>20</strong></font> &nbsp; &nbsp; &nbsp; &nbsp; &nbsp; &nbsp;<font class='posOutcome'>Shared back: <strong>10</strong></font></font><div class='respPicDiv'><img src='img/responseButtonOffersNo0_wht.png' class='respPic'></div></div>","null","","5","Aaron","11","Shared","0.8,0.35","9","0.8","trustrating_stim/white_00109_931230_fa_edt.bmp","6","77","15"
"html-keyboard-response","173","401703","0.0-10.0-1.15","60fdb99f392d7600a5d42c1f","bdp_trlrn","Thu Jul 28 2022 09:00:12 GMT-0700 (Pacific Daylight Time)","791547","Untrustworthy,Trustworthy","","942","","","","decision","","<div class='trialDiv'><img src='trustrating_stim/white_00340_940422_fa_edt.bmp'><br><font class='baseline'><strong>Devin</strong><p>Choose number of points to send.</font><div class='respPicDiv'><img src='img/responseButtonOffersNo0L.png' class='respPic'></div></div>","4","","6","Devin","4","Shared","0.65,0.35","8","0.65","trustrating_stim/white_00340_940422_fa_edt.bmp","2.5","82","16"
"html-keyboard-response","174","401956","0.0-10.0-2.15","60fdb99f392d7600a5d42c1f","bdp_trlrn","Thu Jul 28 2022 09:00:12 GMT-0700 (Pacific Daylight Time)","791547","Untrustworthy,Trustworthy","","null","","","","decisionFB","","<div class='trialDiv'><img src='trustrating_stim/white_00340_940422_fa_edt.bmp'><br><font class='baseline'><strong>Devin</strong><p>Choose number of points to send.</font><div class='respPicDiv'><img src='img/responseButtonOffersNo0L4.png' class='respPic'></div></div>","null","","6","Devin","4","Shared","0.65,0.35","8","0.65","trustrating_stim/white_00340_940422_fa_edt.bmp","2.5","78","16"
"html-keyboard-response","175","402963","0.0-10.0-3.15","60fdb99f392d7600a5d42c1f","bdp_trlrn","Thu Jul 28 2022 09:00:12 GMT-0700 (Pacific Daylight Time)","791547","Untrustworthy,Trustworthy","","null","","","","feedback","","<div class='trialDiv'><img src='trustrating_stim/white_00340_940422_fa_edt.bmp'><br><font class='baseline'><strong>Devin</strong><p>Received: <strong>16</strong></font> &nbsp; &nbsp; &nbsp; &nbsp; &nbsp; &nbsp;<font class='posOutcome'>Shared back: <strong>8</strong></font></font><div class='respPicDiv'><img src='img/responseButtonOffersNo0_wht.png' class='respPic'></div></div>","null","","6","Devin","4","Shared","0.65,0.35","8","0.65","trustrating_stim/white_00340_940422_fa_edt.bmp","2.5","86","16"
"html-keyboard-response","176","404594","0.0-10.0-1.16","60fdb99f392d7600a5d42c1f","bdp_trlrn","Thu Jul 28 2022 09:00:12 GMT-0700 (Pacific Daylight Time)","791547","Untrustworthy,Trustworthy","","1630","","","","decision","","<div class='trialDiv'><img src='trustrating_stim/white_mw048.bmp'><br><font class='baseline'><strong>Michael</strong><p>Choose number of points to send.</font><div class='respPicDiv'><img src='img/responseButtonOffersNo0L.png' class='respPic'></div></div>","3","","6","Michael","1","Shared","0.2,0.65","13","0.2","trustrating_stim/white_mw048.bmp","1","91","17"
"html-keyboard-response","177","404849","0.0-10.0-2.16","60fdb99f392d7600a5d42c1f","bdp_trlrn","Thu Jul 28 2022 09:00:12 GMT-0700 (Pacific Daylight Time)","791547","Untrustworthy,Trustworthy","","null","","","","decisionFB","","<div class='trialDiv'><img src='trustrating_stim/white_mw048.bmp'><br><font class='baseline'><strong>Michael</strong><p>Choose number of points to send.</font><div class='respPicDiv'><img src='img/responseButtonOffersNo0L3.png' class='respPic'></div></div>","null","","6","Michael","1","Shared","0.2,0.65","13","0.2","trustrating_stim/white_mw048.bmp","1","88","17"
"html-keyboard-response","178","405851","0.0-10.0-3.16","60fdb99f392d7600a5d42c1f","bdp_trlrn","Thu Jul 28 2022 09:00:12 GMT-0700 (Pacific Daylight Time)","791547","Untrustworthy,Trustworthy","","null","","","","feedback","","<div class='trialDiv'><img src='trustrating_stim/white_mw048.bmp'><br><font class='baseline'><strong>Michael</strong><p>Received: <strong>12</strong></font> &nbsp; &nbsp; &nbsp; &nbsp; &nbsp; &nbsp;<font class='posOutcome'>Shared back: <strong>6</strong></font></font><div class='respPicDiv'><img src='img/responseButtonOffersNo0_wht.png' class='respPic'></div></div>","null","","6","Michael","1","Shared","0.2,0.65","13","0.2","trustrating_stim/white_mw048.bmp","1","94","17"
"html-keyboard-response","179","407604","0.0-10.0-1.17","60fdb99f392d7600a5d42c1f","bdp_trlrn","Thu Jul 28 2022 09:00:12 GMT-0700 (Pacific Daylight Time)","791547","Untrustworthy,Trustworthy","","1750","","","","decision","","<div class='trialDiv'><img src='trustrating_stim/white_00109_931230_fa_edt.bmp'><br><font class='baseline'><strong>Aaron</strong><p>Choose number of points to send.</font><div class='respPicDiv'><img src='img/responseButtonOffersNo0L.png' class='respPic'></div></div>","5","","6","Aaron","11","Shared","0.8,0.35","9","0.8","trustrating_stim/white_00109_931230_fa_edt.bmp","6","99","18"
"html-keyboard-response","180","407856","0.0-10.0-2.17","60fdb99f392d7600a5d42c1f","bdp_trlrn","Thu Jul 28 2022 09:00:12 GMT-0700 (Pacific Daylight Time)","791547","Untrustworthy,Trustworthy","","null","","","","decisionFB","","<div class='trialDiv'><img src='trustrating_stim/white_00109_931230_fa_edt.bmp'><br><font class='baseline'><strong>Aaron</strong><p>Choose number of points to send.</font><div class='respPicDiv'><img src='img/responseButtonOffersNo0L5.png' class='respPic'></div></div>","null","","6","Aaron","11","Shared","0.8,0.35","9","0.8","trustrating_stim/white_00109_931230_fa_edt.bmp","6","94","18"
"html-keyboard-response","181","408860","0.0-10.0-3.17","60fdb99f392d7600a5d42c1f","bdp_trlrn","Thu Jul 28 2022 09:00:12 GMT-0700 (Pacific Daylight Time)","791547","Untrustworthy,Trustworthy","","null","","","","feedback","","<div class='trialDiv'><img src='trustrating_stim/white_00109_931230_fa_edt.bmp'><br><font class='baseline'><strong>Aaron</strong><p>Received: <strong>20</strong></font> &nbsp; &nbsp; &nbsp; &nbsp; &nbsp; &nbsp;<font class='posOutcome'>Shared back: <strong>10</strong></font></font><div class='respPicDiv'><img src='img/responseButtonOffersNo0_wht.png' class='respPic'></div></div>","null","","6","Aaron","11","Shared","0.8,0.35","9","0.8","trustrating_stim/white_00109_931230_fa_edt.bmp","6","104","18"
"html-keyboard-response","182","409885","0.0-10.0-1.18","60fdb99f392d7600a5d42c1f","bdp_trlrn","Thu Jul 28 2022 09:00:12 GMT-0700 (Pacific Daylight Time)","791547","Untrustworthy,Trustworthy","","1023","","","","decision","","<div class='trialDiv'><img src='trustrating_stim/white_00340_940422_fa_edt.bmp'><br><font class='baseline'><strong>Devin</strong><p>Choose number of points to send.</font><div class='respPicDiv'><img src='img/responseButtonOffersNo0L.png' class='respPic'></div></div>","4","","7","Devin","4","Shared","0.65,0.35","8","0.65","trustrating_stim/white_00340_940422_fa_edt.bmp","2.5","109","19"
"html-keyboard-response","183","410138","0.0-10.0-2.18","60fdb99f392d7600a5d42c1f","bdp_trlrn","Thu Jul 28 2022 09:00:12 GMT-0700 (Pacific Daylight Time)","791547","Untrustworthy,Trustworthy","","null","","","","decisionFB","","<div class='trialDiv'><img src='trustrating_stim/white_00340_940422_fa_edt.bmp'><br><font class='baseline'><strong>Devin</strong><p>Choose number of points to send.</font><div class='respPicDiv'><img src='img/responseButtonOffersNo0L4.png' class='respPic'></div></div>","null","","7","Devin","4","Shared","0.65,0.35","8","0.65","trustrating_stim/white_00340_940422_fa_edt.bmp","2.5","105","19"
"html-keyboard-response","184","411142","0.0-10.0-3.18","60fdb99f392d7600a5d42c1f","bdp_trlrn","Thu Jul 28 2022 09:00:12 GMT-0700 (Pacific Daylight Time)","791547","Untrustworthy,Trustworthy","","null","","","","feedback","","<div class='trialDiv'><img src='trustrating_stim/white_00340_940422_fa_edt.bmp'><br><font class='baseline'><strong>Devin</strong><p>Received: <strong>16</strong></font> &nbsp; &nbsp; &nbsp; &nbsp; &nbsp; &nbsp;<font class='posOutcome'>Shared back: <strong>8</strong></font></font><div class='respPicDiv'><img src='img/responseButtonOffersNo0_wht.png' class='respPic'></div></div>","null","","7","Devin","4","Shared","0.65,0.35","8","0.65","trustrating_stim/white_00340_940422_fa_edt.bmp","2.5","113","19"
"html-keyboard-response","185","412079","0.0-10.0-1.19","60fdb99f392d7600a5d42c1f","bdp_trlrn","Thu Jul 28 2022 09:00:12 GMT-0700 (Pacific Daylight Time)","791547","Untrustworthy,Trustworthy","","934","","","","decision","","<div class='trialDiv'><img src='trustrating_stim/white_00109_931230_fa_edt.bmp'><br><font class='baseline'><strong>Aaron</strong><p>Choose number of points to send.</font><div class='respPicDiv'><img src='img/responseButtonOffersNo0L.png' class='respPic'></div></div>","5","","7","Aaron","11","Kept","0.8,0.35","9","0.8","trustrating_stim/white_00109_931230_fa_edt.bmp","6","118","20"
"html-keyboard-response","186","412332","0.0-10.0-2.19","60fdb99f392d7600a5d42c1f","bdp_trlrn","Thu Jul 28 2022 09:00:12 GMT-0700 (Pacific Daylight Time)","791547","Untrustworthy,Trustworthy","","null","","","","decisionFB","","<div class='trialDiv'><img src='trustrating_stim/white_00109_931230_fa_edt.bmp'><br><font class='baseline'><strong>Aaron</strong><p>Choose number of points to send.</font><div class='respPicDiv'><img src='img/responseButtonOffersNo0L5.png' class='respPic'></div></div>","null","","7","Aaron","11","Kept","0.8,0.35","9","0.8","trustrating_stim/white_00109_931230_fa_edt.bmp","6","113","20"
"html-keyboard-response","187","413336","0.0-10.0-3.19","60fdb99f392d7600a5d42c1f","bdp_trlrn","Thu Jul 28 2022 09:00:12 GMT-0700 (Pacific Daylight Time)","791547","Untrustworthy,Trustworthy","","null","","","","feedback","","<div class='trialDiv'><img src='trustrating_stim/white_00109_931230_fa_edt.bmp'><br><font class='baseline'><strong>Aaron</strong><p>Received: <strong>20</strong></font> &nbsp; &nbsp; &nbsp; &nbsp; &nbsp; &nbsp;<font class='negOutcome'>Shared back: <strong>0</strong></font></font><div class='respPicDiv'><img src='img/responseButtonOffersNo0_wht.png' class='respPic'></div></div>","null","","7","Aaron","11","Kept","0.8,0.35","9","0.8","trustrating_stim/white_00109_931230_fa_edt.bmp","6","113","20"
"html-keyboard-response","188","413771","0.0-10.0-1.20","60fdb99f392d7600a5d42c1f","bdp_trlrn","Thu Jul 28 2022 09:00:12 GMT-0700 (Pacific Daylight Time)","791547","Untrustworthy,Trustworthy","","433","","","","decision","","<div class='trialDiv'><img src='trustrating_stim/white_mw048.bmp'><br><font class='baseline'><strong>Michael</strong><p>Choose number of points to send.</font><div class='respPicDiv'><img src='img/responseButtonOffersNo0L.png' class='respPic'></div></div>","4","","7","Michael","1","Kept","0.2,0.65","13","0.2","trustrating_stim/white_mw048.bmp","1","118","21"
"html-keyboard-response","189","414024","0.0-10.0-2.20","60fdb99f392d7600a5d42c1f","bdp_trlrn","Thu Jul 28 2022 09:00:12 GMT-0700 (Pacific Daylight Time)","791547","Untrustworthy,Trustworthy","","null","","","","decisionFB","","<div class='trialDiv'><img src='trustrating_stim/white_mw048.bmp'><br><font class='baseline'><strong>Michael</strong><p>Choose number of points to send.</font><div class='respPicDiv'><img src='img/responseButtonOffersNo0L4.png' class='respPic'></div></div>","null","","7","Michael","1","Kept","0.2,0.65","13","0.2","trustrating_stim/white_mw048.bmp","1","114","21"
"html-keyboard-response","190","415028","0.0-10.0-3.20","60fdb99f392d7600a5d42c1f","bdp_trlrn","Thu Jul 28 2022 09:00:12 GMT-0700 (Pacific Daylight Time)","791547","Untrustworthy,Trustworthy","","null","","","","feedback","","<div class='trialDiv'><img src='trustrating_stim/white_mw048.bmp'><br><font class='baseline'><strong>Michael</strong><p>Received: <strong>16</strong></font> &nbsp; &nbsp; &nbsp; &nbsp; &nbsp; &nbsp;<font class='negOutcome'>Shared back: <strong>0</strong></font></font><div class='respPicDiv'><img src='img/responseButtonOffersNo0_wht.png' class='respPic'></div></div>","null","","7","Michael","1","Kept","0.2,0.65","13","0.2","trustrating_stim/white_mw048.bmp","1","114","21"
"html-keyboard-response","191","415192","0.0-10.0-1.21","60fdb99f392d7600a5d42c1f","bdp_trlrn","Thu Jul 28 2022 09:00:12 GMT-0700 (Pacific Daylight Time)","791547","Untrustworthy,Trustworthy","","162","","","","decision","","<div class='trialDiv'><img src='trustrating_stim/white_00340_940422_fa_edt.bmp'><br><font class='baseline'><strong>Devin</strong><p>Choose number of points to send.</font><div class='respPicDiv'><img src='img/responseButtonOffersNo0L.png' class='respPic'></div></div>","3","","8","Devin","4","Shared","0.65,0.35","8","0.65","trustrating_stim/white_00340_940422_fa_edt.bmp","2.5","119","22"
"html-keyboard-response","192","415444","0.0-10.0-2.21","60fdb99f392d7600a5d42c1f","bdp_trlrn","Thu Jul 28 2022 09:00:12 GMT-0700 (Pacific Daylight Time)","791547","Untrustworthy,Trustworthy","","null","","","","decisionFB","","<div class='trialDiv'><img src='trustrating_stim/white_00340_940422_fa_edt.bmp'><br><font class='baseline'><strong>Devin</strong><p>Choose number of points to send.</font><div class='respPicDiv'><img src='img/responseButtonOffersNo0L3.png' class='respPic'></div></div>","null","","8","Devin","4","Shared","0.65,0.35","8","0.65","trustrating_stim/white_00340_940422_fa_edt.bmp","2.5","116","22"
"html-keyboard-response","193","416448","0.0-10.0-3.21","60fdb99f392d7600a5d42c1f","bdp_trlrn","Thu Jul 28 2022 09:00:12 GMT-0700 (Pacific Daylight Time)","791547","Untrustworthy,Trustworthy","","null","","","","feedback","","<div class='trialDiv'><img src='trustrating_stim/white_00340_940422_fa_edt.bmp'><br><font class='baseline'><strong>Devin</strong><p>Received: <strong>12</strong></font> &nbsp; &nbsp; &nbsp; &nbsp; &nbsp; &nbsp;<font class='posOutcome'>Shared back: <strong>6</strong></font></font><div class='respPicDiv'><img src='img/responseButtonOffersNo0_wht.png' class='respPic'></div></div>","null","","8","Devin","4","Shared","0.65,0.35","8","0.65","trustrating_stim/white_00340_940422_fa_edt.bmp","2.5","122","22"
"html-keyboard-response","194","416828","0.0-10.0-1.22","60fdb99f392d7600a5d42c1f","bdp_trlrn","Thu Jul 28 2022 09:00:12 GMT-0700 (Pacific Daylight Time)","791547","Untrustworthy,Trustworthy","","377","","","","decision","","<div class='trialDiv'><img src='trustrating_stim/white_mw048.bmp'><br><font class='baseline'><strong>Michael</strong><p>Choose number of points to send.</font><div class='respPicDiv'><img src='img/responseButtonOffersNo0L.png' class='respPic'></div></div>","3","","8","Michael","1","Shared","0.2,0.65","13","0.2","trustrating_stim/white_mw048.bmp","1","127","23"
"html-keyboard-response","195","417080","0.0-10.0-2.22","60fdb99f392d7600a5d42c1f","bdp_trlrn","Thu Jul 28 2022 09:00:12 GMT-0700 (Pacific Daylight Time)","791547","Untrustworthy,Trustworthy","","null","","","","decisionFB","","<div class='trialDiv'><img src='trustrating_stim/white_mw048.bmp'><br><font class='baseline'><strong>Michael</strong><p>Choose number of points to send.</font><div class='respPicDiv'><img src='img/responseButtonOffersNo0L3.png' class='respPic'></div></div>","null","","8","Michael","1","Shared","0.2,0.65","13","0.2","trustrating_stim/white_mw048.bmp","1","124","23"
"html-keyboard-response","196","418082","0.0-10.0-3.22","60fdb99f392d7600a5d42c1f","bdp_trlrn","Thu Jul 28 2022 09:00:12 GMT-0700 (Pacific Daylight Time)","791547","Untrustworthy,Trustworthy","","null","","","","feedback","","<div class='trialDiv'><img src='trustrating_stim/white_mw048.bmp'><br><font class='baseline'><strong>Michael</strong><p>Received: <strong>12</strong></font> &nbsp; &nbsp; &nbsp; &nbsp; &nbsp; &nbsp;<font class='posOutcome'>Shared back: <strong>6</strong></font></font><div class='respPicDiv'><img src='img/responseButtonOffersNo0_wht.png' class='respPic'></div></div>","null","","8","Michael","1","Shared","0.2,0.65","13","0.2","trustrating_stim/white_mw048.bmp","1","130","23"
"html-keyboard-response","197","419639","0.0-10.0-1.23","60fdb99f392d7600a5d42c1f","bdp_trlrn","Thu Jul 28 2022 09:00:12 GMT-0700 (Pacific Daylight Time)","791547","Untrustworthy,Trustworthy","","1555","","","","decision","","<div class='trialDiv'><img src='trustrating_stim/white_00109_931230_fa_edt.bmp'><br><font class='baseline'><strong>Aaron</strong><p>Choose number of points to send.</font><div class='respPicDiv'><img src='img/responseButtonOffersNo0L.png' class='respPic'></div></div>","5","","8","Aaron","11","Shared","0.8,0.35","9","0.8","trustrating_stim/white_00109_931230_fa_edt.bmp","6","135","24"
"html-keyboard-response","198","419892","0.0-10.0-2.23","60fdb99f392d7600a5d42c1f","bdp_trlrn","Thu Jul 28 2022 09:00:12 GMT-0700 (Pacific Daylight Time)","791547","Untrustworthy,Trustworthy","","null","","","","decisionFB","","<div class='trialDiv'><img src='trustrating_stim/white_00109_931230_fa_edt.bmp'><br><font class='baseline'><strong>Aaron</strong><p>Choose number of points to send.</font><div class='respPicDiv'><img src='img/responseButtonOffersNo0L5.png' class='respPic'></div></div>","null","","8","Aaron","11","Shared","0.8,0.35","9","0.8","trustrating_stim/white_00109_931230_fa_edt.bmp","6","130","24"
"html-keyboard-response","199","420895","0.0-10.0-3.23","60fdb99f392d7600a5d42c1f","bdp_trlrn","Thu Jul 28 2022 09:00:12 GMT-0700 (Pacific Daylight Time)","791547","Untrustworthy,Trustworthy","","null","","","","feedback","","<div class='trialDiv'><img src='trustrating_stim/white_00109_931230_fa_edt.bmp'><br><font class='baseline'><strong>Aaron</strong><p>Received: <strong>20</strong></font> &nbsp; &nbsp; &nbsp; &nbsp; &nbsp; &nbsp;<font class='posOutcome'>Shared back: <strong>10</strong></font></font><div class='respPicDiv'><img src='img/responseButtonOffersNo0_wht.png' class='respPic'></div></div>","null","","8","Aaron","11","Shared","0.8,0.35","9","0.8","trustrating_stim/white_00109_931230_fa_edt.bmp","6","140","24"
"html-keyboard-response","200","421688","0.0-10.0-1.24","60fdb99f392d7600a5d42c1f","bdp_trlrn","Thu Jul 28 2022 09:00:12 GMT-0700 (Pacific Daylight Time)","791547","Untrustworthy,Trustworthy","","790","","","","decision","","<div class='trialDiv'><img src='trustrating_stim/white_00340_940422_fa_edt.bmp'><br><font class='baseline'><strong>Devin</strong><p>Choose number of points to send.</font><div class='respPicDiv'><img src='img/responseButtonOffersNo0L.png' class='respPic'></div></div>","4","","9","Devin","4","Shared","0.65,0.35","8","0.65","trustrating_stim/white_00340_940422_fa_edt.bmp","2.5","145","25"
"html-keyboard-response","201","421940","0.0-10.0-2.24","60fdb99f392d7600a5d42c1f","bdp_trlrn","Thu Jul 28 2022 09:00:12 GMT-0700 (Pacific Daylight Time)","791547","Untrustworthy,Trustworthy","","null","","","","decisionFB","","<div class='trialDiv'><img src='trustrating_stim/white_00340_940422_fa_edt.bmp'><br><font class='baseline'><strong>Devin</strong><p>Choose number of points to send.</font><div class='respPicDiv'><img src='img/responseButtonOffersNo0L4.png' class='respPic'></div></div>","null","","9","Devin","4","Shared","0.65,0.35","8","0.65","trustrating_stim/white_00340_940422_fa_edt.bmp","2.5","141","25"
"html-keyboard-response","202","422944","0.0-10.0-3.24","60fdb99f392d7600a5d42c1f","bdp_trlrn","Thu Jul 28 2022 09:00:12 GMT-0700 (Pacific Daylight Time)","791547","Untrustworthy,Trustworthy","","null","","","","feedback","","<div class='trialDiv'><img src='trustrating_stim/white_00340_940422_fa_edt.bmp'><br><font class='baseline'><strong>Devin</strong><p>Received: <strong>16</strong></font> &nbsp; &nbsp; &nbsp; &nbsp; &nbsp; &nbsp;<font class='posOutcome'>Shared back: <strong>8</strong></font></font><div class='respPicDiv'><img src='img/responseButtonOffersNo0_wht.png' class='respPic'></div></div>","null","","9","Devin","4","Shared","0.65,0.35","8","0.65","trustrating_stim/white_00340_940422_fa_edt.bmp","2.5","149","25"
"html-keyboard-response","203","424088","0.0-10.0-1.25","60fdb99f392d7600a5d42c1f","bdp_trlrn","Thu Jul 28 2022 09:00:12 GMT-0700 (Pacific Daylight Time)","791547","Untrustworthy,Trustworthy","","1142","","","","decision","","<div class='trialDiv'><img src='trustrating_stim/white_mw048.bmp'><br><font class='baseline'><strong>Michael</strong><p>Choose number of points to send.</font><div class='respPicDiv'><img src='img/responseButtonOffersNo0L.png' class='respPic'></div></div>","4","","9","Michael","1","Kept","0.2,0.65","13","0.2","trustrating_stim/white_mw048.bmp","1","154","26"
"html-keyboard-response","204","424343","0.0-10.0-2.25","60fdb99f392d7600a5d42c1f","bdp_trlrn","Thu Jul 28 2022 09:00:12 GMT-0700 (Pacific Daylight Time)","791547","Untrustworthy,Trustworthy","","null","","","","decisionFB","","<div class='trialDiv'><img src='trustrating_stim/white_mw048.bmp'><br><font class='baseline'><strong>Michael</strong><p>Choose number of points to send.</font><div class='respPicDiv'><img src='img/responseButtonOffersNo0L4.png' class='respPic'></div></div>","null","","9","Michael","1","Kept","0.2,0.65","13","0.2","trustrating_stim/white_mw048.bmp","1","150","26"
"html-keyboard-response","205","425346","0.0-10.0-3.25","60fdb99f392d7600a5d42c1f","bdp_trlrn","Thu Jul 28 2022 09:00:12 GMT-0700 (Pacific Daylight Time)","791547","Untrustworthy,Trustworthy","","null","","","","feedback","","<div class='trialDiv'><img src='trustrating_stim/white_mw048.bmp'><br><font class='baseline'><strong>Michael</strong><p>Received: <strong>16</strong></font> &nbsp; &nbsp; &nbsp; &nbsp; &nbsp; &nbsp;<font class='negOutcome'>Shared back: <strong>0</strong></font></font><div class='respPicDiv'><img src='img/responseButtonOffersNo0_wht.png' class='respPic'></div></div>","null","","9","Michael","1","Kept","0.2,0.65","13","0.2","trustrating_stim/white_mw048.bmp","1","150","26"
"html-keyboard-response","206","425944","0.0-10.0-1.26","60fdb99f392d7600a5d42c1f","bdp_trlrn","Thu Jul 28 2022 09:00:12 GMT-0700 (Pacific Daylight Time)","791547","Untrustworthy,Trustworthy","","595","","","","decision","","<div class='trialDiv'><img src='trustrating_stim/white_00109_931230_fa_edt.bmp'><br><font class='baseline'><strong>Aaron</strong><p>Choose number of points to send.</font><div class='respPicDiv'><img src='img/responseButtonOffersNo0L.png' class='respPic'></div></div>","3","","9","Aaron","11","Shared","0.8,0.35","9","0.8","trustrating_stim/white_00109_931230_fa_edt.bmp","6","155","27"
"html-keyboard-response","207","426196","0.0-10.0-2.26","60fdb99f392d7600a5d42c1f","bdp_trlrn","Thu Jul 28 2022 09:00:12 GMT-0700 (Pacific Daylight Time)","791547","Untrustworthy,Trustworthy","","null","","","","decisionFB","","<div class='trialDiv'><img src='trustrating_stim/white_00109_931230_fa_edt.bmp'><br><font class='baseline'><strong>Aaron</strong><p>Choose number of points to send.</font><div class='respPicDiv'><img src='img/responseButtonOffersNo0L3.png' class='respPic'></div></div>","null","","9","Aaron","11","Shared","0.8,0.35","9","0.8","trustrating_stim/white_00109_931230_fa_edt.bmp","6","152","27"
"html-keyboard-response","208","427199","0.0-10.0-3.26","60fdb99f392d7600a5d42c1f","bdp_trlrn","Thu Jul 28 2022 09:00:12 GMT-0700 (Pacific Daylight Time)","791547","Untrustworthy,Trustworthy","","null","","","","feedback","","<div class='trialDiv'><img src='trustrating_stim/white_00109_931230_fa_edt.bmp'><br><font class='baseline'><strong>Aaron</strong><p>Received: <strong>12</strong></font> &nbsp; &nbsp; &nbsp; &nbsp; &nbsp; &nbsp;<font class='posOutcome'>Shared back: <strong>6</strong></font></font><div class='respPicDiv'><img src='img/responseButtonOffersNo0_wht.png' class='respPic'></div></div>","null","","9","Aaron","11","Shared","0.8,0.35","9","0.8","trustrating_stim/white_00109_931230_fa_edt.bmp","6","158","27"
"html-keyboard-response","209","427821","0.0-10.0-1.27","60fdb99f392d7600a5d42c1f","bdp_trlrn","Thu Jul 28 2022 09:00:12 GMT-0700 (Pacific Daylight Time)","791547","Untrustworthy,Trustworthy","","619","","","","decision","","<div class='trialDiv'><img src='trustrating_stim/white_mw048.bmp'><br><font class='baseline'><strong>Michael</strong><p>Choose number of points to send.</font><div class='respPicDiv'><img src='img/responseButtonOffersNo0L.png' class='respPic'></div></div>","4","","10","Michael","1","Kept","0.2,0.65","13","0.2","trustrating_stim/white_mw048.bmp","1","163","28"
"html-keyboard-response","210","428073","0.0-10.0-2.27","60fdb99f392d7600a5d42c1f","bdp_trlrn","Thu Jul 28 2022 09:00:12 GMT-0700 (Pacific Daylight Time)","791547","Untrustworthy,Trustworthy","","null","","","","decisionFB","","<div class='trialDiv'><img src='trustrating_stim/white_mw048.bmp'><br><font class='baseline'><strong>Michael</strong><p>Choose number of points to send.</font><div class='respPicDiv'><img src='img/responseButtonOffersNo0L4.png' class='respPic'></div></div>","null","","10","Michael","1","Kept","0.2,0.65","13","0.2","trustrating_stim/white_mw048.bmp","1","159","28"
"html-keyboard-response","211","429076","0.0-10.0-3.27","60fdb99f392d7600a5d42c1f","bdp_trlrn","Thu Jul 28 2022 09:00:12 GMT-0700 (Pacific Daylight Time)","791547","Untrustworthy,Trustworthy","","null","","","","feedback","","<div class='trialDiv'><img src='trustrating_stim/white_mw048.bmp'><br><font class='baseline'><strong>Michael</strong><p>Received: <strong>16</strong></font> &nbsp; &nbsp; &nbsp; &nbsp; &nbsp; &nbsp;<font class='negOutcome'>Shared back: <strong>0</strong></font></font><div class='respPicDiv'><img src='img/responseButtonOffersNo0_wht.png' class='respPic'></div></div>","null","","10","Michael","1","Kept","0.2,0.65","13","0.2","trustrating_stim/white_mw048.bmp","1","159","28"
"html-keyboard-response","212","429337","0.0-10.0-1.28","60fdb99f392d7600a5d42c1f","bdp_trlrn","Thu Jul 28 2022 09:00:12 GMT-0700 (Pacific Daylight Time)","791547","Untrustworthy,Trustworthy","","260","","","","decision","","<div class='trialDiv'><img src='trustrating_stim/white_00340_940422_fa_edt.bmp'><br><font class='baseline'><strong>Devin</strong><p>Choose number of points to send.</font><div class='respPicDiv'><img src='img/responseButtonOffersNo0L.png' class='respPic'></div></div>","3","","10","Devin","4","Shared","0.65,0.35","8","0.65","trustrating_stim/white_00340_940422_fa_edt.bmp","2.5","164","29"
"html-keyboard-response","213","429590","0.0-10.0-2.28","60fdb99f392d7600a5d42c1f","bdp_trlrn","Thu Jul 28 2022 09:00:12 GMT-0700 (Pacific Daylight Time)","791547","Untrustworthy,Trustworthy","","null","","","","decisionFB","","<div class='trialDiv'><img src='trustrating_stim/white_00340_940422_fa_edt.bmp'><br><font class='baseline'><strong>Devin</strong><p>Choose number of points to send.</font><div class='respPicDiv'><img src='img/responseButtonOffersNo0L3.png' class='respPic'></div></div>","null","","10","Devin","4","Shared","0.65,0.35","8","0.65","trustrating_stim/white_00340_940422_fa_edt.bmp","2.5","161","29"
"html-keyboard-response","214","430594","0.0-10.0-3.28","60fdb99f392d7600a5d42c1f","bdp_trlrn","Thu Jul 28 2022 09:00:12 GMT-0700 (Pacific Daylight Time)","791547","Untrustworthy,Trustworthy","","null","","","","feedback","","<div class='trialDiv'><img src='trustrating_stim/white_00340_940422_fa_edt.bmp'><br><font class='baseline'><strong>Devin</strong><p>Received: <strong>12</strong></font> &nbsp; &nbsp; &nbsp; &nbsp; &nbsp; &nbsp;<font class='posOutcome'>Shared back: <strong>6</strong></font></font><div class='respPicDiv'><img src='img/responseButtonOffersNo0_wht.png' class='respPic'></div></div>","null","","10","Devin","4","Shared","0.65,0.35","8","0.65","trustrating_stim/white_00340_940422_fa_edt.bmp","2.5","167","29"
"html-keyboard-response","215","430857","0.0-10.0-1.29","60fdb99f392d7600a5d42c1f","bdp_trlrn","Thu Jul 28 2022 09:00:12 GMT-0700 (Pacific Daylight Time)","791547","Untrustworthy,Trustworthy","","260","","","","decision","","<div class='trialDiv'><img src='trustrating_stim/white_00109_931230_fa_edt.bmp'><br><font class='baseline'><strong>Aaron</strong><p>Choose number of points to send.</font><div class='respPicDiv'><img src='img/responseButtonOffersNo0L.png' class='respPic'></div></div>","5","","10","Aaron","11","Kept","0.8,0.35","9","0.8","trustrating_stim/white_00109_931230_fa_edt.bmp","6","172","30"
"html-keyboard-response","216","431110","0.0-10.0-2.29","60fdb99f392d7600a5d42c1f","bdp_trlrn","Thu Jul 28 2022 09:00:12 GMT-0700 (Pacific Daylight Time)","791547","Untrustworthy,Trustworthy","","null","","","","decisionFB","","<div class='trialDiv'><img src='trustrating_stim/white_00109_931230_fa_edt.bmp'><br><font class='baseline'><strong>Aaron</strong><p>Choose number of points to send.</font><div class='respPicDiv'><img src='img/responseButtonOffersNo0L5.png' class='respPic'></div></div>","null","","10","Aaron","11","Kept","0.8,0.35","9","0.8","trustrating_stim/white_00109_931230_fa_edt.bmp","6","167","30"
"html-keyboard-response","217","432113","0.0-10.0-3.29","60fdb99f392d7600a5d42c1f","bdp_trlrn","Thu Jul 28 2022 09:00:12 GMT-0700 (Pacific Daylight Time)","791547","Untrustworthy,Trustworthy","","null","","","","feedback","","<div class='trialDiv'><img src='trustrating_stim/white_00109_931230_fa_edt.bmp'><br><font class='baseline'><strong>Aaron</strong><p>Received: <strong>20</strong></font> &nbsp; &nbsp; &nbsp; &nbsp; &nbsp; &nbsp;<font class='negOutcome'>Shared back: <strong>0</strong></font></font><div class='respPicDiv'><img src='img/responseButtonOffersNo0_wht.png' class='respPic'></div></div>","null","","10","Aaron","11","Kept","0.8,0.35","9","0.8","trustrating_stim/white_00109_931230_fa_edt.bmp","6","167","30"
"html-keyboard-response","218","432319","0.0-10.0-1.30","60fdb99f392d7600a5d42c1f","bdp_trlrn","Thu Jul 28 2022 09:00:12 GMT-0700 (Pacific Daylight Time)","791547","Untrustworthy,Trustworthy","","203","","","","decision","","<div class='trialDiv'><img src='trustrating_stim/white_mw048.bmp'><br><font class='baseline'><strong>Michael</strong><p>Choose number of points to send.</font><div class='respPicDiv'><img src='img/responseButtonOffersNo0L.png' class='respPic'></div></div>","4","","11","Michael","1","Kept","0.2,0.65","13","0.2","trustrating_stim/white_mw048.bmp","1","172","31"
"html-keyboard-response","219","432572","0.0-10.0-2.30","60fdb99f392d7600a5d42c1f","bdp_trlrn","Thu Jul 28 2022 09:00:12 GMT-0700 (Pacific Daylight Time)","791547","Untrustworthy,Trustworthy","","null","","","","decisionFB","","<div class='trialDiv'><img src='trustrating_stim/white_mw048.bmp'><br><font class='baseline'><strong>Michael</strong><p>Choose number of points to send.</font><div class='respPicDiv'><img src='img/responseButtonOffersNo0L4.png' class='respPic'></div></div>","null","","11","Michael","1","Kept","0.2,0.65","13","0.2","trustrating_stim/white_mw048.bmp","1","168","31"
"html-keyboard-response","220","433575","0.0-10.0-3.30","60fdb99f392d7600a5d42c1f","bdp_trlrn","Thu Jul 28 2022 09:00:12 GMT-0700 (Pacific Daylight Time)","791547","Untrustworthy,Trustworthy","","null","","","","feedback","","<div class='trialDiv'><img src='trustrating_stim/white_mw048.bmp'><br><font class='baseline'><strong>Michael</strong><p>Received: <strong>16</strong></font> &nbsp; &nbsp; &nbsp; &nbsp; &nbsp; &nbsp;<font class='negOutcome'>Shared back: <strong>0</strong></font></font><div class='respPicDiv'><img src='img/responseButtonOffersNo0_wht.png' class='respPic'></div></div>","null","","11","Michael","1","Kept","0.2,0.65","13","0.2","trustrating_stim/white_mw048.bmp","1","168","31"
"html-keyboard-response","221","434180","0.0-10.0-1.31","60fdb99f392d7600a5d42c1f","bdp_trlrn","Thu Jul 28 2022 09:00:12 GMT-0700 (Pacific Daylight Time)","791547","Untrustworthy,Trustworthy","","602","","","","decision","","<div class='trialDiv'><img src='trustrating_stim/white_00340_940422_fa_edt.bmp'><br><font class='baseline'><strong>Devin</strong><p>Choose number of points to send.</font><div class='respPicDiv'><img src='img/responseButtonOffersNo0L.png' class='respPic'></div></div>","3","","11","Devin","4","Kept","0.65,0.35","8","0.65","trustrating_stim/white_00340_940422_fa_edt.bmp","2.5","173","32"
"html-keyboard-response","222","434432","0.0-10.0-2.31","60fdb99f392d7600a5d42c1f","bdp_trlrn","Thu Jul 28 2022 09:00:12 GMT-0700 (Pacific Daylight Time)","791547","Untrustworthy,Trustworthy","","null","","","","decisionFB","","<div class='trialDiv'><img src='trustrating_stim/white_00340_940422_fa_edt.bmp'><br><font class='baseline'><strong>Devin</strong><p>Choose number of points to send.</font><div class='respPicDiv'><img src='img/responseButtonOffersNo0L3.png' class='respPic'></div></div>","null","","11","Devin","4","Kept","0.65,0.35","8","0.65","trustrating_stim/white_00340_940422_fa_edt.bmp","2.5","170","32"
"html-keyboard-response","223","435434","0.0-10.0-3.31","60fdb99f392d7600a5d42c1f","bdp_trlrn","Thu Jul 28 2022 09:00:12 GMT-0700 (Pacific Daylight Time)","791547","Untrustworthy,Trustworthy","","null","","","","feedback","","<div class='trialDiv'><img src='trustrating_stim/white_00340_940422_fa_edt.bmp'><br><font class='baseline'><strong>Devin</strong><p>Received: <strong>12</strong></font> &nbsp; &nbsp; &nbsp; &nbsp; &nbsp; &nbsp;<font class='negOutcome'>Shared back: <strong>0</strong></font></font><div class='respPicDiv'><img src='img/responseButtonOffersNo0_wht.png' class='respPic'></div></div>","null","","11","Devin","4","Kept","0.65,0.35","8","0.65","trustrating_stim/white_00340_940422_fa_edt.bmp","2.5","170","32"
"html-keyboard-response","224","435997","0.0-10.0-1.32","60fdb99f392d7600a5d42c1f","bdp_trlrn","Thu Jul 28 2022 09:00:12 GMT-0700 (Pacific Daylight Time)","791547","Untrustworthy,Trustworthy","","561","","","","decision","","<div class='trialDiv'><img src='trustrating_stim/white_00109_931230_fa_edt.bmp'><br><font class='baseline'><strong>Aaron</strong><p>Choose number of points to send.</font><div class='respPicDiv'><img src='img/responseButtonOffersNo0L.png' class='respPic'></div></div>","5","","11","Aaron","11","Kept","0.8,0.35","9","0.8","trustrating_stim/white_00109_931230_fa_edt.bmp","6","175","33"
"html-keyboard-response","225","436249","0.0-10.0-2.32","60fdb99f392d7600a5d42c1f","bdp_trlrn","Thu Jul 28 2022 09:00:12 GMT-0700 (Pacific Daylight Time)","791547","Untrustworthy,Trustworthy","","null","","","","decisionFB","","<div class='trialDiv'><img src='trustrating_stim/white_00109_931230_fa_edt.bmp'><br><font class='baseline'><strong>Aaron</strong><p>Choose number of points to send.</font><div class='respPicDiv'><img src='img/responseButtonOffersNo0L5.png' class='respPic'></div></div>","null","","11","Aaron","11","Kept","0.8,0.35","9","0.8","trustrating_stim/white_00109_931230_fa_edt.bmp","6","170","33"
"html-keyboard-response","226","437252","0.0-10.0-3.32","60fdb99f392d7600a5d42c1f","bdp_trlrn","Thu Jul 28 2022 09:00:12 GMT-0700 (Pacific Daylight Time)","791547","Untrustworthy,Trustworthy","","null","","","","feedback","","<div class='trialDiv'><img src='trustrating_stim/white_00109_931230_fa_edt.bmp'><br><font class='baseline'><strong>Aaron</strong><p>Received: <strong>20</strong></font> &nbsp; &nbsp; &nbsp; &nbsp; &nbsp; &nbsp;<font class='negOutcome'>Shared back: <strong>0</strong></font></font><div class='respPicDiv'><img src='img/responseButtonOffersNo0_wht.png' class='respPic'></div></div>","null","","11","Aaron","11","Kept","0.8,0.35","9","0.8","trustrating_stim/white_00109_931230_fa_edt.bmp","6","170","33"
"html-keyboard-response","227","437935","0.0-10.0-1.33","60fdb99f392d7600a5d42c1f","bdp_trlrn","Thu Jul 28 2022 09:00:12 GMT-0700 (Pacific Daylight Time)","791547","Untrustworthy,Trustworthy","","680","","","","decision","","<div class='trialDiv'><img src='trustrating_stim/white_mw048.bmp'><br><font class='baseline'><strong>Michael</strong><p>Choose number of points to send.</font><div class='respPicDiv'><img src='img/responseButtonOffersNo0L.png' class='respPic'></div></div>","4","","12","Michael","1","Shared","0.2,0.65","13","0.2","trustrating_stim/white_mw048.bmp","1","175","34"
"html-keyboard-response","228","438188","0.0-10.0-2.33","60fdb99f392d7600a5d42c1f","bdp_trlrn","Thu Jul 28 2022 09:00:12 GMT-0700 (Pacific Daylight Time)","791547","Untrustworthy,Trustworthy","","null","","","","decisionFB","","<div class='trialDiv'><img src='trustrating_stim/white_mw048.bmp'><br><font class='baseline'><strong>Michael</strong><p>Choose number of points to send.</font><div class='respPicDiv'><img src='img/responseButtonOffersNo0L4.png' class='respPic'></div></div>","null","","12","Michael","1","Shared","0.2,0.65","13","0.2","trustrating_stim/white_mw048.bmp","1","171","34"
"html-keyboard-response","229","439193","0.0-10.0-3.33","60fdb99f392d7600a5d42c1f","bdp_trlrn","Thu Jul 28 2022 09:00:12 GMT-0700 (Pacific Daylight Time)","791547","Untrustworthy,Trustworthy","","null","","","","feedback","","<div class='trialDiv'><img src='trustrating_stim/white_mw048.bmp'><br><font class='baseline'><strong>Michael</strong><p>Received: <strong>16</strong></font> &nbsp; &nbsp; &nbsp; &nbsp; &nbsp; &nbsp;<font class='posOutcome'>Shared back: <strong>8</strong></font></font><div class='respPicDiv'><img src='img/responseButtonOffersNo0_wht.png' class='respPic'></div></div>","null","","12","Michael","1","Shared","0.2,0.65","13","0.2","trustrating_stim/white_mw048.bmp","1","179","34"
"html-keyboard-response","230","439711","0.0-10.0-1.34","60fdb99f392d7600a5d42c1f","bdp_trlrn","Thu Jul 28 2022 09:00:12 GMT-0700 (Pacific Daylight Time)","791547","Untrustworthy,Trustworthy","","517","","","","decision","","<div class='trialDiv'><img src='trustrating_stim/white_00340_940422_fa_edt.bmp'><br><font class='baseline'><strong>Devin</strong><p>Choose number of points to send.</font><div class='respPicDiv'><img src='img/responseButtonOffersNo0L.png' class='respPic'></div></div>","3","","12","Devin","4","Shared","0.65,0.35","8","0.65","trustrating_stim/white_00340_940422_fa_edt.bmp","2.5","184","35"
"html-keyboard-response","231","439964","0.0-10.0-2.34","60fdb99f392d7600a5d42c1f","bdp_trlrn","Thu Jul 28 2022 09:00:12 GMT-0700 (Pacific Daylight Time)","791547","Untrustworthy,Trustworthy","","null","","","","decisionFB","","<div class='trialDiv'><img src='trustrating_stim/white_00340_940422_fa_edt.bmp'><br><font class='baseline'><strong>Devin</strong><p>Choose number of points to send.</font><div class='respPicDiv'><img src='img/responseButtonOffersNo0L3.png' class='respPic'></div></div>","null","","12","Devin","4","Shared","0.65,0.35","8","0.65","trustrating_stim/white_00340_940422_fa_edt.bmp","2.5","181","35"
"html-keyboard-response","232","440967","0.0-10.0-3.34","60fdb99f392d7600a5d42c1f","bdp_trlrn","Thu Jul 28 2022 09:00:12 GMT-0700 (Pacific Daylight Time)","791547","Untrustworthy,Trustworthy","","null","","","","feedback","","<div class='trialDiv'><img src='trustrating_stim/white_00340_940422_fa_edt.bmp'><br><font class='baseline'><strong>Devin</strong><p>Received: <strong>12</strong></font> &nbsp; &nbsp; &nbsp; &nbsp; &nbsp; &nbsp;<font class='posOutcome'>Shared back: <strong>6</strong></font></font><div class='respPicDiv'><img src='img/responseButtonOffersNo0_wht.png' class='respPic'></div></div>","null","","12","Devin","4","Shared","0.65,0.35","8","0.65","trustrating_stim/white_00340_940422_fa_edt.bmp","2.5","187","35"
"html-keyboard-response","233","441802","0.0-10.0-1.35","60fdb99f392d7600a5d42c1f","bdp_trlrn","Thu Jul 28 2022 09:00:12 GMT-0700 (Pacific Daylight Time)","791547","Untrustworthy,Trustworthy","","832","","","","decision","","<div class='trialDiv'><img src='trustrating_stim/white_00109_931230_fa_edt.bmp'><br><font class='baseline'><strong>Aaron</strong><p>Choose number of points to send.</font><div class='respPicDiv'><img src='img/responseButtonOffersNo0L.png' class='respPic'></div></div>","5","","12","Aaron","11","Kept","0.8,0.35","9","0.8","trustrating_stim/white_00109_931230_fa_edt.bmp","6","192","36"
"html-keyboard-response","234","442054","0.0-10.0-2.35","60fdb99f392d7600a5d42c1f","bdp_trlrn","Thu Jul 28 2022 09:00:12 GMT-0700 (Pacific Daylight Time)","791547","Untrustworthy,Trustworthy","","null","","","","decisionFB","","<div class='trialDiv'><img src='trustrating_stim/white_00109_931230_fa_edt.bmp'><br><font class='baseline'><strong>Aaron</strong><p>Choose number of points to send.</font><div class='respPicDiv'><img src='img/responseButtonOffersNo0L5.png' class='respPic'></div></div>","null","","12","Aaron","11","Kept","0.8,0.35","9","0.8","trustrating_stim/white_00109_931230_fa_edt.bmp","6","187","36"
"html-keyboard-response","235","443058","0.0-10.0-3.35","60fdb99f392d7600a5d42c1f","bdp_trlrn","Thu Jul 28 2022 09:00:12 GMT-0700 (Pacific Daylight Time)","791547","Untrustworthy,Trustworthy","","null","","","","feedback","","<div class='trialDiv'><img src='trustrating_stim/white_00109_931230_fa_edt.bmp'><br><font class='baseline'><strong>Aaron</strong><p>Received: <strong>20</strong></font> &nbsp; &nbsp; &nbsp; &nbsp; &nbsp; &nbsp;<font class='negOutcome'>Shared back: <strong>0</strong></font></font><div class='respPicDiv'><img src='img/responseButtonOffersNo0_wht.png' class='respPic'></div></div>","null","","12","Aaron","11","Kept","0.8,0.35","9","0.8","trustrating_stim/white_00109_931230_fa_edt.bmp","6","187","36"
"html-keyboard-response","236","443861","0.0-10.0-1.36","60fdb99f392d7600a5d42c1f","bdp_trlrn","Thu Jul 28 2022 09:00:12 GMT-0700 (Pacific Daylight Time)","791547","Untrustworthy,Trustworthy","","800","","","","decision","","<div class='trialDiv'><img src='trustrating_stim/white_mw048.bmp'><br><font class='baseline'><strong>Michael</strong><p>Choose number of points to send.</font><div class='respPicDiv'><img src='img/responseButtonOffersNo0L.png' class='respPic'></div></div>","4","","13","Michael","1","Shared","0.2,0.65","13","0.2","trustrating_stim/white_mw048.bmp","1","192","37"
"html-keyboard-response","237","444113","0.0-10.0-2.36","60fdb99f392d7600a5d42c1f","bdp_trlrn","Thu Jul 28 2022 09:00:12 GMT-0700 (Pacific Daylight Time)","791547","Untrustworthy,Trustworthy","","null","","","","decisionFB","","<div class='trialDiv'><img src='trustrating_stim/white_mw048.bmp'><br><font class='baseline'><strong>Michael</strong><p>Choose number of points to send.</font><div class='respPicDiv'><img src='img/responseButtonOffersNo0L4.png' class='respPic'></div></div>","null","","13","Michael","1","Shared","0.2,0.65","13","0.2","trustrating_stim/white_mw048.bmp","1","188","37"
"html-keyboard-response","238","445116","0.0-10.0-3.36","60fdb99f392d7600a5d42c1f","bdp_trlrn","Thu Jul 28 2022 09:00:12 GMT-0700 (Pacific Daylight Time)","791547","Untrustworthy,Trustworthy","","null","","","","feedback","","<div class='trialDiv'><img src='trustrating_stim/white_mw048.bmp'><br><font class='baseline'><strong>Michael</strong><p>Received: <strong>16</strong></font> &nbsp; &nbsp; &nbsp; &nbsp; &nbsp; &nbsp;<font class='posOutcome'>Shared back: <strong>8</strong></font></font><div class='respPicDiv'><img src='img/responseButtonOffersNo0_wht.png' class='respPic'></div></div>","null","","13","Michael","1","Shared","0.2,0.65","13","0.2","trustrating_stim/white_mw048.bmp","1","196","37"
"html-keyboard-response","239","445498","0.0-10.0-1.37","60fdb99f392d7600a5d42c1f","bdp_trlrn","Thu Jul 28 2022 09:00:12 GMT-0700 (Pacific Daylight Time)","791547","Untrustworthy,Trustworthy","","379","","","","decision","","<div class='trialDiv'><img src='trustrating_stim/white_00109_931230_fa_edt.bmp'><br><font class='baseline'><strong>Aaron</strong><p>Choose number of points to send.</font><div class='respPicDiv'><img src='img/responseButtonOffersNo0L.png' class='respPic'></div></div>","4","","13","Aaron","11","Kept","0.8,0.35","9","0.8","trustrating_stim/white_00109_931230_fa_edt.bmp","6","201","38"
"html-keyboard-response","240","445750","0.0-10.0-2.37","60fdb99f392d7600a5d42c1f","bdp_trlrn","Thu Jul 28 2022 09:00:12 GMT-0700 (Pacific Daylight Time)","791547","Untrustworthy,Trustworthy","","null","","","","decisionFB","","<div class='trialDiv'><img src='trustrating_stim/white_00109_931230_fa_edt.bmp'><br><font class='baseline'><strong>Aaron</strong><p>Choose number of points to send.</font><div class='respPicDiv'><img src='img/responseButtonOffersNo0L4.png' class='respPic'></div></div>","null","","13","Aaron","11","Kept","0.8,0.35","9","0.8","trustrating_stim/white_00109_931230_fa_edt.bmp","6","197","38"
"html-keyboard-response","241","446754","0.0-10.0-3.37","60fdb99f392d7600a5d42c1f","bdp_trlrn","Thu Jul 28 2022 09:00:12 GMT-0700 (Pacific Daylight Time)","791547","Untrustworthy,Trustworthy","","null","","","","feedback","","<div class='trialDiv'><img src='trustrating_stim/white_00109_931230_fa_edt.bmp'><br><font class='baseline'><strong>Aaron</strong><p>Received: <strong>16</strong></font> &nbsp; &nbsp; &nbsp; &nbsp; &nbsp; &nbsp;<font class='negOutcome'>Shared back: <strong>0</strong></font></font><div class='respPicDiv'><img src='img/responseButtonOffersNo0_wht.png' class='respPic'></div></div>","null","","13","Aaron","11","Kept","0.8,0.35","9","0.8","trustrating_stim/white_00109_931230_fa_edt.bmp","6","197","38"
"html-keyboard-response","242","447041","0.0-10.0-1.38","60fdb99f392d7600a5d42c1f","bdp_trlrn","Thu Jul 28 2022 09:00:12 GMT-0700 (Pacific Daylight Time)","791547","Untrustworthy,Trustworthy","","284","","","","decision","","<div class='trialDiv'><img src='trustrating_stim/white_00340_940422_fa_edt.bmp'><br><font class='baseline'><strong>Devin</strong><p>Choose number of points to send.</font><div class='respPicDiv'><img src='img/responseButtonOffersNo0L.png' class='respPic'></div></div>","3","","13","Devin","4","Kept","0.65,0.35","8","0.65","trustrating_stim/white_00340_940422_fa_edt.bmp","2.5","202","39"
"html-keyboard-response","243","447293","0.0-10.0-2.38","60fdb99f392d7600a5d42c1f","bdp_trlrn","Thu Jul 28 2022 09:00:12 GMT-0700 (Pacific Daylight Time)","791547","Untrustworthy,Trustworthy","","null","","","","decisionFB","","<div class='trialDiv'><img src='trustrating_stim/white_00340_940422_fa_edt.bmp'><br><font class='baseline'><strong>Devin</strong><p>Choose number of points to send.</font><div class='respPicDiv'><img src='img/responseButtonOffersNo0L3.png' class='respPic'></div></div>","null","","13","Devin","4","Kept","0.65,0.35","8","0.65","trustrating_stim/white_00340_940422_fa_edt.bmp","2.5","199","39"
"html-keyboard-response","244","448296","0.0-10.0-3.38","60fdb99f392d7600a5d42c1f","bdp_trlrn","Thu Jul 28 2022 09:00:12 GMT-0700 (Pacific Daylight Time)","791547","Untrustworthy,Trustworthy","","null","","","","feedback","","<div class='trialDiv'><img src='trustrating_stim/white_00340_940422_fa_edt.bmp'><br><font class='baseline'><strong>Devin</strong><p>Received: <strong>12</strong></font> &nbsp; &nbsp; &nbsp; &nbsp; &nbsp; &nbsp;<font class='negOutcome'>Shared back: <strong>0</strong></font></font><div class='respPicDiv'><img src='img/responseButtonOffersNo0_wht.png' class='respPic'></div></div>","null","","13","Devin","4","Kept","0.65,0.35","8","0.65","trustrating_stim/white_00340_940422_fa_edt.bmp","2.5","199","39"
"html-keyboard-response","245","448706","0.0-10.0-1.39","60fdb99f392d7600a5d42c1f","bdp_trlrn","Thu Jul 28 2022 09:00:12 GMT-0700 (Pacific Daylight Time)","791547","Untrustworthy,Trustworthy","","407","","","","decision","","<div class='trialDiv'><img src='trustrating_stim/white_00109_931230_fa_edt.bmp'><br><font class='baseline'><strong>Aaron</strong><p>Choose number of points to send.</font><div class='respPicDiv'><img src='img/responseButtonOffersNo0L.png' class='respPic'></div></div>","2","","14","Aaron","11","Kept","0.8,0.35","9","0.8","trustrating_stim/white_00109_931230_fa_edt.bmp","6","204","40"
"html-keyboard-response","246","448958","0.0-10.0-2.39","60fdb99f392d7600a5d42c1f","bdp_trlrn","Thu Jul 28 2022 09:00:12 GMT-0700 (Pacific Daylight Time)","791547","Untrustworthy,Trustworthy","","null","","","","decisionFB","","<div class='trialDiv'><img src='trustrating_stim/white_00109_931230_fa_edt.bmp'><br><font class='baseline'><strong>Aaron</strong><p>Choose number of points to send.</font><div class='respPicDiv'><img src='img/responseButtonOffersNo0L2.png' class='respPic'></div></div>","null","","14","Aaron","11","Kept","0.8,0.35","9","0.8","trustrating_stim/white_00109_931230_fa_edt.bmp","6","202","40"
"html-keyboard-response","247","449962","0.0-10.0-3.39","60fdb99f392d7600a5d42c1f","bdp_trlrn","Thu Jul 28 2022 09:00:12 GMT-0700 (Pacific Daylight Time)","791547","Untrustworthy,Trustworthy","","null","","","","feedback","","<div class='trialDiv'><img src='trustrating_stim/white_00109_931230_fa_edt.bmp'><br><font class='baseline'><strong>Aaron</strong><p>Received: <strong>8</strong></font> &nbsp; &nbsp; &nbsp; &nbsp; &nbsp; &nbsp;<font class='negOutcome'>Shared back: <strong>0</strong></font></font><div class='respPicDiv'><img src='img/responseButtonOffersNo0_wht.png' class='respPic'></div></div>","null","","14","Aaron","11","Kept","0.8,0.35","9","0.8","trustrating_stim/white_00109_931230_fa_edt.bmp","6","202","40"
"html-keyboard-response","248","450451","0.0-10.0-1.40","60fdb99f392d7600a5d42c1f","bdp_trlrn","Thu Jul 28 2022 09:00:12 GMT-0700 (Pacific Daylight Time)","791547","Untrustworthy,Trustworthy","","488","","","","decision","","<div class='trialDiv'><img src='trustrating_stim/white_mw048.bmp'><br><font class='baseline'><strong>Michael</strong><p>Choose number of points to send.</font><div class='respPicDiv'><img src='img/responseButtonOffersNo0L.png' class='respPic'></div></div>","2","","14","Michael","1","Shared","0.2,0.65","13","0.2","trustrating_stim/white_mw048.bmp","1","207","41"
"html-keyboard-response","249","450704","0.0-10.0-2.40","60fdb99f392d7600a5d42c1f","bdp_trlrn","Thu Jul 28 2022 09:00:12 GMT-0700 (Pacific Daylight Time)","791547","Untrustworthy,Trustworthy","","null","","","","decisionFB","","<div class='trialDiv'><img src='trustrating_stim/white_mw048.bmp'><br><font class='baseline'><strong>Michael</strong><p>Choose number of points to send.</font><div class='respPicDiv'><img src='img/responseButtonOffersNo0L2.png' class='respPic'></div></div>","null","","14","Michael","1","Shared","0.2,0.65","13","0.2","trustrating_stim/white_mw048.bmp","1","205","41"
"html-keyboard-response","250","451707","0.0-10.0-3.40","60fdb99f392d7600a5d42c1f","bdp_trlrn","Thu Jul 28 2022 09:00:12 GMT-0700 (Pacific Daylight Time)","791547","Untrustworthy,Trustworthy","","null","","","","feedback","","<div class='trialDiv'><img src='trustrating_stim/white_mw048.bmp'><br><font class='baseline'><strong>Michael</strong><p>Received: <strong>8</strong></font> &nbsp; &nbsp; &nbsp; &nbsp; &nbsp; &nbsp;<font class='posOutcome'>Shared back: <strong>4</strong></font></font><div class='respPicDiv'><img src='img/responseButtonOffersNo0_wht.png' class='respPic'></div></div>","null","","14","Michael","1","Shared","0.2,0.65","13","0.2","trustrating_stim/white_mw048.bmp","1","209","41"
"html-keyboard-response","251","452015","0.0-10.0-1.41","60fdb99f392d7600a5d42c1f","bdp_trlrn","Thu Jul 28 2022 09:00:12 GMT-0700 (Pacific Daylight Time)","791547","Untrustworthy,Trustworthy","","306","","","","decision","","<div class='trialDiv'><img src='trustrating_stim/white_00340_940422_fa_edt.bmp'><br><font class='baseline'><strong>Devin</strong><p>Choose number of points to send.</font><div class='respPicDiv'><img src='img/responseButtonOffersNo0L.png' class='respPic'></div></div>","4","","14","Devin","4","Shared","0.65,0.35","8","0.65","trustrating_stim/white_00340_940422_fa_edt.bmp","2.5","214","42"
"html-keyboard-response","252","452267","0.0-10.0-2.41","60fdb99f392d7600a5d42c1f","bdp_trlrn","Thu Jul 28 2022 09:00:12 GMT-0700 (Pacific Daylight Time)","791547","Untrustworthy,Trustworthy","","null","","","","decisionFB","","<div class='trialDiv'><img src='trustrating_stim/white_00340_940422_fa_edt.bmp'><br><font class='baseline'><strong>Devin</strong><p>Choose number of points to send.</font><div class='respPicDiv'><img src='img/responseButtonOffersNo0L4.png' class='respPic'></div></div>","null","","14","Devin","4","Shared","0.65,0.35","8","0.65","trustrating_stim/white_00340_940422_fa_edt.bmp","2.5","210","42"
"html-keyboard-response","253","453270","0.0-10.0-3.41","60fdb99f392d7600a5d42c1f","bdp_trlrn","Thu Jul 28 2022 09:00:12 GMT-0700 (Pacific Daylight Time)","791547","Untrustworthy,Trustworthy","","null","","","","feedback","","<div class='trialDiv'><img src='trustrating_stim/white_00340_940422_fa_edt.bmp'><br><font class='baseline'><strong>Devin</strong><p>Received: <strong>16</strong></font> &nbsp; &nbsp; &nbsp; &nbsp; &nbsp; &nbsp;<font class='posOutcome'>Shared back: <strong>8</strong></font></font><div class='respPicDiv'><img src='img/responseButtonOffersNo0_wht.png' class='respPic'></div></div>","null","","14","Devin","4","Shared","0.65,0.35","8","0.65","trustrating_stim/white_00340_940422_fa_edt.bmp","2.5","218","42"
"html-keyboard-response","254","454123","0.0-10.0-1.42","60fdb99f392d7600a5d42c1f","bdp_trlrn","Thu Jul 28 2022 09:00:12 GMT-0700 (Pacific Daylight Time)","791547","Untrustworthy,Trustworthy","","850","","","","decision","","<div class='trialDiv'><img src='trustrating_stim/white_00109_931230_fa_edt.bmp'><br><font class='baseline'><strong>Aaron</strong><p>Choose number of points to send.</font><div class='respPicDiv'><img src='img/responseButtonOffersNo0L.png' class='respPic'></div></div>","2","","15","Aaron","11","Kept","0.8,0.35","9","0.8","trustrating_stim/white_00109_931230_fa_edt.bmp","6","223","43"
"html-keyboard-response","255","454376","0.0-10.0-2.42","60fdb99f392d7600a5d42c1f","bdp_trlrn","Thu Jul 28 2022 09:00:12 GMT-0700 (Pacific Daylight Time)","791547","Untrustworthy,Trustworthy","","null","","","","decisionFB","","<div class='trialDiv'><img src='trustrating_stim/white_00109_931230_fa_edt.bmp'><br><font class='baseline'><strong>Aaron</strong><p>Choose number of points to send.</font><div class='respPicDiv'><img src='img/responseButtonOffersNo0L2.png' class='respPic'></div></div>","null","","15","Aaron","11","Kept","0.8,0.35","9","0.8","trustrating_stim/white_00109_931230_fa_edt.bmp","6","221","43"
"html-keyboard-response","256","455379","0.0-10.0-3.42","60fdb99f392d7600a5d42c1f","bdp_trlrn","Thu Jul 28 2022 09:00:12 GMT-0700 (Pacific Daylight Time)","791547","Untrustworthy,Trustworthy","","null","","","","feedback","","<div class='trialDiv'><img src='trustrating_stim/white_00109_931230_fa_edt.bmp'><br><font class='baseline'><strong>Aaron</strong><p>Received: <strong>8</strong></font> &nbsp; &nbsp; &nbsp; &nbsp; &nbsp; &nbsp;<font class='negOutcome'>Shared back: <strong>0</strong></font></font><div class='respPicDiv'><img src='img/responseButtonOffersNo0_wht.png' class='respPic'></div></div>","null","","15","Aaron","11","Kept","0.8,0.35","9","0.8","trustrating_stim/white_00109_931230_fa_edt.bmp","6","221","43"
"html-keyboard-response","257","456883","0.0-10.0-1.43","60fdb99f392d7600a5d42c1f","bdp_trlrn","Thu Jul 28 2022 09:00:12 GMT-0700 (Pacific Daylight Time)","791547","Untrustworthy,Trustworthy","","1501","","","","decision","","<div class='trialDiv'><img src='trustrating_stim/white_00340_940422_fa_edt.bmp'><br><font class='baseline'><strong>Devin</strong><p>Choose number of points to send.</font><div class='respPicDiv'><img src='img/responseButtonOffersNo0L.png' class='respPic'></div></div>","5","","15","Devin","4","Kept","0.65,0.35","8","0.65","trustrating_stim/white_00340_940422_fa_edt.bmp","2.5","226","44"
"html-keyboard-response","258","457136","0.0-10.0-2.43","60fdb99f392d7600a5d42c1f","bdp_trlrn","Thu Jul 28 2022 09:00:12 GMT-0700 (Pacific Daylight Time)","791547","Untrustworthy,Trustworthy","","null","","","","decisionFB","","<div class='trialDiv'><img src='trustrating_stim/white_00340_940422_fa_edt.bmp'><br><font class='baseline'><strong>Devin</strong><p>Choose number of points to send.</font><div class='respPicDiv'><img src='img/responseButtonOffersNo0L5.png' class='respPic'></div></div>","null","","15","Devin","4","Kept","0.65,0.35","8","0.65","trustrating_stim/white_00340_940422_fa_edt.bmp","2.5","221","44"
"html-keyboard-response","259","458139","0.0-10.0-3.43","60fdb99f392d7600a5d42c1f","bdp_trlrn","Thu Jul 28 2022 09:00:12 GMT-0700 (Pacific Daylight Time)","791547","Untrustworthy,Trustworthy","","null","","","","feedback","","<div class='trialDiv'><img src='trustrating_stim/white_00340_940422_fa_edt.bmp'><br><font class='baseline'><strong>Devin</strong><p>Received: <strong>20</strong></font> &nbsp; &nbsp; &nbsp; &nbsp; &nbsp; &nbsp;<font class='negOutcome'>Shared back: <strong>0</strong></font></font><div class='respPicDiv'><img src='img/responseButtonOffersNo0_wht.png' class='respPic'></div></div>","null","","15","Devin","4","Kept","0.65,0.35","8","0.65","trustrating_stim/white_00340_940422_fa_edt.bmp","2.5","221","44"
"html-keyboard-response","260","458566","0.0-10.0-1.44","60fdb99f392d7600a5d42c1f","bdp_trlrn","Thu Jul 28 2022 09:00:12 GMT-0700 (Pacific Daylight Time)","791547","Untrustworthy,Trustworthy","","426","","","","decision","","<div class='trialDiv'><img src='trustrating_stim/white_mw048.bmp'><br><font class='baseline'><strong>Michael</strong><p>Choose number of points to send.</font><div class='respPicDiv'><img src='img/responseButtonOffersNo0L.png' class='respPic'></div></div>","2","","15","Michael","1","Shared","0.2,0.65","13","0.2","trustrating_stim/white_mw048.bmp","1","226","45"
"html-keyboard-response","261","458819","0.0-10.0-2.44","60fdb99f392d7600a5d42c1f","bdp_trlrn","Thu Jul 28 2022 09:00:12 GMT-0700 (Pacific Daylight Time)","791547","Untrustworthy,Trustworthy","","null","","","","decisionFB","","<div class='trialDiv'><img src='trustrating_stim/white_mw048.bmp'><br><font class='baseline'><strong>Michael</strong><p>Choose number of points to send.</font><div class='respPicDiv'><img src='img/responseButtonOffersNo0L2.png' class='respPic'></div></div>","null","","15","Michael","1","Shared","0.2,0.65","13","0.2","trustrating_stim/white_mw048.bmp","1","224","45"
"html-keyboard-response","262","459822","0.0-10.0-3.44","60fdb99f392d7600a5d42c1f","bdp_trlrn","Thu Jul 28 2022 09:00:12 GMT-0700 (Pacific Daylight Time)","791547","Untrustworthy,Trustworthy","","null","","","","feedback","","<div class='trialDiv'><img src='trustrating_stim/white_mw048.bmp'><br><font class='baseline'><strong>Michael</strong><p>Received: <strong>8</strong></font> &nbsp; &nbsp; &nbsp; &nbsp; &nbsp; &nbsp;<font class='posOutcome'>Shared back: <strong>4</strong></font></font><div class='respPicDiv'><img src='img/responseButtonOffersNo0_wht.png' class='respPic'></div></div>","null","","15","Michael","1","Shared","0.2,0.65","13","0.2","trustrating_stim/white_mw048.bmp","1","228","45"
"html-keyboard-response","263","460217","0.0-10.0-1.45","60fdb99f392d7600a5d42c1f","bdp_trlrn","Thu Jul 28 2022 09:00:12 GMT-0700 (Pacific Daylight Time)","791547","Untrustworthy,Trustworthy","","392","","","","decision","","<div class='trialDiv'><img src='trustrating_stim/white_00340_940422_fa_edt.bmp'><br><font class='baseline'><strong>Devin</strong><p>Choose number of points to send.</font><div class='respPicDiv'><img src='img/responseButtonOffersNo0L.png' class='respPic'></div></div>","2","","16","Devin","4","Kept","0.65,0.35","8","0.65","trustrating_stim/white_00340_940422_fa_edt.bmp","2.5","233","46"
"html-keyboard-response","264","460482","0.0-10.0-2.45","60fdb99f392d7600a5d42c1f","bdp_trlrn","Thu Jul 28 2022 09:00:12 GMT-0700 (Pacific Daylight Time)","791547","Untrustworthy,Trustworthy","","null","","","","decisionFB","","<div class='trialDiv'><img src='trustrating_stim/white_00340_940422_fa_edt.bmp'><br><font class='baseline'><strong>Devin</strong><p>Choose number of points to send.</font><div class='respPicDiv'><img src='img/responseButtonOffersNo0L2.png' class='respPic'></div></div>","null","","16","Devin","4","Kept","0.65,0.35","8","0.65","trustrating_stim/white_00340_940422_fa_edt.bmp","2.5","231","46"
"html-keyboard-response","265","461488","0.0-10.0-3.45","60fdb99f392d7600a5d42c1f","bdp_trlrn","Thu Jul 28 2022 09:00:12 GMT-0700 (Pacific Daylight Time)","791547","Untrustworthy,Trustworthy","","null","","","","feedback","","<div class='trialDiv'><img src='trustrating_stim/white_00340_940422_fa_edt.bmp'><br><font class='baseline'><strong>Devin</strong><p>Received: <strong>8</strong></font> &nbsp; &nbsp; &nbsp; &nbsp; &nbsp; &nbsp;<font class='negOutcome'>Shared back: <strong>0</strong></font></font><div class='respPicDiv'><img src='img/responseButtonOffersNo0_wht.png' class='respPic'></div></div>","null","","16","Devin","4","Kept","0.65,0.35","8","0.65","trustrating_stim/white_00340_940422_fa_edt.bmp","2.5","231","46"
"html-keyboard-response","266","461955","0.0-10.0-1.46","60fdb99f392d7600a5d42c1f","bdp_trlrn","Thu Jul 28 2022 09:00:12 GMT-0700 (Pacific Daylight Time)","791547","Untrustworthy,Trustworthy","","464","","","","decision","","<div class='trialDiv'><img src='trustrating_stim/white_00109_931230_fa_edt.bmp'><br><font class='baseline'><strong>Aaron</strong><p>Choose number of points to send.</font><div class='respPicDiv'><img src='img/responseButtonOffersNo0L.png' class='respPic'></div></div>","2","","16","Aaron","11","Kept","0.8,0.35","9","0.8","trustrating_stim/white_00109_931230_fa_edt.bmp","6","236","47"
"html-keyboard-response","267","462208","0.0-10.0-2.46","60fdb99f392d7600a5d42c1f","bdp_trlrn","Thu Jul 28 2022 09:00:12 GMT-0700 (Pacific Daylight Time)","791547","Untrustworthy,Trustworthy","","null","","","","decisionFB","","<div class='trialDiv'><img src='trustrating_stim/white_00109_931230_fa_edt.bmp'><br><font class='baseline'><strong>Aaron</strong><p>Choose number of points to send.</font><div class='respPicDiv'><img src='img/responseButtonOffersNo0L2.png' class='respPic'></div></div>","null","","16","Aaron","11","Kept","0.8,0.35","9","0.8","trustrating_stim/white_00109_931230_fa_edt.bmp","6","234","47"
"html-keyboard-response","268","463210","0.0-10.0-3.46","60fdb99f392d7600a5d42c1f","bdp_trlrn","Thu Jul 28 2022 09:00:12 GMT-0700 (Pacific Daylight Time)","791547","Untrustworthy,Trustworthy","","null","","","","feedback","","<div class='trialDiv'><img src='trustrating_stim/white_00109_931230_fa_edt.bmp'><br><font class='baseline'><strong>Aaron</strong><p>Received: <strong>8</strong></font> &nbsp; &nbsp; &nbsp; &nbsp; &nbsp; &nbsp;<font class='negOutcome'>Shared back: <strong>0</strong></font></font><div class='respPicDiv'><img src='img/responseButtonOffersNo0_wht.png' class='respPic'></div></div>","null","","16","Aaron","11","Kept","0.8,0.35","9","0.8","trustrating_stim/white_00109_931230_fa_edt.bmp","6","234","47"
"html-keyboard-response","269","463539","0.0-10.0-1.47","60fdb99f392d7600a5d42c1f","bdp_trlrn","Thu Jul 28 2022 09:00:12 GMT-0700 (Pacific Daylight Time)","791547","Untrustworthy,Trustworthy","","326","","","","decision","","<div class='trialDiv'><img src='trustrating_stim/white_mw048.bmp'><br><font class='baseline'><strong>Michael</strong><p>Choose number of points to send.</font><div class='respPicDiv'><img src='img/responseButtonOffersNo0L.png' class='respPic'></div></div>","2","","16","Michael","1","Shared","0.2,0.65","13","0.2","trustrating_stim/white_mw048.bmp","1","239","48"
"html-keyboard-response","270","463791","0.0-10.0-2.47","60fdb99f392d7600a5d42c1f","bdp_trlrn","Thu Jul 28 2022 09:00:12 GMT-0700 (Pacific Daylight Time)","791547","Untrustworthy,Trustworthy","","null","","","","decisionFB","","<div class='trialDiv'><img src='trustrating_stim/white_mw048.bmp'><br><font class='baseline'><strong>Michael</strong><p>Choose number of points to send.</font><div class='respPicDiv'><img src='img/responseButtonOffersNo0L2.png' class='respPic'></div></div>","null","","16","Michael","1","Shared","0.2,0.65","13","0.2","trustrating_stim/white_mw048.bmp","1","237","48"
"html-keyboard-response","271","464795","0.0-10.0-3.47","60fdb99f392d7600a5d42c1f","bdp_trlrn","Thu Jul 28 2022 09:00:12 GMT-0700 (Pacific Daylight Time)","791547","Untrustworthy,Trustworthy","","null","","","","feedback","","<div class='trialDiv'><img src='trustrating_stim/white_mw048.bmp'><br><font class='baseline'><strong>Michael</strong><p>Received: <strong>8</strong></font> &nbsp; &nbsp; &nbsp; &nbsp; &nbsp; &nbsp;<font class='posOutcome'>Shared back: <strong>4</strong></font></font><div class='respPicDiv'><img src='img/responseButtonOffersNo0_wht.png' class='respPic'></div></div>","null","","16","Michael","1","Shared","0.2,0.65","13","0.2","trustrating_stim/white_mw048.bmp","1","241","48"
"html-keyboard-response","272","465283","0.0-10.0-1.48","60fdb99f392d7600a5d42c1f","bdp_trlrn","Thu Jul 28 2022 09:00:12 GMT-0700 (Pacific Daylight Time)","791547","Untrustworthy,Trustworthy","","485","","","","decision","","<div class='trialDiv'><img src='trustrating_stim/white_00109_931230_fa_edt.bmp'><br><font class='baseline'><strong>Aaron</strong><p>Choose number of points to send.</font><div class='respPicDiv'><img src='img/responseButtonOffersNo0L.png' class='respPic'></div></div>","2","","17","Aaron","11","Kept","0.8,0.35","9","0.8","trustrating_stim/white_00109_931230_fa_edt.bmp","6","246","49"
"html-keyboard-response","273","465535","0.0-10.0-2.48","60fdb99f392d7600a5d42c1f","bdp_trlrn","Thu Jul 28 2022 09:00:12 GMT-0700 (Pacific Daylight Time)","791547","Untrustworthy,Trustworthy","","null","","","","decisionFB","","<div class='trialDiv'><img src='trustrating_stim/white_00109_931230_fa_edt.bmp'><br><font class='baseline'><strong>Aaron</strong><p>Choose number of points to send.</font><div class='respPicDiv'><img src='img/responseButtonOffersNo0L2.png' class='respPic'></div></div>","null","","17","Aaron","11","Kept","0.8,0.35","9","0.8","trustrating_stim/white_00109_931230_fa_edt.bmp","6","244","49"
"html-keyboard-response","274","466538","0.0-10.0-3.48","60fdb99f392d7600a5d42c1f","bdp_trlrn","Thu Jul 28 2022 09:00:12 GMT-0700 (Pacific Daylight Time)","791547","Untrustworthy,Trustworthy","","null","","","","feedback","","<div class='trialDiv'><img src='trustrating_stim/white_00109_931230_fa_edt.bmp'><br><font class='baseline'><strong>Aaron</strong><p>Received: <strong>8</strong></font> &nbsp; &nbsp; &nbsp; &nbsp; &nbsp; &nbsp;<font class='negOutcome'>Shared back: <strong>0</strong></font></font><div class='respPicDiv'><img src='img/responseButtonOffersNo0_wht.png' class='respPic'></div></div>","null","","17","Aaron","11","Kept","0.8,0.35","9","0.8","trustrating_stim/white_00109_931230_fa_edt.bmp","6","244","49"
"html-keyboard-response","275","466874","0.0-10.0-1.49","60fdb99f392d7600a5d42c1f","bdp_trlrn","Thu Jul 28 2022 09:00:12 GMT-0700 (Pacific Daylight Time)","791547","Untrustworthy,Trustworthy","","333","","","","decision","","<div class='trialDiv'><img src='trustrating_stim/white_00340_940422_fa_edt.bmp'><br><font class='baseline'><strong>Devin</strong><p>Choose number of points to send.</font><div class='respPicDiv'><img src='img/responseButtonOffersNo0L.png' class='respPic'></div></div>","3","","17","Devin","4","Shared","0.65,0.35","8","0.65","trustrating_stim/white_00340_940422_fa_edt.bmp","2.5","249","50"
"html-keyboard-response","276","467126","0.0-10.0-2.49","60fdb99f392d7600a5d42c1f","bdp_trlrn","Thu Jul 28 2022 09:00:12 GMT-0700 (Pacific Daylight Time)","791547","Untrustworthy,Trustworthy","","null","","","","decisionFB","","<div class='trialDiv'><img src='trustrating_stim/white_00340_940422_fa_edt.bmp'><br><font class='baseline'><strong>Devin</strong><p>Choose number of points to send.</font><div class='respPicDiv'><img src='img/responseButtonOffersNo0L3.png' class='respPic'></div></div>","null","","17","Devin","4","Shared","0.65,0.35","8","0.65","trustrating_stim/white_00340_940422_fa_edt.bmp","2.5","246","50"
"html-keyboard-response","277","468129","0.0-10.0-3.49","60fdb99f392d7600a5d42c1f","bdp_trlrn","Thu Jul 28 2022 09:00:12 GMT-0700 (Pacific Daylight Time)","791547","Untrustworthy,Trustworthy","","null","","","","feedback","","<div class='trialDiv'><img src='trustrating_stim/white_00340_940422_fa_edt.bmp'><br><font class='baseline'><strong>Devin</strong><p>Received: <strong>12</strong></font> &nbsp; &nbsp; &nbsp; &nbsp; &nbsp; &nbsp;<font class='posOutcome'>Shared back: <strong>6</strong></font></font><div class='respPicDiv'><img src='img/responseButtonOffersNo0_wht.png' class='respPic'></div></div>","null","","17","Devin","4","Shared","0.65,0.35","8","0.65","trustrating_stim/white_00340_940422_fa_edt.bmp","2.5","252","50"
"html-keyboard-response","278","468483","0.0-10.0-1.50","60fdb99f392d7600a5d42c1f","bdp_trlrn","Thu Jul 28 2022 09:00:12 GMT-0700 (Pacific Daylight Time)","791547","Untrustworthy,Trustworthy","","351","","","","decision","","<div class='trialDiv'><img src='trustrating_stim/white_mw048.bmp'><br><font class='baseline'><strong>Michael</strong><p>Choose number of points to send.</font><div class='respPicDiv'><img src='img/responseButtonOffersNo0L.png' class='respPic'></div></div>","4","","17","Michael","1","Shared","0.2,0.65","13","0.2","trustrating_stim/white_mw048.bmp","1","257","51"
"html-keyboard-response","279","468735","0.0-10.0-2.50","60fdb99f392d7600a5d42c1f","bdp_trlrn","Thu Jul 28 2022 09:00:12 GMT-0700 (Pacific Daylight Time)","791547","Untrustworthy,Trustworthy","","null","","","","decisionFB","","<div class='trialDiv'><img src='trustrating_stim/white_mw048.bmp'><br><font class='baseline'><strong>Michael</strong><p>Choose number of points to send.</font><div class='respPicDiv'><img src='img/responseButtonOffersNo0L4.png' class='respPic'></div></div>","null","","17","Michael","1","Shared","0.2,0.65","13","0.2","trustrating_stim/white_mw048.bmp","1","253","51"
"html-keyboard-response","280","469738","0.0-10.0-3.50","60fdb99f392d7600a5d42c1f","bdp_trlrn","Thu Jul 28 2022 09:00:12 GMT-0700 (Pacific Daylight Time)","791547","Untrustworthy,Trustworthy","","null","","","","feedback","","<div class='trialDiv'><img src='trustrating_stim/white_mw048.bmp'><br><font class='baseline'><strong>Michael</strong><p>Received: <strong>16</strong></font> &nbsp; &nbsp; &nbsp; &nbsp; &nbsp; &nbsp;<font class='posOutcome'>Shared back: <strong>8</strong></font></font><div class='respPicDiv'><img src='img/responseButtonOffersNo0_wht.png' class='respPic'></div></div>","null","","17","Michael","1","Shared","0.2,0.65","13","0.2","trustrating_stim/white_mw048.bmp","1","261","51"
"html-keyboard-response","281","470186","0.0-10.0-1.51","60fdb99f392d7600a5d42c1f","bdp_trlrn","Thu Jul 28 2022 09:00:12 GMT-0700 (Pacific Daylight Time)","791547","Untrustworthy,Trustworthy","","445","","","","decision","","<div class='trialDiv'><img src='trustrating_stim/white_00109_931230_fa_edt.bmp'><br><font class='baseline'><strong>Aaron</strong><p>Choose number of points to send.</font><div class='respPicDiv'><img src='img/responseButtonOffersNo0L.png' class='respPic'></div></div>","4","","18","Aaron","11","Shared","0.8,0.35","9","0.8","trustrating_stim/white_00109_931230_fa_edt.bmp","6","266","52"
"html-keyboard-response","282","470439","0.0-10.0-2.51","60fdb99f392d7600a5d42c1f","bdp_trlrn","Thu Jul 28 2022 09:00:12 GMT-0700 (Pacific Daylight Time)","791547","Untrustworthy,Trustworthy","","null","","","","decisionFB","","<div class='trialDiv'><img src='trustrating_stim/white_00109_931230_fa_edt.bmp'><br><font class='baseline'><strong>Aaron</strong><p>Choose number of points to send.</font><div class='respPicDiv'><img src='img/responseButtonOffersNo0L4.png' class='respPic'></div></div>","null","","18","Aaron","11","Shared","0.8,0.35","9","0.8","trustrating_stim/white_00109_931230_fa_edt.bmp","6","262","52"
"html-keyboard-response","283","471443","0.0-10.0-3.51","60fdb99f392d7600a5d42c1f","bdp_trlrn","Thu Jul 28 2022 09:00:12 GMT-0700 (Pacific Daylight Time)","791547","Untrustworthy,Trustworthy","","null","","","","feedback","","<div class='trialDiv'><img src='trustrating_stim/white_00109_931230_fa_edt.bmp'><br><font class='baseline'><strong>Aaron</strong><p>Received: <strong>16</strong></font> &nbsp; &nbsp; &nbsp; &nbsp; &nbsp; &nbsp;<font class='posOutcome'>Shared back: <strong>8</strong></font></font><div class='respPicDiv'><img src='img/responseButtonOffersNo0_wht.png' class='respPic'></div></div>","null","","18","Aaron","11","Shared","0.8,0.35","9","0.8","trustrating_stim/white_00109_931230_fa_edt.bmp","6","270","52"
"html-keyboard-response","284","471806","0.0-10.0-1.52","60fdb99f392d7600a5d42c1f","bdp_trlrn","Thu Jul 28 2022 09:00:12 GMT-0700 (Pacific Daylight Time)","791547","Untrustworthy,Trustworthy","","361","","","","decision","","<div class='trialDiv'><img src='trustrating_stim/white_00340_940422_fa_edt.bmp'><br><font class='baseline'><strong>Devin</strong><p>Choose number of points to send.</font><div class='respPicDiv'><img src='img/responseButtonOffersNo0L.png' class='respPic'></div></div>","3","","18","Devin","4","Kept","0.65,0.35","8","0.65","trustrating_stim/white_00340_940422_fa_edt.bmp","2.5","275","53"
"html-keyboard-response","285","472059","0.0-10.0-2.52","60fdb99f392d7600a5d42c1f","bdp_trlrn","Thu Jul 28 2022 09:00:12 GMT-0700 (Pacific Daylight Time)","791547","Untrustworthy,Trustworthy","","null","","","","decisionFB","","<div class='trialDiv'><img src='trustrating_stim/white_00340_940422_fa_edt.bmp'><br><font class='baseline'><strong>Devin</strong><p>Choose number of points to send.</font><div class='respPicDiv'><img src='img/responseButtonOffersNo0L3.png' class='respPic'></div></div>","null","","18","Devin","4","Kept","0.65,0.35","8","0.65","trustrating_stim/white_00340_940422_fa_edt.bmp","2.5","272","53"
"html-keyboard-response","286","473062","0.0-10.0-3.52","60fdb99f392d7600a5d42c1f","bdp_trlrn","Thu Jul 28 2022 09:00:12 GMT-0700 (Pacific Daylight Time)","791547","Untrustworthy,Trustworthy","","null","","","","feedback","","<div class='trialDiv'><img src='trustrating_stim/white_00340_940422_fa_edt.bmp'><br><font class='baseline'><strong>Devin</strong><p>Received: <strong>12</strong></font> &nbsp; &nbsp; &nbsp; &nbsp; &nbsp; &nbsp;<font class='negOutcome'>Shared back: <strong>0</strong></font></font><div class='respPicDiv'><img src='img/responseButtonOffersNo0_wht.png' class='respPic'></div></div>","null","","18","Devin","4","Kept","0.65,0.35","8","0.65","trustrating_stim/white_00340_940422_fa_edt.bmp","2.5","272","53"
"html-keyboard-response","287","473402","0.0-10.0-1.53","60fdb99f392d7600a5d42c1f","bdp_trlrn","Thu Jul 28 2022 09:00:12 GMT-0700 (Pacific Daylight Time)","791547","Untrustworthy,Trustworthy","","337","","","","decision","","<div class='trialDiv'><img src='trustrating_stim/white_mw048.bmp'><br><font class='baseline'><strong>Michael</strong><p>Choose number of points to send.</font><div class='respPicDiv'><img src='img/responseButtonOffersNo0L.png' class='respPic'></div></div>","2","","18","Michael","1","Kept","0.2,0.65","13","0.2","trustrating_stim/white_mw048.bmp","1","277","54"
"html-keyboard-response","288","473654","0.0-10.0-2.53","60fdb99f392d7600a5d42c1f","bdp_trlrn","Thu Jul 28 2022 09:00:12 GMT-0700 (Pacific Daylight Time)","791547","Untrustworthy,Trustworthy","","null","","","","decisionFB","","<div class='trialDiv'><img src='trustrating_stim/white_mw048.bmp'><br><font class='baseline'><strong>Michael</strong><p>Choose number of points to send.</font><div class='respPicDiv'><img src='img/responseButtonOffersNo0L2.png' class='respPic'></div></div>","null","","18","Michael","1","Kept","0.2,0.65","13","0.2","trustrating_stim/white_mw048.bmp","1","275","54"
"html-keyboard-response","289","474659","0.0-10.0-3.53","60fdb99f392d7600a5d42c1f","bdp_trlrn","Thu Jul 28 2022 09:00:12 GMT-0700 (Pacific Daylight Time)","791547","Untrustworthy,Trustworthy","","null","","","","feedback","","<div class='trialDiv'><img src='trustrating_stim/white_mw048.bmp'><br><font class='baseline'><strong>Michael</strong><p>Received: <strong>8</strong></font> &nbsp; &nbsp; &nbsp; &nbsp; &nbsp; &nbsp;<font class='negOutcome'>Shared back: <strong>0</strong></font></font><div class='respPicDiv'><img src='img/responseButtonOffersNo0_wht.png' class='respPic'></div></div>","null","","18","Michael","1","Kept","0.2,0.65","13","0.2","trustrating_stim/white_mw048.bmp","1","275","54"
"html-keyboard-response","290","474970","0.0-10.0-1.54","60fdb99f392d7600a5d42c1f","bdp_trlrn","Thu Jul 28 2022 09:00:12 GMT-0700 (Pacific Daylight Time)","791547","Untrustworthy,Trustworthy","","309","","","","decision","","<div class='trialDiv'><img src='trustrating_stim/white_00340_940422_fa_edt.bmp'><br><font class='baseline'><strong>Devin</strong><p>Choose number of points to send.</font><div class='respPicDiv'><img src='img/responseButtonOffersNo0L.png' class='respPic'></div></div>","2","","19","Devin","4","Shared","0.65,0.35","8","0.65","trustrating_stim/white_00340_940422_fa_edt.bmp","2.5","280","55"
"html-keyboard-response","291","475223","0.0-10.0-2.54","60fdb99f392d7600a5d42c1f","bdp_trlrn","Thu Jul 28 2022 09:00:12 GMT-0700 (Pacific Daylight Time)","791547","Untrustworthy,Trustworthy","","null","","","","decisionFB","","<div class='trialDiv'><img src='trustrating_stim/white_00340_940422_fa_edt.bmp'><br><font class='baseline'><strong>Devin</strong><p>Choose number of points to send.</font><div class='respPicDiv'><img src='img/responseButtonOffersNo0L2.png' class='respPic'></div></div>","null","","19","Devin","4","Shared","0.65,0.35","8","0.65","trustrating_stim/white_00340_940422_fa_edt.bmp","2.5","278","55"
"html-keyboard-response","292","476237","0.0-10.0-3.54","60fdb99f392d7600a5d42c1f","bdp_trlrn","Thu Jul 28 2022 09:00:12 GMT-0700 (Pacific Daylight Time)","791547","Untrustworthy,Trustworthy","","null","","","","feedback","","<div class='trialDiv'><img src='trustrating_stim/white_00340_940422_fa_edt.bmp'><br><font class='baseline'><strong>Devin</strong><p>Received: <strong>8</strong></font> &nbsp; &nbsp; &nbsp; &nbsp; &nbsp; &nbsp;<font class='posOutcome'>Shared back: <strong>4</strong></font></font><div class='respPicDiv'><img src='img/responseButtonOffersNo0_wht.png' class='respPic'></div></div>","null","","19","Devin","4","Shared","0.65,0.35","8","0.65","trustrating_stim/white_00340_940422_fa_edt.bmp","2.5","282","55"
"html-keyboard-response","293","476574","0.0-10.0-1.55","60fdb99f392d7600a5d42c1f","bdp_trlrn","Thu Jul 28 2022 09:00:12 GMT-0700 (Pacific Daylight Time)","791547","Untrustworthy,Trustworthy","","334","","","","decision","","<div class='trialDiv'><img src='trustrating_stim/white_mw048.bmp'><br><font class='baseline'><strong>Michael</strong><p>Choose number of points to send.</font><div class='respPicDiv'><img src='img/responseButtonOffersNo0L.png' class='respPic'></div></div>","4","","19","Michael","1","Shared","0.2,0.65","13","0.2","trustrating_stim/white_mw048.bmp","1","287","56"
"html-keyboard-response","294","476826","0.0-10.0-2.55","60fdb99f392d7600a5d42c1f","bdp_trlrn","Thu Jul 28 2022 09:00:12 GMT-0700 (Pacific Daylight Time)","791547","Untrustworthy,Trustworthy","","null","","","","decisionFB","","<div class='trialDiv'><img src='trustrating_stim/white_mw048.bmp'><br><font class='baseline'><strong>Michael</strong><p>Choose number of points to send.</font><div class='respPicDiv'><img src='img/responseButtonOffersNo0L4.png' class='respPic'></div></div>","null","","19","Michael","1","Shared","0.2,0.65","13","0.2","trustrating_stim/white_mw048.bmp","1","283","56"
"html-keyboard-response","295","477829","0.0-10.0-3.55","60fdb99f392d7600a5d42c1f","bdp_trlrn","Thu Jul 28 2022 09:00:12 GMT-0700 (Pacific Daylight Time)","791547","Untrustworthy,Trustworthy","","null","","","","feedback","","<div class='trialDiv'><img src='trustrating_stim/white_mw048.bmp'><br><font class='baseline'><strong>Michael</strong><p>Received: <strong>16</strong></font> &nbsp; &nbsp; &nbsp; &nbsp; &nbsp; &nbsp;<font class='posOutcome'>Shared back: <strong>8</strong></font></font><div class='respPicDiv'><img src='img/responseButtonOffersNo0_wht.png' class='respPic'></div></div>","null","","19","Michael","1","Shared","0.2,0.65","13","0.2","trustrating_stim/white_mw048.bmp","1","291","56"
"html-keyboard-response","296","478263","0.0-10.0-1.56","60fdb99f392d7600a5d42c1f","bdp_trlrn","Thu Jul 28 2022 09:00:12 GMT-0700 (Pacific Daylight Time)","791547","Untrustworthy,Trustworthy","","431","","","","decision","","<div class='trialDiv'><img src='trustrating_stim/white_00109_931230_fa_edt.bmp'><br><font class='baseline'><strong>Aaron</strong><p>Choose number of points to send.</font><div class='respPicDiv'><img src='img/responseButtonOffersNo0L.png' class='respPic'></div></div>","3","","19","Aaron","11","Kept","0.8,0.35","9","0.8","trustrating_stim/white_00109_931230_fa_edt.bmp","6","296","57"
"html-keyboard-response","297","478516","0.0-10.0-2.56","60fdb99f392d7600a5d42c1f","bdp_trlrn","Thu Jul 28 2022 09:00:12 GMT-0700 (Pacific Daylight Time)","791547","Untrustworthy,Trustworthy","","null","","","","decisionFB","","<div class='trialDiv'><img src='trustrating_stim/white_00109_931230_fa_edt.bmp'><br><font class='baseline'><strong>Aaron</strong><p>Choose number of points to send.</font><div class='respPicDiv'><img src='img/responseButtonOffersNo0L3.png' class='respPic'></div></div>","null","","19","Aaron","11","Kept","0.8,0.35","9","0.8","trustrating_stim/white_00109_931230_fa_edt.bmp","6","293","57"
"html-keyboard-response","298","479519","0.0-10.0-3.56","60fdb99f392d7600a5d42c1f","bdp_trlrn","Thu Jul 28 2022 09:00:12 GMT-0700 (Pacific Daylight Time)","791547","Untrustworthy,Trustworthy","","null","","","","feedback","","<div class='trialDiv'><img src='trustrating_stim/white_00109_931230_fa_edt.bmp'><br><font class='baseline'><strong>Aaron</strong><p>Received: <strong>12</strong></font> &nbsp; &nbsp; &nbsp; &nbsp; &nbsp; &nbsp;<font class='negOutcome'>Shared back: <strong>0</strong></font></font><div class='respPicDiv'><img src='img/responseButtonOffersNo0_wht.png' class='respPic'></div></div>","null","","19","Aaron","11","Kept","0.8,0.35","9","0.8","trustrating_stim/white_00109_931230_fa_edt.bmp","6","293","57"
"html-keyboard-response","299","479826","0.0-10.0-1.57","60fdb99f392d7600a5d42c1f","bdp_trlrn","Thu Jul 28 2022 09:00:12 GMT-0700 (Pacific Daylight Time)","791547","Untrustworthy,Trustworthy","","304","","","","decision","","<div class='trialDiv'><img src='trustrating_stim/white_00340_940422_fa_edt.bmp'><br><font class='baseline'><strong>Devin</strong><p>Choose number of points to send.</font><div class='respPicDiv'><img src='img/responseButtonOffersNo0L.png' class='respPic'></div></div>","2","","20","Devin","4","Shared","0.65,0.35","8","0.65","trustrating_stim/white_00340_940422_fa_edt.bmp","2.5","298","58"
"html-keyboard-response","300","480078","0.0-10.0-2.57","60fdb99f392d7600a5d42c1f","bdp_trlrn","Thu Jul 28 2022 09:00:12 GMT-0700 (Pacific Daylight Time)","791547","Untrustworthy,Trustworthy","","null","","","","decisionFB","","<div class='trialDiv'><img src='trustrating_stim/white_00340_940422_fa_edt.bmp'><br><font class='baseline'><strong>Devin</strong><p>Choose number of points to send.</font><div class='respPicDiv'><img src='img/responseButtonOffersNo0L2.png' class='respPic'></div></div>","null","","20","Devin","4","Shared","0.65,0.35","8","0.65","trustrating_stim/white_00340_940422_fa_edt.bmp","2.5","296","58"
"html-keyboard-response","301","481079","0.0-10.0-3.57","60fdb99f392d7600a5d42c1f","bdp_trlrn","Thu Jul 28 2022 09:00:12 GMT-0700 (Pacific Daylight Time)","791547","Untrustworthy,Trustworthy","","null","","","","feedback","","<div class='trialDiv'><img src='trustrating_stim/white_00340_940422_fa_edt.bmp'><br><font class='baseline'><strong>Devin</strong><p>Received: <strong>8</strong></font> &nbsp; &nbsp; &nbsp; &nbsp; &nbsp; &nbsp;<font class='posOutcome'>Shared back: <strong>4</strong></font></font><div class='respPicDiv'><img src='img/responseButtonOffersNo0_wht.png' class='respPic'></div></div>","null","","20","Devin","4","Shared","0.65,0.35","8","0.65","trustrating_stim/white_00340_940422_fa_edt.bmp","2.5","300","58"
"html-keyboard-response","302","481422","0.0-10.0-1.58","60fdb99f392d7600a5d42c1f","bdp_trlrn","Thu Jul 28 2022 09:00:12 GMT-0700 (Pacific Daylight Time)","791547","Untrustworthy,Trustworthy","","340","","","","decision","","<div class='trialDiv'><img src='trustrating_stim/white_00109_931230_fa_edt.bmp'><br><font class='baseline'><strong>Aaron</strong><p>Choose number of points to send.</font><div class='respPicDiv'><img src='img/responseButtonOffersNo0L.png' class='respPic'></div></div>","4","","20","Aaron","11","Shared","0.8,0.35","9","0.8","trustrating_stim/white_00109_931230_fa_edt.bmp","6","305","59"
"html-keyboard-response","303","481674","0.0-10.0-2.58","60fdb99f392d7600a5d42c1f","bdp_trlrn","Thu Jul 28 2022 09:00:12 GMT-0700 (Pacific Daylight Time)","791547","Untrustworthy,Trustworthy","","null","","","","decisionFB","","<div class='trialDiv'><img src='trustrating_stim/white_00109_931230_fa_edt.bmp'><br><font class='baseline'><strong>Aaron</strong><p>Choose number of points to send.</font><div class='respPicDiv'><img src='img/responseButtonOffersNo0L4.png' class='respPic'></div></div>","null","","20","Aaron","11","Shared","0.8,0.35","9","0.8","trustrating_stim/white_00109_931230_fa_edt.bmp","6","301","59"
"html-keyboard-response","304","482678","0.0-10.0-3.58","60fdb99f392d7600a5d42c1f","bdp_trlrn","Thu Jul 28 2022 09:00:12 GMT-0700 (Pacific Daylight Time)","791547","Untrustworthy,Trustworthy","","null","","","","feedback","","<div class='trialDiv'><img src='trustrating_stim/white_00109_931230_fa_edt.bmp'><br><font class='baseline'><strong>Aaron</strong><p>Received: <strong>16</strong></font> &nbsp; &nbsp; &nbsp; &nbsp; &nbsp; &nbsp;<font class='posOutcome'>Shared back: <strong>8</strong></font></font><div class='respPicDiv'><img src='img/responseButtonOffersNo0_wht.png' class='respPic'></div></div>","null","","20","Aaron","11","Shared","0.8,0.35","9","0.8","trustrating_stim/white_00109_931230_fa_edt.bmp","6","309","59"
"html-keyboard-response","305","483667","0.0-10.0-1.59","60fdb99f392d7600a5d42c1f","bdp_trlrn","Thu Jul 28 2022 09:00:12 GMT-0700 (Pacific Daylight Time)","791547","Untrustworthy,Trustworthy","","986","","","","decision","","<div class='trialDiv'><img src='trustrating_stim/white_mw048.bmp'><br><font class='baseline'><strong>Michael</strong><p>Choose number of points to send.</font><div class='respPicDiv'><img src='img/responseButtonOffersNo0L.png' class='respPic'></div></div>","3","","20","Michael","1","Shared","0.2,0.65","13","0.2","trustrating_stim/white_mw048.bmp","1","314","60"
"html-keyboard-response","306","483919","0.0-10.0-2.59","60fdb99f392d7600a5d42c1f","bdp_trlrn","Thu Jul 28 2022 09:00:12 GMT-0700 (Pacific Daylight Time)","791547","Untrustworthy,Trustworthy","","null","","","","decisionFB","","<div class='trialDiv'><img src='trustrating_stim/white_mw048.bmp'><br><font class='baseline'><strong>Michael</strong><p>Choose number of points to send.</font><div class='respPicDiv'><img src='img/responseButtonOffersNo0L3.png' class='respPic'></div></div>","null","","20","Michael","1","Shared","0.2,0.65","13","0.2","trustrating_stim/white_mw048.bmp","1","311","60"
"html-keyboard-response","307","484922","0.0-10.0-3.59","60fdb99f392d7600a5d42c1f","bdp_trlrn","Thu Jul 28 2022 09:00:12 GMT-0700 (Pacific Daylight Time)","791547","Untrustworthy,Trustworthy","","null","","","","feedback","","<div class='trialDiv'><img src='trustrating_stim/white_mw048.bmp'><br><font class='baseline'><strong>Michael</strong><p>Received: <strong>12</strong></font> &nbsp; &nbsp; &nbsp; &nbsp; &nbsp; &nbsp;<font class='posOutcome'>Shared back: <strong>6</strong></font></font><div class='respPicDiv'><img src='img/responseButtonOffersNo0_wht.png' class='respPic'></div></div>","null","","20","Michael","1","Shared","0.2,0.65","13","0.2","trustrating_stim/white_mw048.bmp","1","317","60"
"html-keyboard-response","308","485502","0.0-10.0-1.60","60fdb99f392d7600a5d42c1f","bdp_trlrn","Thu Jul 28 2022 09:00:12 GMT-0700 (Pacific Daylight Time)","791547","Untrustworthy,Trustworthy","","578","","","","decision","","<div class='trialDiv'><img src='trustrating_stim/white_00340_940422_fa_edt.bmp'><br><font class='baseline'><strong>Devin</strong><p>Choose number of points to send.</font><div class='respPicDiv'><img src='img/responseButtonOffersNo0L.png' class='respPic'></div></div>","2","","21","Devin","4","Kept","0.65,0.35","8","0.65","trustrating_stim/white_00340_940422_fa_edt.bmp","2.5","322","61"
"html-keyboard-response","309","485755","0.0-10.0-2.60","60fdb99f392d7600a5d42c1f","bdp_trlrn","Thu Jul 28 2022 09:00:12 GMT-0700 (Pacific Daylight Time)","791547","Untrustworthy,Trustworthy","","null","","","","decisionFB","","<div class='trialDiv'><img src='trustrating_stim/white_00340_940422_fa_edt.bmp'><br><font class='baseline'><strong>Devin</strong><p>Choose number of points to send.</font><div class='respPicDiv'><img src='img/responseButtonOffersNo0L2.png' class='respPic'></div></div>","null","","21","Devin","4","Kept","0.65,0.35","8","0.65","trustrating_stim/white_00340_940422_fa_edt.bmp","2.5","320","61"
"html-keyboard-response","310","486759","0.0-10.0-3.60","60fdb99f392d7600a5d42c1f","bdp_trlrn","Thu Jul 28 2022 09:00:12 GMT-0700 (Pacific Daylight Time)","791547","Untrustworthy,Trustworthy","","null","","","","feedback","","<div class='trialDiv'><img src='trustrating_stim/white_00340_940422_fa_edt.bmp'><br><font class='baseline'><strong>Devin</strong><p>Received: <strong>8</strong></font> &nbsp; &nbsp; &nbsp; &nbsp; &nbsp; &nbsp;<font class='negOutcome'>Shared back: <strong>0</strong></font></font><div class='respPicDiv'><img src='img/responseButtonOffersNo0_wht.png' class='respPic'></div></div>","null","","21","Devin","4","Kept","0.65,0.35","8","0.65","trustrating_stim/white_00340_940422_fa_edt.bmp","2.5","320","61"
"html-keyboard-response","311","489747","0.0-10.0-1.61","60fdb99f392d7600a5d42c1f","bdp_trlrn","Thu Jul 28 2022 09:00:12 GMT-0700 (Pacific Daylight Time)","791547","Untrustworthy,Trustworthy","","2986","","","","decision","","<div class='trialDiv'><img src='trustrating_stim/white_00109_931230_fa_edt.bmp'><br><font class='baseline'><strong>Aaron</strong><p>Choose number of points to send.</font><div class='respPicDiv'><img src='img/responseButtonOffersNo0L.png' class='respPic'></div></div>","5","","21","Aaron","11","Shared","0.8,0.35","9","0.8","trustrating_stim/white_00109_931230_fa_edt.bmp","6","325","62"
"html-keyboard-response","312","490000","0.0-10.0-2.61","60fdb99f392d7600a5d42c1f","bdp_trlrn","Thu Jul 28 2022 09:00:12 GMT-0700 (Pacific Daylight Time)","791547","Untrustworthy,Trustworthy","","null","","","","decisionFB","","<div class='trialDiv'><img src='trustrating_stim/white_00109_931230_fa_edt.bmp'><br><font class='baseline'><strong>Aaron</strong><p>Choose number of points to send.</font><div class='respPicDiv'><img src='img/responseButtonOffersNo0L5.png' class='respPic'></div></div>","null","","21","Aaron","11","Shared","0.8,0.35","9","0.8","trustrating_stim/white_00109_931230_fa_edt.bmp","6","320","62"
"html-keyboard-response","313","491003","0.0-10.0-3.61","60fdb99f392d7600a5d42c1f","bdp_trlrn","Thu Jul 28 2022 09:00:12 GMT-0700 (Pacific Daylight Time)","791547","Untrustworthy,Trustworthy","","null","","","","feedback","","<div class='trialDiv'><img src='trustrating_stim/white_00109_931230_fa_edt.bmp'><br><font class='baseline'><strong>Aaron</strong><p>Received: <strong>20</strong></font> &nbsp; &nbsp; &nbsp; &nbsp; &nbsp; &nbsp;<font class='posOutcome'>Shared back: <strong>10</strong></font></font><div class='respPicDiv'><img src='img/responseButtonOffersNo0_wht.png' class='respPic'></div></div>","null","","21","Aaron","11","Shared","0.8,0.35","9","0.8","trustrating_stim/white_00109_931230_fa_edt.bmp","6","330","62"
"html-keyboard-response","314","491788","0.0-10.0-1.62","60fdb99f392d7600a5d42c1f","bdp_trlrn","Thu Jul 28 2022 09:00:12 GMT-0700 (Pacific Daylight Time)","791547","Untrustworthy,Trustworthy","","782","","","","decision","","<div class='trialDiv'><img src='trustrating_stim/white_mw048.bmp'><br><font class='baseline'><strong>Michael</strong><p>Choose number of points to send.</font><div class='respPicDiv'><img src='img/responseButtonOffersNo0L.png' class='respPic'></div></div>","4","","21","Michael","1","Kept","0.2,0.65","13","0.2","trustrating_stim/white_mw048.bmp","1","335","63"
"html-keyboard-response","315","492041","0.0-10.0-2.62","60fdb99f392d7600a5d42c1f","bdp_trlrn","Thu Jul 28 2022 09:00:12 GMT-0700 (Pacific Daylight Time)","791547","Untrustworthy,Trustworthy","","null","","","","decisionFB","","<div class='trialDiv'><img src='trustrating_stim/white_mw048.bmp'><br><font class='baseline'><strong>Michael</strong><p>Choose number of points to send.</font><div class='respPicDiv'><img src='img/responseButtonOffersNo0L4.png' class='respPic'></div></div>","null","","21","Michael","1","Kept","0.2,0.65","13","0.2","trustrating_stim/white_mw048.bmp","1","331","63"
"html-keyboard-response","316","493043","0.0-10.0-3.62","60fdb99f392d7600a5d42c1f","bdp_trlrn","Thu Jul 28 2022 09:00:12 GMT-0700 (Pacific Daylight Time)","791547","Untrustworthy,Trustworthy","","null","","","","feedback","","<div class='trialDiv'><img src='trustrating_stim/white_mw048.bmp'><br><font class='baseline'><strong>Michael</strong><p>Received: <strong>16</strong></font> &nbsp; &nbsp; &nbsp; &nbsp; &nbsp; &nbsp;<font class='negOutcome'>Shared back: <strong>0</strong></font></font><div class='respPicDiv'><img src='img/responseButtonOffersNo0_wht.png' class='respPic'></div></div>","null","","21","Michael","1","Kept","0.2,0.65","13","0.2","trustrating_stim/white_mw048.bmp","1","331","63"
"html-keyboard-response","317","493241","0.0-10.0-1.63","60fdb99f392d7600a5d42c1f","bdp_trlrn","Thu Jul 28 2022 09:00:12 GMT-0700 (Pacific Daylight Time)","791547","Untrustworthy,Trustworthy","","195","","","","decision","","<div class='trialDiv'><img src='trustrating_stim/white_00340_940422_fa_edt.bmp'><br><font class='baseline'><strong>Devin</strong><p>Choose number of points to send.</font><div class='respPicDiv'><img src='img/responseButtonOffersNo0L.png' class='respPic'></div></div>","3","","22","Devin","4","Shared","0.65,0.35","8","0.65","trustrating_stim/white_00340_940422_fa_edt.bmp","2.5","336","64"
"html-keyboard-response","318","493493","0.0-10.0-2.63","60fdb99f392d7600a5d42c1f","bdp_trlrn","Thu Jul 28 2022 09:00:12 GMT-0700 (Pacific Daylight Time)","791547","Untrustworthy,Trustworthy","","null","","","","decisionFB","","<div class='trialDiv'><img src='trustrating_stim/white_00340_940422_fa_edt.bmp'><br><font class='baseline'><strong>Devin</strong><p>Choose number of points to send.</font><div class='respPicDiv'><img src='img/responseButtonOffersNo0L3.png' class='respPic'></div></div>","null","","22","Devin","4","Shared","0.65,0.35","8","0.65","trustrating_stim/white_00340_940422_fa_edt.bmp","2.5","333","64"
"html-keyboard-response","319","494496","0.0-10.0-3.63","60fdb99f392d7600a5d42c1f","bdp_trlrn","Thu Jul 28 2022 09:00:12 GMT-0700 (Pacific Daylight Time)","791547","Untrustworthy,Trustworthy","","null","","","","feedback","","<div class='trialDiv'><img src='trustrating_stim/white_00340_940422_fa_edt.bmp'><br><font class='baseline'><strong>Devin</strong><p>Received: <strong>12</strong></font> &nbsp; &nbsp; &nbsp; &nbsp; &nbsp; &nbsp;<font class='posOutcome'>Shared back: <strong>6</strong></font></font><div class='respPicDiv'><img src='img/responseButtonOffersNo0_wht.png' class='respPic'></div></div>","null","","22","Devin","4","Shared","0.65,0.35","8","0.65","trustrating_stim/white_00340_940422_fa_edt.bmp","2.5","339","64"
"html-keyboard-response","320","494757","0.0-10.0-1.64","60fdb99f392d7600a5d42c1f","bdp_trlrn","Thu Jul 28 2022 09:00:12 GMT-0700 (Pacific Daylight Time)","791547","Untrustworthy,Trustworthy","","258","","","","decision","","<div class='trialDiv'><img src='trustrating_stim/white_mw048.bmp'><br><font class='baseline'><strong>Michael</strong><p>Choose number of points to send.</font><div class='respPicDiv'><img src='img/responseButtonOffersNo0L.png' class='respPic'></div></div>","4","","22","Michael","1","Shared","0.2,0.65","13","0.2","trustrating_stim/white_mw048.bmp","1","344","65"
"html-keyboard-response","321","495010","0.0-10.0-2.64","60fdb99f392d7600a5d42c1f","bdp_trlrn","Thu Jul 28 2022 09:00:12 GMT-0700 (Pacific Daylight Time)","791547","Untrustworthy,Trustworthy","","null","","","","decisionFB","","<div class='trialDiv'><img src='trustrating_stim/white_mw048.bmp'><br><font class='baseline'><strong>Michael</strong><p>Choose number of points to send.</font><div class='respPicDiv'><img src='img/responseButtonOffersNo0L4.png' class='respPic'></div></div>","null","","22","Michael","1","Shared","0.2,0.65","13","0.2","trustrating_stim/white_mw048.bmp","1","340","65"
"html-keyboard-response","322","496014","0.0-10.0-3.64","60fdb99f392d7600a5d42c1f","bdp_trlrn","Thu Jul 28 2022 09:00:12 GMT-0700 (Pacific Daylight Time)","791547","Untrustworthy,Trustworthy","","null","","","","feedback","","<div class='trialDiv'><img src='trustrating_stim/white_mw048.bmp'><br><font class='baseline'><strong>Michael</strong><p>Received: <strong>16</strong></font> &nbsp; &nbsp; &nbsp; &nbsp; &nbsp; &nbsp;<font class='posOutcome'>Shared back: <strong>8</strong></font></font><div class='respPicDiv'><img src='img/responseButtonOffersNo0_wht.png' class='respPic'></div></div>","null","","22","Michael","1","Shared","0.2,0.65","13","0.2","trustrating_stim/white_mw048.bmp","1","348","65"
"html-keyboard-response","323","496293","0.0-10.0-1.65","60fdb99f392d7600a5d42c1f","bdp_trlrn","Thu Jul 28 2022 09:00:12 GMT-0700 (Pacific Daylight Time)","791547","Untrustworthy,Trustworthy","","276","","","","decision","","<div class='trialDiv'><img src='trustrating_stim/white_00109_931230_fa_edt.bmp'><br><font class='baseline'><strong>Aaron</strong><p>Choose number of points to send.</font><div class='respPicDiv'><img src='img/responseButtonOffersNo0L.png' class='respPic'></div></div>","4","","22","Aaron","11","Kept","0.8,0.35","9","0.8","trustrating_stim/white_00109_931230_fa_edt.bmp","6","353","66"
"html-keyboard-response","324","496545","0.0-10.0-2.65","60fdb99f392d7600a5d42c1f","bdp_trlrn","Thu Jul 28 2022 09:00:12 GMT-0700 (Pacific Daylight Time)","791547","Untrustworthy,Trustworthy","","null","","","","decisionFB","","<div class='trialDiv'><img src='trustrating_stim/white_00109_931230_fa_edt.bmp'><br><font class='baseline'><strong>Aaron</strong><p>Choose number of points to send.</font><div class='respPicDiv'><img src='img/responseButtonOffersNo0L4.png' class='respPic'></div></div>","null","","22","Aaron","11","Kept","0.8,0.35","9","0.8","trustrating_stim/white_00109_931230_fa_edt.bmp","6","349","66"
"html-keyboard-response","325","497548","0.0-10.0-3.65","60fdb99f392d7600a5d42c1f","bdp_trlrn","Thu Jul 28 2022 09:00:12 GMT-0700 (Pacific Daylight Time)","791547","Untrustworthy,Trustworthy","","null","","","","feedback","","<div class='trialDiv'><img src='trustrating_stim/white_00109_931230_fa_edt.bmp'><br><font class='baseline'><strong>Aaron</strong><p>Received: <strong>16</strong></font> &nbsp; &nbsp; &nbsp; &nbsp; &nbsp; &nbsp;<font class='negOutcome'>Shared back: <strong>0</strong></font></font><div class='respPicDiv'><img src='img/responseButtonOffersNo0_wht.png' class='respPic'></div></div>","null","","22","Aaron","11","Kept","0.8,0.35","9","0.8","trustrating_stim/white_00109_931230_fa_edt.bmp","6","349","66"
"instructions","326","610745","0.0-11.0","60fdb99f392d7600a5d42c1f","bdp_trlrn","Thu Jul 28 2022 09:00:12 GMT-0700 (Pacific Daylight Time)","791547","Untrustworthy,Trustworthy","[{""page_index"":0,""viewing_time"":16545},{""page_index"":1,""viewing_time"":96650}]","113196","","","","","","","","","","","","","","","","","","",""
"html-keyboard-response","327","613021","0.0-12.0-1.0","60fdb99f392d7600a5d42c1f","bdp_trlrn","Thu Jul 28 2022 09:00:12 GMT-0700 (Pacific Daylight Time)","791547","Untrustworthy,Trustworthy","","2171","","","","decision","","<div class='trialDiv'><img src='trustrating_stim/white_00757_941201_fa_edt.bmp'><br><font class='baseline'><strong>Benjamin</strong><p>Choose number of points to send.</font><div class='respPicDiv'><img src='img/responseButtonOffersNo0L.png' class='respPic'></div></div>","3","","1","Benjamin","3","Shared","0.65,0.2","14","0.65","trustrating_stim/white_00757_941201_fa_edt.bmp","1","354","67"
"html-keyboard-response","328","613273","0.0-12.0-2.0","60fdb99f392d7600a5d42c1f","bdp_trlrn","Thu Jul 28 2022 09:00:12 GMT-0700 (Pacific Daylight Time)","791547","Untrustworthy,Trustworthy","","null","","","","decisionFB","","<div class='trialDiv'><img src='trustrating_stim/white_00757_941201_fa_edt.bmp'><br><font class='baseline'><strong>Benjamin</strong><p>Choose number of points to send.</font><div class='respPicDiv'><img src='img/responseButtonOffersNo0L3.png' class='respPic'></div></div>","null","","1","Benjamin","3","Shared","0.65,0.2","14","0.65","trustrating_stim/white_00757_941201_fa_edt.bmp","1","351","67"
"html-keyboard-response","329","614279","0.0-12.0-3.0","60fdb99f392d7600a5d42c1f","bdp_trlrn","Thu Jul 28 2022 09:00:12 GMT-0700 (Pacific Daylight Time)","791547","Untrustworthy,Trustworthy","","null","","","","feedback","","<div class='trialDiv'><img src='trustrating_stim/white_00757_941201_fa_edt.bmp'><br><font class='baseline'><strong>Benjamin</strong><p>Received: <strong>12</strong></font> &nbsp; &nbsp; &nbsp; &nbsp; &nbsp; &nbsp;<font class='posOutcome'>Shared back: <strong>6</strong></font></font><div class='respPicDiv'><img src='img/responseButtonOffersNo0_wht.png' class='respPic'></div></div>","null","","1","Benjamin","3","Shared","0.65,0.2","14","0.65","trustrating_stim/white_00757_941201_fa_edt.bmp","1","357","67"
"html-keyboard-response","330","614744","0.0-12.0-1.1","60fdb99f392d7600a5d42c1f","bdp_trlrn","Thu Jul 28 2022 09:00:12 GMT-0700 (Pacific Daylight Time)","791547","Untrustworthy,Trustworthy","","463","","","","decision","","<div class='trialDiv'><img src='trustrating_stim/white_mw089.bmp'><br><font class='baseline'><strong>Ryan</strong><p>Choose number of points to send.</font><div class='respPicDiv'><img src='img/responseButtonOffersNo0L.png' class='respPic'></div></div>","3","","1","Ryan","8","Kept","0.35,0.8","10","0.35","trustrating_stim/white_mw089.bmp","5","362","68"
"html-keyboard-response","331","614996","0.0-12.0-2.1","60fdb99f392d7600a5d42c1f","bdp_trlrn","Thu Jul 28 2022 09:00:12 GMT-0700 (Pacific Daylight Time)","791547","Untrustworthy,Trustworthy","","null","","","","decisionFB","","<div class='trialDiv'><img src='trustrating_stim/white_mw089.bmp'><br><font class='baseline'><strong>Ryan</strong><p>Choose number of points to send.</font><div class='respPicDiv'><img src='img/responseButtonOffersNo0L3.png' class='respPic'></div></div>","null","","1","Ryan","8","Kept","0.35,0.8","10","0.35","trustrating_stim/white_mw089.bmp","5","359","68"
"html-keyboard-response","332","615999","0.0-12.0-3.1","60fdb99f392d7600a5d42c1f","bdp_trlrn","Thu Jul 28 2022 09:00:12 GMT-0700 (Pacific Daylight Time)","791547","Untrustworthy,Trustworthy","","null","","","","feedback","","<div class='trialDiv'><img src='trustrating_stim/white_mw089.bmp'><br><font class='baseline'><strong>Ryan</strong><p>Received: <strong>12</strong></font> &nbsp; &nbsp; &nbsp; &nbsp; &nbsp; &nbsp;<font class='negOutcome'>Shared back: <strong>0</strong></font></font><div class='respPicDiv'><img src='img/responseButtonOffersNo0_wht.png' class='respPic'></div></div>","null","","1","Ryan","8","Kept","0.35,0.8","10","0.35","trustrating_stim/white_mw089.bmp","5","359","68"
"html-keyboard-response","333","616520","0.0-12.0-1.2","60fdb99f392d7600a5d42c1f","bdp_trlrn","Thu Jul 28 2022 09:00:12 GMT-0700 (Pacific Daylight Time)","791547","Untrustworthy,Trustworthy","","518","","","","decision","","<div class='trialDiv'><img src='trustrating_stim/white_00577_940928_fa_edt.bmp'><br><font class='baseline'><strong>Matthew</strong><p>Choose number of points to send.</font><div class='respPicDiv'><img src='img/responseButtonOffersNo0L.png' class='respPic'></div></div>","3","","1","Matthew","7","Kept","0.2,0.8","12","0.2","trustrating_stim/white_00577_940928_fa_edt.bmp","3","364","69"
"html-keyboard-response","334","616772","0.0-12.0-2.2","60fdb99f392d7600a5d42c1f","bdp_trlrn","Thu Jul 28 2022 09:00:12 GMT-0700 (Pacific Daylight Time)","791547","Untrustworthy,Trustworthy","","null","","","","decisionFB","","<div class='trialDiv'><img src='trustrating_stim/white_00577_940928_fa_edt.bmp'><br><font class='baseline'><strong>Matthew</strong><p>Choose number of points to send.</font><div class='respPicDiv'><img src='img/responseButtonOffersNo0L3.png' class='respPic'></div></div>","null","","1","Matthew","7","Kept","0.2,0.8","12","0.2","trustrating_stim/white_00577_940928_fa_edt.bmp","3","361","69"
"html-keyboard-response","335","617774","0.0-12.0-3.2","60fdb99f392d7600a5d42c1f","bdp_trlrn","Thu Jul 28 2022 09:00:12 GMT-0700 (Pacific Daylight Time)","791547","Untrustworthy,Trustworthy","","null","","","","feedback","","<div class='trialDiv'><img src='trustrating_stim/white_00577_940928_fa_edt.bmp'><br><font class='baseline'><strong>Matthew</strong><p>Received: <strong>12</strong></font> &nbsp; &nbsp; &nbsp; &nbsp; &nbsp; &nbsp;<font class='negOutcome'>Shared back: <strong>0</strong></font></font><div class='respPicDiv'><img src='img/responseButtonOffersNo0_wht.png' class='respPic'></div></div>","null","","1","Matthew","7","Kept","0.2,0.8","12","0.2","trustrating_stim/white_00577_940928_fa_edt.bmp","3","361","69"
"html-keyboard-response","336","617832","0.0-12.0-1.3","60fdb99f392d7600a5d42c1f","bdp_trlrn","Thu Jul 28 2022 09:00:12 GMT-0700 (Pacific Daylight Time)","791547","Untrustworthy,Trustworthy","","55","","","","decision","","<div class='trialDiv'><img src='trustrating_stim/white_00757_941201_fa_edt.bmp'><br><font class='baseline'><strong>Benjamin</strong><p>Choose number of points to send.</font><div class='respPicDiv'><img src='img/responseButtonOffersNo0L.png' class='respPic'></div></div>","5","","2","Benjamin","3","Shared","0.65,0.2","14","0.65","trustrating_stim/white_00757_941201_fa_edt.bmp","1","366","70"
"html-keyboard-response","337","618085","0.0-12.0-2.3","60fdb99f392d7600a5d42c1f","bdp_trlrn","Thu Jul 28 2022 09:00:12 GMT-0700 (Pacific Daylight Time)","791547","Untrustworthy,Trustworthy","","null","","","","decisionFB","","<div class='trialDiv'><img src='trustrating_stim/white_00757_941201_fa_edt.bmp'><br><font class='baseline'><strong>Benjamin</strong><p>Choose number of points to send.</font><div class='respPicDiv'><img src='img/responseButtonOffersNo0L5.png' class='respPic'></div></div>","null","","2","Benjamin","3","Shared","0.65,0.2","14","0.65","trustrating_stim/white_00757_941201_fa_edt.bmp","1","361","70"
"html-keyboard-response","338","619088","0.0-12.0-3.3","60fdb99f392d7600a5d42c1f","bdp_trlrn","Thu Jul 28 2022 09:00:12 GMT-0700 (Pacific Daylight Time)","791547","Untrustworthy,Trustworthy","","null","","","","feedback","","<div class='trialDiv'><img src='trustrating_stim/white_00757_941201_fa_edt.bmp'><br><font class='baseline'><strong>Benjamin</strong><p>Received: <strong>20</strong></font> &nbsp; &nbsp; &nbsp; &nbsp; &nbsp; &nbsp;<font class='posOutcome'>Shared back: <strong>10</strong></font></font><div class='respPicDiv'><img src='img/responseButtonOffersNo0_wht.png' class='respPic'></div></div>","null","","2","Benjamin","3","Shared","0.65,0.2","14","0.65","trustrating_stim/white_00757_941201_fa_edt.bmp","1","371","70"
"html-keyboard-response","339","620444","0.0-12.0-1.4","60fdb99f392d7600a5d42c1f","bdp_trlrn","Thu Jul 28 2022 09:00:12 GMT-0700 (Pacific Daylight Time)","791547","Untrustworthy,Trustworthy","","1354","","","","decision","","<div class='trialDiv'><img src='trustrating_stim/white_mw089.bmp'><br><font class='baseline'><strong>Ryan</strong><p>Choose number of points to send.</font><div class='respPicDiv'><img src='img/responseButtonOffersNo0L.png' class='respPic'></div></div>","1","","2","Ryan","8","Kept","0.35,0.8","10","0.35","trustrating_stim/white_mw089.bmp","5","376","71"
"html-keyboard-response","340","620697","0.0-12.0-2.4","60fdb99f392d7600a5d42c1f","bdp_trlrn","Thu Jul 28 2022 09:00:12 GMT-0700 (Pacific Daylight Time)","791547","Untrustworthy,Trustworthy","","null","","","","decisionFB","","<div class='trialDiv'><img src='trustrating_stim/white_mw089.bmp'><br><font class='baseline'><strong>Ryan</strong><p>Choose number of points to send.</font><div class='respPicDiv'><img src='img/responseButtonOffersNo0L1.png' class='respPic'></div></div>","null","","2","Ryan","8","Kept","0.35,0.8","10","0.35","trustrating_stim/white_mw089.bmp","5","375","71"
"html-keyboard-response","341","621699","0.0-12.0-3.4","60fdb99f392d7600a5d42c1f","bdp_trlrn","Thu Jul 28 2022 09:00:12 GMT-0700 (Pacific Daylight Time)","791547","Untrustworthy,Trustworthy","","null","","","","feedback","","<div class='trialDiv'><img src='trustrating_stim/white_mw089.bmp'><br><font class='baseline'><strong>Ryan</strong><p>Received: <strong>4</strong></font> &nbsp; &nbsp; &nbsp; &nbsp; &nbsp; &nbsp;<font class='negOutcome'>Shared back: <strong>0</strong></font></font><div class='respPicDiv'><img src='img/responseButtonOffersNo0_wht.png' class='respPic'></div></div>","null","","2","Ryan","8","Kept","0.35,0.8","10","0.35","trustrating_stim/white_mw089.bmp","5","375","71"
"html-keyboard-response","342","622284","0.0-12.0-1.5","60fdb99f392d7600a5d42c1f","bdp_trlrn","Thu Jul 28 2022 09:00:12 GMT-0700 (Pacific Daylight Time)","791547","Untrustworthy,Trustworthy","","582","","","","decision","","<div class='trialDiv'><img src='trustrating_stim/white_00577_940928_fa_edt.bmp'><br><font class='baseline'><strong>Matthew</strong><p>Choose number of points to send.</font><div class='respPicDiv'><img src='img/responseButtonOffersNo0L.png' class='respPic'></div></div>","3","","2","Matthew","7","Kept","0.2,0.8","12","0.2","trustrating_stim/white_00577_940928_fa_edt.bmp","3","380","72"
"html-keyboard-response","343","622537","0.0-12.0-2.5","60fdb99f392d7600a5d42c1f","bdp_trlrn","Thu Jul 28 2022 09:00:12 GMT-0700 (Pacific Daylight Time)","791547","Untrustworthy,Trustworthy","","null","","","","decisionFB","","<div class='trialDiv'><img src='trustrating_stim/white_00577_940928_fa_edt.bmp'><br><font class='baseline'><strong>Matthew</strong><p>Choose number of points to send.</font><div class='respPicDiv'><img src='img/responseButtonOffersNo0L3.png' class='respPic'></div></div>","null","","2","Matthew","7","Kept","0.2,0.8","12","0.2","trustrating_stim/white_00577_940928_fa_edt.bmp","3","377","72"
"html-keyboard-response","344","623540","0.0-12.0-3.5","60fdb99f392d7600a5d42c1f","bdp_trlrn","Thu Jul 28 2022 09:00:12 GMT-0700 (Pacific Daylight Time)","791547","Untrustworthy,Trustworthy","","null","","","","feedback","","<div class='trialDiv'><img src='trustrating_stim/white_00577_940928_fa_edt.bmp'><br><font class='baseline'><strong>Matthew</strong><p>Received: <strong>12</strong></font> &nbsp; &nbsp; &nbsp; &nbsp; &nbsp; &nbsp;<font class='negOutcome'>Shared back: <strong>0</strong></font></font><div class='respPicDiv'><img src='img/responseButtonOffersNo0_wht.png' class='respPic'></div></div>","null","","2","Matthew","7","Kept","0.2,0.8","12","0.2","trustrating_stim/white_00577_940928_fa_edt.bmp","3","377","72"
"html-keyboard-response","345","624075","0.0-12.0-1.6","60fdb99f392d7600a5d42c1f","bdp_trlrn","Thu Jul 28 2022 09:00:12 GMT-0700 (Pacific Daylight Time)","791547","Untrustworthy,Trustworthy","","532","","","","decision","","<div class='trialDiv'><img src='trustrating_stim/white_00757_941201_fa_edt.bmp'><br><font class='baseline'><strong>Benjamin</strong><p>Choose number of points to send.</font><div class='respPicDiv'><img src='img/responseButtonOffersNo0L.png' class='respPic'></div></div>","5","","3","Benjamin","3","Kept","0.65,0.2","14","0.65","trustrating_stim/white_00757_941201_fa_edt.bmp","1","382","73"
"html-keyboard-response","346","624328","0.0-12.0-2.6","60fdb99f392d7600a5d42c1f","bdp_trlrn","Thu Jul 28 2022 09:00:12 GMT-0700 (Pacific Daylight Time)","791547","Untrustworthy,Trustworthy","","null","","","","decisionFB","","<div class='trialDiv'><img src='trustrating_stim/white_00757_941201_fa_edt.bmp'><br><font class='baseline'><strong>Benjamin</strong><p>Choose number of points to send.</font><div class='respPicDiv'><img src='img/responseButtonOffersNo0L5.png' class='respPic'></div></div>","null","","3","Benjamin","3","Kept","0.65,0.2","14","0.65","trustrating_stim/white_00757_941201_fa_edt.bmp","1","377","73"
"html-keyboard-response","347","625331","0.0-12.0-3.6","60fdb99f392d7600a5d42c1f","bdp_trlrn","Thu Jul 28 2022 09:00:12 GMT-0700 (Pacific Daylight Time)","791547","Untrustworthy,Trustworthy","","null","","","","feedback","","<div class='trialDiv'><img src='trustrating_stim/white_00757_941201_fa_edt.bmp'><br><font class='baseline'><strong>Benjamin</strong><p>Received: <strong>20</strong></font> &nbsp; &nbsp; &nbsp; &nbsp; &nbsp; &nbsp;<font class='negOutcome'>Shared back: <strong>0</strong></font></font><div class='respPicDiv'><img src='img/responseButtonOffersNo0_wht.png' class='respPic'></div></div>","null","","3","Benjamin","3","Kept","0.65,0.2","14","0.65","trustrating_stim/white_00757_941201_fa_edt.bmp","1","377","73"
"html-keyboard-response","348","626387","0.0-12.0-1.7","60fdb99f392d7600a5d42c1f","bdp_trlrn","Thu Jul 28 2022 09:00:12 GMT-0700 (Pacific Daylight Time)","791547","Untrustworthy,Trustworthy","","1053","","","","decision","","<div class='trialDiv'><img src='trustrating_stim/white_00577_940928_fa_edt.bmp'><br><font class='baseline'><strong>Matthew</strong><p>Choose number of points to send.</font><div class='respPicDiv'><img src='img/responseButtonOffersNo0L.png' class='respPic'></div></div>","2","","3","Matthew","7","Shared","0.2,0.8","12","0.2","trustrating_stim/white_00577_940928_fa_edt.bmp","3","382","74"
"html-keyboard-response","349","626645","0.0-12.0-2.7","60fdb99f392d7600a5d42c1f","bdp_trlrn","Thu Jul 28 2022 09:00:12 GMT-0700 (Pacific Daylight Time)","791547","Untrustworthy,Trustworthy","","null","","","","decisionFB","","<div class='trialDiv'><img src='trustrating_stim/white_00577_940928_fa_edt.bmp'><br><font class='baseline'><strong>Matthew</strong><p>Choose number of points to send.</font><div class='respPicDiv'><img src='img/responseButtonOffersNo0L2.png' class='respPic'></div></div>","null","","3","Matthew","7","Shared","0.2,0.8","12","0.2","trustrating_stim/white_00577_940928_fa_edt.bmp","3","380","74"
"html-keyboard-response","350","627648","0.0-12.0-3.7","60fdb99f392d7600a5d42c1f","bdp_trlrn","Thu Jul 28 2022 09:00:12 GMT-0700 (Pacific Daylight Time)","791547","Untrustworthy,Trustworthy","","null","","","","feedback","","<div class='trialDiv'><img src='trustrating_stim/white_00577_940928_fa_edt.bmp'><br><font class='baseline'><strong>Matthew</strong><p>Received: <strong>8</strong></font> &nbsp; &nbsp; &nbsp; &nbsp; &nbsp; &nbsp;<font class='posOutcome'>Shared back: <strong>4</strong></font></font><div class='respPicDiv'><img src='img/responseButtonOffersNo0_wht.png' class='respPic'></div></div>","null","","3","Matthew","7","Shared","0.2,0.8","12","0.2","trustrating_stim/white_00577_940928_fa_edt.bmp","3","384","74"
"html-keyboard-response","351","628146","0.0-12.0-1.8","60fdb99f392d7600a5d42c1f","bdp_trlrn","Thu Jul 28 2022 09:00:12 GMT-0700 (Pacific Daylight Time)","791547","Untrustworthy,Trustworthy","","495","","","","decision","","<div class='trialDiv'><img src='trustrating_stim/white_mw089.bmp'><br><font class='baseline'><strong>Ryan</strong><p>Choose number of points to send.</font><div class='respPicDiv'><img src='img/responseButtonOffersNo0L.png' class='respPic'></div></div>","3","","3","Ryan","8","Kept","0.35,0.8","10","0.35","trustrating_stim/white_mw089.bmp","5","389","75"
"html-keyboard-response","352","628398","0.0-12.0-2.8","60fdb99f392d7600a5d42c1f","bdp_trlrn","Thu Jul 28 2022 09:00:12 GMT-0700 (Pacific Daylight Time)","791547","Untrustworthy,Trustworthy","","null","","","","decisionFB","","<div class='trialDiv'><img src='trustrating_stim/white_mw089.bmp'><br><font class='baseline'><strong>Ryan</strong><p>Choose number of points to send.</font><div class='respPicDiv'><img src='img/responseButtonOffersNo0L3.png' class='respPic'></div></div>","null","","3","Ryan","8","Kept","0.35,0.8","10","0.35","trustrating_stim/white_mw089.bmp","5","386","75"
"html-keyboard-response","353","629401","0.0-12.0-3.8","60fdb99f392d7600a5d42c1f","bdp_trlrn","Thu Jul 28 2022 09:00:12 GMT-0700 (Pacific Daylight Time)","791547","Untrustworthy,Trustworthy","","null","","","","feedback","","<div class='trialDiv'><img src='trustrating_stim/white_mw089.bmp'><br><font class='baseline'><strong>Ryan</strong><p>Received: <strong>12</strong></font> &nbsp; &nbsp; &nbsp; &nbsp; &nbsp; &nbsp;<font class='negOutcome'>Shared back: <strong>0</strong></font></font><div class='respPicDiv'><img src='img/responseButtonOffersNo0_wht.png' class='respPic'></div></div>","null","","3","Ryan","8","Kept","0.35,0.8","10","0.35","trustrating_stim/white_mw089.bmp","5","386","75"
"html-keyboard-response","354","630375","0.0-12.0-1.9","60fdb99f392d7600a5d42c1f","bdp_trlrn","Thu Jul 28 2022 09:00:12 GMT-0700 (Pacific Daylight Time)","791547","Untrustworthy,Trustworthy","","972","","","","decision","","<div class='trialDiv'><img src='trustrating_stim/white_00577_940928_fa_edt.bmp'><br><font class='baseline'><strong>Matthew</strong><p>Choose number of points to send.</font><div class='respPicDiv'><img src='img/responseButtonOffersNo0L.png' class='respPic'></div></div>","2","","4","Matthew","7","Kept","0.2,0.8","12","0.2","trustrating_stim/white_00577_940928_fa_edt.bmp","3","391","76"
"html-keyboard-response","355","630629","0.0-12.0-2.9","60fdb99f392d7600a5d42c1f","bdp_trlrn","Thu Jul 28 2022 09:00:12 GMT-0700 (Pacific Daylight Time)","791547","Untrustworthy,Trustworthy","","null","","","","decisionFB","","<div class='trialDiv'><img src='trustrating_stim/white_00577_940928_fa_edt.bmp'><br><font class='baseline'><strong>Matthew</strong><p>Choose number of points to send.</font><div class='respPicDiv'><img src='img/responseButtonOffersNo0L2.png' class='respPic'></div></div>","null","","4","Matthew","7","Kept","0.2,0.8","12","0.2","trustrating_stim/white_00577_940928_fa_edt.bmp","3","389","76"
"html-keyboard-response","356","631632","0.0-12.0-3.9","60fdb99f392d7600a5d42c1f","bdp_trlrn","Thu Jul 28 2022 09:00:12 GMT-0700 (Pacific Daylight Time)","791547","Untrustworthy,Trustworthy","","null","","","","feedback","","<div class='trialDiv'><img src='trustrating_stim/white_00577_940928_fa_edt.bmp'><br><font class='baseline'><strong>Matthew</strong><p>Received: <strong>8</strong></font> &nbsp; &nbsp; &nbsp; &nbsp; &nbsp; &nbsp;<font class='negOutcome'>Shared back: <strong>0</strong></font></font><div class='respPicDiv'><img src='img/responseButtonOffersNo0_wht.png' class='respPic'></div></div>","null","","4","Matthew","7","Kept","0.2,0.8","12","0.2","trustrating_stim/white_00577_940928_fa_edt.bmp","3","389","76"
"html-keyboard-response","357","633667","0.0-12.0-1.10","60fdb99f392d7600a5d42c1f","bdp_trlrn","Thu Jul 28 2022 09:00:12 GMT-0700 (Pacific Daylight Time)","791547","Untrustworthy,Trustworthy","","2032","","","","decision","","<div class='trialDiv'><img src='trustrating_stim/white_00757_941201_fa_edt.bmp'><br><font class='baseline'><strong>Benjamin</strong><p>Choose number of points to send.</font><div class='respPicDiv'><img src='img/responseButtonOffersNo0L.png' class='respPic'></div></div>","5","","4","Benjamin","3","Shared","0.65,0.2","14","0.65","trustrating_stim/white_00757_941201_fa_edt.bmp","1","394","77"
"html-keyboard-response","358","633920","0.0-12.0-2.10","60fdb99f392d7600a5d42c1f","bdp_trlrn","Thu Jul 28 2022 09:00:12 GMT-0700 (Pacific Daylight Time)","791547","Untrustworthy,Trustworthy","","null","","","","decisionFB","","<div class='trialDiv'><img src='trustrating_stim/white_00757_941201_fa_edt.bmp'><br><font class='baseline'><strong>Benjamin</strong><p>Choose number of points to send.</font><div class='respPicDiv'><img src='img/responseButtonOffersNo0L5.png' class='respPic'></div></div>","null","","4","Benjamin","3","Shared","0.65,0.2","14","0.65","trustrating_stim/white_00757_941201_fa_edt.bmp","1","389","77"
"html-keyboard-response","359","634923","0.0-12.0-3.10","60fdb99f392d7600a5d42c1f","bdp_trlrn","Thu Jul 28 2022 09:00:12 GMT-0700 (Pacific Daylight Time)","791547","Untrustworthy,Trustworthy","","null","","","","feedback","","<div class='trialDiv'><img src='trustrating_stim/white_00757_941201_fa_edt.bmp'><br><font class='baseline'><strong>Benjamin</strong><p>Received: <strong>20</strong></font> &nbsp; &nbsp; &nbsp; &nbsp; &nbsp; &nbsp;<font class='posOutcome'>Shared back: <strong>10</strong></font></font><div class='respPicDiv'><img src='img/responseButtonOffersNo0_wht.png' class='respPic'></div></div>","null","","4","Benjamin","3","Shared","0.65,0.2","14","0.65","trustrating_stim/white_00757_941201_fa_edt.bmp","1","399","77"
"html-keyboard-response","360","635495","0.0-12.0-1.11","60fdb99f392d7600a5d42c1f","bdp_trlrn","Thu Jul 28 2022 09:00:12 GMT-0700 (Pacific Daylight Time)","791547","Untrustworthy,Trustworthy","","570","","","","decision","","<div class='trialDiv'><img src='trustrating_stim/white_mw089.bmp'><br><font class='baseline'><strong>Ryan</strong><p>Choose number of points to send.</font><div class='respPicDiv'><img src='img/responseButtonOffersNo0L.png' class='respPic'></div></div>","1","","4","Ryan","8","Kept","0.35,0.8","10","0.35","trustrating_stim/white_mw089.bmp","5","404","78"
"html-keyboard-response","361","635749","0.0-12.0-2.11","60fdb99f392d7600a5d42c1f","bdp_trlrn","Thu Jul 28 2022 09:00:12 GMT-0700 (Pacific Daylight Time)","791547","Untrustworthy,Trustworthy","","null","","","","decisionFB","","<div class='trialDiv'><img src='trustrating_stim/white_mw089.bmp'><br><font class='baseline'><strong>Ryan</strong><p>Choose number of points to send.</font><div class='respPicDiv'><img src='img/responseButtonOffersNo0L1.png' class='respPic'></div></div>","null","","4","Ryan","8","Kept","0.35,0.8","10","0.35","trustrating_stim/white_mw089.bmp","5","403","78"
"html-keyboard-response","362","636752","0.0-12.0-3.11","60fdb99f392d7600a5d42c1f","bdp_trlrn","Thu Jul 28 2022 09:00:12 GMT-0700 (Pacific Daylight Time)","791547","Untrustworthy,Trustworthy","","null","","","","feedback","","<div class='trialDiv'><img src='trustrating_stim/white_mw089.bmp'><br><font class='baseline'><strong>Ryan</strong><p>Received: <strong>4</strong></font> &nbsp; &nbsp; &nbsp; &nbsp; &nbsp; &nbsp;<font class='negOutcome'>Shared back: <strong>0</strong></font></font><div class='respPicDiv'><img src='img/responseButtonOffersNo0_wht.png' class='respPic'></div></div>","null","","4","Ryan","8","Kept","0.35,0.8","10","0.35","trustrating_stim/white_mw089.bmp","5","403","78"
"html-keyboard-response","363","637095","0.0-12.0-1.12","60fdb99f392d7600a5d42c1f","bdp_trlrn","Thu Jul 28 2022 09:00:12 GMT-0700 (Pacific Daylight Time)","791547","Untrustworthy,Trustworthy","","341","","","","decision","","<div class='trialDiv'><img src='trustrating_stim/white_00757_941201_fa_edt.bmp'><br><font class='baseline'><strong>Benjamin</strong><p>Choose number of points to send.</font><div class='respPicDiv'><img src='img/responseButtonOffersNo0L.png' class='respPic'></div></div>","1","","5","Benjamin","3","Shared","0.65,0.2","14","0.65","trustrating_stim/white_00757_941201_fa_edt.bmp","1","408","79"
"html-keyboard-response","364","637348","0.0-12.0-2.12","60fdb99f392d7600a5d42c1f","bdp_trlrn","Thu Jul 28 2022 09:00:12 GMT-0700 (Pacific Daylight Time)","791547","Untrustworthy,Trustworthy","","null","","","","decisionFB","","<div class='trialDiv'><img src='trustrating_stim/white_00757_941201_fa_edt.bmp'><br><font class='baseline'><strong>Benjamin</strong><p>Choose number of points to send.</font><div class='respPicDiv'><img src='img/responseButtonOffersNo0L1.png' class='respPic'></div></div>","null","","5","Benjamin","3","Shared","0.65,0.2","14","0.65","trustrating_stim/white_00757_941201_fa_edt.bmp","1","407","79"
"html-keyboard-response","365","638351","0.0-12.0-3.12","60fdb99f392d7600a5d42c1f","bdp_trlrn","Thu Jul 28 2022 09:00:12 GMT-0700 (Pacific Daylight Time)","791547","Untrustworthy,Trustworthy","","null","","","","feedback","","<div class='trialDiv'><img src='trustrating_stim/white_00757_941201_fa_edt.bmp'><br><font class='baseline'><strong>Benjamin</strong><p>Received: <strong>4</strong></font> &nbsp; &nbsp; &nbsp; &nbsp; &nbsp; &nbsp;<font class='posOutcome'>Shared back: <strong>2</strong></font></font><div class='respPicDiv'><img src='img/responseButtonOffersNo0_wht.png' class='respPic'></div></div>","null","","5","Benjamin","3","Shared","0.65,0.2","14","0.65","trustrating_stim/white_00757_941201_fa_edt.bmp","1","409","79"
"html-keyboard-response","366","638887","0.0-12.0-1.13","60fdb99f392d7600a5d42c1f","bdp_trlrn","Thu Jul 28 2022 09:00:12 GMT-0700 (Pacific Daylight Time)","791547","Untrustworthy,Trustworthy","","534","","","","decision","","<div class='trialDiv'><img src='trustrating_stim/white_00577_940928_fa_edt.bmp'><br><font class='baseline'><strong>Matthew</strong><p>Choose number of points to send.</font><div class='respPicDiv'><img src='img/responseButtonOffersNo0L.png' class='respPic'></div></div>","1","","5","Matthew","7","Kept","0.2,0.8","12","0.2","trustrating_stim/white_00577_940928_fa_edt.bmp","3","414","80"
"html-keyboard-response","367","639139","0.0-12.0-2.13","60fdb99f392d7600a5d42c1f","bdp_trlrn","Thu Jul 28 2022 09:00:12 GMT-0700 (Pacific Daylight Time)","791547","Untrustworthy,Trustworthy","","null","","","","decisionFB","","<div class='trialDiv'><img src='trustrating_stim/white_00577_940928_fa_edt.bmp'><br><font class='baseline'><strong>Matthew</strong><p>Choose number of points to send.</font><div class='respPicDiv'><img src='img/responseButtonOffersNo0L1.png' class='respPic'></div></div>","null","","5","Matthew","7","Kept","0.2,0.8","12","0.2","trustrating_stim/white_00577_940928_fa_edt.bmp","3","413","80"
"html-keyboard-response","368","640142","0.0-12.0-3.13","60fdb99f392d7600a5d42c1f","bdp_trlrn","Thu Jul 28 2022 09:00:12 GMT-0700 (Pacific Daylight Time)","791547","Untrustworthy,Trustworthy","","null","","","","feedback","","<div class='trialDiv'><img src='trustrating_stim/white_00577_940928_fa_edt.bmp'><br><font class='baseline'><strong>Matthew</strong><p>Received: <strong>4</strong></font> &nbsp; &nbsp; &nbsp; &nbsp; &nbsp; &nbsp;<font class='negOutcome'>Shared back: <strong>0</strong></font></font><div class='respPicDiv'><img src='img/responseButtonOffersNo0_wht.png' class='respPic'></div></div>","null","","5","Matthew","7","Kept","0.2,0.8","12","0.2","trustrating_stim/white_00577_940928_fa_edt.bmp","3","413","80"
"html-keyboard-response","369","640590","0.0-12.0-1.14","60fdb99f392d7600a5d42c1f","bdp_trlrn","Thu Jul 28 2022 09:00:12 GMT-0700 (Pacific Daylight Time)","791547","Untrustworthy,Trustworthy","","445","","","","decision","","<div class='trialDiv'><img src='trustrating_stim/white_mw089.bmp'><br><font class='baseline'><strong>Ryan</strong><p>Choose number of points to send.</font><div class='respPicDiv'><img src='img/responseButtonOffersNo0L.png' class='respPic'></div></div>","3","","5","Ryan","8","Shared","0.35,0.8","10","0.35","trustrating_stim/white_mw089.bmp","5","418","81"
"html-keyboard-response","370","640843","0.0-12.0-2.14","60fdb99f392d7600a5d42c1f","bdp_trlrn","Thu Jul 28 2022 09:00:12 GMT-0700 (Pacific Daylight Time)","791547","Untrustworthy,Trustworthy","","null","","","","decisionFB","","<div class='trialDiv'><img src='trustrating_stim/white_mw089.bmp'><br><font class='baseline'><strong>Ryan</strong><p>Choose number of points to send.</font><div class='respPicDiv'><img src='img/responseButtonOffersNo0L3.png' class='respPic'></div></div>","null","","5","Ryan","8","Shared","0.35,0.8","10","0.35","trustrating_stim/white_mw089.bmp","5","415","81"
"html-keyboard-response","371","641847","0.0-12.0-3.14","60fdb99f392d7600a5d42c1f","bdp_trlrn","Thu Jul 28 2022 09:00:12 GMT-0700 (Pacific Daylight Time)","791547","Untrustworthy,Trustworthy","","null","","","","feedback","","<div class='trialDiv'><img src='trustrating_stim/white_mw089.bmp'><br><font class='baseline'><strong>Ryan</strong><p>Received: <strong>12</strong></font> &nbsp; &nbsp; &nbsp; &nbsp; &nbsp; &nbsp;<font class='posOutcome'>Shared back: <strong>6</strong></font></font><div class='respPicDiv'><img src='img/responseButtonOffersNo0_wht.png' class='respPic'></div></div>","null","","5","Ryan","8","Shared","0.35,0.8","10","0.35","trustrating_stim/white_mw089.bmp","5","421","81"
"html-keyboard-response","372","642366","0.0-12.0-1.15","60fdb99f392d7600a5d42c1f","bdp_trlrn","Thu Jul 28 2022 09:00:12 GMT-0700 (Pacific Daylight Time)","791547","Untrustworthy,Trustworthy","","517","","","","decision","","<div class='trialDiv'><img src='trustrating_stim/white_00577_940928_fa_edt.bmp'><br><font class='baseline'><strong>Matthew</strong><p>Choose number of points to send.</font><div class='respPicDiv'><img src='img/responseButtonOffersNo0L.png' class='respPic'></div></div>","4","","6","Matthew","7","Kept","0.2,0.8","12","0.2","trustrating_stim/white_00577_940928_fa_edt.bmp","3","426","82"
"html-keyboard-response","373","642619","0.0-12.0-2.15","60fdb99f392d7600a5d42c1f","bdp_trlrn","Thu Jul 28 2022 09:00:12 GMT-0700 (Pacific Daylight Time)","791547","Untrustworthy,Trustworthy","","null","","","","decisionFB","","<div class='trialDiv'><img src='trustrating_stim/white_00577_940928_fa_edt.bmp'><br><font class='baseline'><strong>Matthew</strong><p>Choose number of points to send.</font><div class='respPicDiv'><img src='img/responseButtonOffersNo0L4.png' class='respPic'></div></div>","null","","6","Matthew","7","Kept","0.2,0.8","12","0.2","trustrating_stim/white_00577_940928_fa_edt.bmp","3","422","82"
"html-keyboard-response","374","643621","0.0-12.0-3.15","60fdb99f392d7600a5d42c1f","bdp_trlrn","Thu Jul 28 2022 09:00:12 GMT-0700 (Pacific Daylight Time)","791547","Untrustworthy,Trustworthy","","null","","","","feedback","","<div class='trialDiv'><img src='trustrating_stim/white_00577_940928_fa_edt.bmp'><br><font class='baseline'><strong>Matthew</strong><p>Received: <strong>16</strong></font> &nbsp; &nbsp; &nbsp; &nbsp; &nbsp; &nbsp;<font class='negOutcome'>Shared back: <strong>0</strong></font></font><div class='respPicDiv'><img src='img/responseButtonOffersNo0_wht.png' class='respPic'></div></div>","null","","6","Matthew","7","Kept","0.2,0.8","12","0.2","trustrating_stim/white_00577_940928_fa_edt.bmp","3","422","82"
"html-keyboard-response","375","643956","0.0-12.0-1.16","60fdb99f392d7600a5d42c1f","bdp_trlrn","Thu Jul 28 2022 09:00:12 GMT-0700 (Pacific Daylight Time)","791547","Untrustworthy,Trustworthy","","330","","","","decision","","<div class='trialDiv'><img src='trustrating_stim/white_00757_941201_fa_edt.bmp'><br><font class='baseline'><strong>Benjamin</strong><p>Choose number of points to send.</font><div class='respPicDiv'><img src='img/responseButtonOffersNo0L.png' class='respPic'></div></div>","3","","6","Benjamin","3","Shared","0.65,0.2","14","0.65","trustrating_stim/white_00757_941201_fa_edt.bmp","1","427","83"
"html-keyboard-response","376","644209","0.0-12.0-2.16","60fdb99f392d7600a5d42c1f","bdp_trlrn","Thu Jul 28 2022 09:00:12 GMT-0700 (Pacific Daylight Time)","791547","Untrustworthy,Trustworthy","","null","","","","decisionFB","","<div class='trialDiv'><img src='trustrating_stim/white_00757_941201_fa_edt.bmp'><br><font class='baseline'><strong>Benjamin</strong><p>Choose number of points to send.</font><div class='respPicDiv'><img src='img/responseButtonOffersNo0L3.png' class='respPic'></div></div>","null","","6","Benjamin","3","Shared","0.65,0.2","14","0.65","trustrating_stim/white_00757_941201_fa_edt.bmp","1","424","83"
"html-keyboard-response","377","645212","0.0-12.0-3.16","60fdb99f392d7600a5d42c1f","bdp_trlrn","Thu Jul 28 2022 09:00:12 GMT-0700 (Pacific Daylight Time)","791547","Untrustworthy,Trustworthy","","null","","","","feedback","","<div class='trialDiv'><img src='trustrating_stim/white_00757_941201_fa_edt.bmp'><br><font class='baseline'><strong>Benjamin</strong><p>Received: <strong>12</strong></font> &nbsp; &nbsp; &nbsp; &nbsp; &nbsp; &nbsp;<font class='posOutcome'>Shared back: <strong>6</strong></font></font><div class='respPicDiv'><img src='img/responseButtonOffersNo0_wht.png' class='respPic'></div></div>","null","","6","Benjamin","3","Shared","0.65,0.2","14","0.65","trustrating_stim/white_00757_941201_fa_edt.bmp","1","430","83"
"html-keyboard-response","378","645315","0.0-12.0-1.17","60fdb99f392d7600a5d42c1f","bdp_trlrn","Thu Jul 28 2022 09:00:12 GMT-0700 (Pacific Daylight Time)","791547","Untrustworthy,Trustworthy","","101","","","","decision","","<div class='trialDiv'><img src='trustrating_stim/white_mw089.bmp'><br><font class='baseline'><strong>Ryan</strong><p>Choose number of points to send.</font><div class='respPicDiv'><img src='img/responseButtonOffersNo0L.png' class='respPic'></div></div>","3","","6","Ryan","8","Kept","0.35,0.8","10","0.35","trustrating_stim/white_mw089.bmp","5","435","84"
"html-keyboard-response","379","645569","0.0-12.0-2.17","60fdb99f392d7600a5d42c1f","bdp_trlrn","Thu Jul 28 2022 09:00:12 GMT-0700 (Pacific Daylight Time)","791547","Untrustworthy,Trustworthy","","null","","","","decisionFB","","<div class='trialDiv'><img src='trustrating_stim/white_mw089.bmp'><br><font class='baseline'><strong>Ryan</strong><p>Choose number of points to send.</font><div class='respPicDiv'><img src='img/responseButtonOffersNo0L3.png' class='respPic'></div></div>","null","","6","Ryan","8","Kept","0.35,0.8","10","0.35","trustrating_stim/white_mw089.bmp","5","432","84"
"html-keyboard-response","380","646572","0.0-12.0-3.17","60fdb99f392d7600a5d42c1f","bdp_trlrn","Thu Jul 28 2022 09:00:12 GMT-0700 (Pacific Daylight Time)","791547","Untrustworthy,Trustworthy","","null","","","","feedback","","<div class='trialDiv'><img src='trustrating_stim/white_mw089.bmp'><br><font class='baseline'><strong>Ryan</strong><p>Received: <strong>12</strong></font> &nbsp; &nbsp; &nbsp; &nbsp; &nbsp; &nbsp;<font class='negOutcome'>Shared back: <strong>0</strong></font></font><div class='respPicDiv'><img src='img/responseButtonOffersNo0_wht.png' class='respPic'></div></div>","null","","6","Ryan","8","Kept","0.35,0.8","10","0.35","trustrating_stim/white_mw089.bmp","5","432","84"
"html-keyboard-response","381","646777","0.0-12.0-1.18","60fdb99f392d7600a5d42c1f","bdp_trlrn","Thu Jul 28 2022 09:00:12 GMT-0700 (Pacific Daylight Time)","791547","Untrustworthy,Trustworthy","","203","","","","decision","","<div class='trialDiv'><img src='trustrating_stim/white_00577_940928_fa_edt.bmp'><br><font class='baseline'><strong>Matthew</strong><p>Choose number of points to send.</font><div class='respPicDiv'><img src='img/responseButtonOffersNo0L.png' class='respPic'></div></div>","3","","7","Matthew","7","Kept","0.2,0.8","12","0.2","trustrating_stim/white_00577_940928_fa_edt.bmp","3","437","85"
"html-keyboard-response","382","647029","0.0-12.0-2.18","60fdb99f392d7600a5d42c1f","bdp_trlrn","Thu Jul 28 2022 09:00:12 GMT-0700 (Pacific Daylight Time)","791547","Untrustworthy,Trustworthy","","null","","","","decisionFB","","<div class='trialDiv'><img src='trustrating_stim/white_00577_940928_fa_edt.bmp'><br><font class='baseline'><strong>Matthew</strong><p>Choose number of points to send.</font><div class='respPicDiv'><img src='img/responseButtonOffersNo0L3.png' class='respPic'></div></div>","null","","7","Matthew","7","Kept","0.2,0.8","12","0.2","trustrating_stim/white_00577_940928_fa_edt.bmp","3","434","85"
"html-keyboard-response","383","648032","0.0-12.0-3.18","60fdb99f392d7600a5d42c1f","bdp_trlrn","Thu Jul 28 2022 09:00:12 GMT-0700 (Pacific Daylight Time)","791547","Untrustworthy,Trustworthy","","null","","","","feedback","","<div class='trialDiv'><img src='trustrating_stim/white_00577_940928_fa_edt.bmp'><br><font class='baseline'><strong>Matthew</strong><p>Received: <strong>12</strong></font> &nbsp; &nbsp; &nbsp; &nbsp; &nbsp; &nbsp;<font class='negOutcome'>Shared back: <strong>0</strong></font></font><div class='respPicDiv'><img src='img/responseButtonOffersNo0_wht.png' class='respPic'></div></div>","null","","7","Matthew","7","Kept","0.2,0.8","12","0.2","trustrating_stim/white_00577_940928_fa_edt.bmp","3","434","85"
"html-keyboard-response","384","648697","0.0-12.0-1.19","60fdb99f392d7600a5d42c1f","bdp_trlrn","Thu Jul 28 2022 09:00:12 GMT-0700 (Pacific Daylight Time)","791547","Untrustworthy,Trustworthy","","663","","","","decision","","<div class='trialDiv'><img src='trustrating_stim/white_00757_941201_fa_edt.bmp'><br><font class='baseline'><strong>Benjamin</strong><p>Choose number of points to send.</font><div class='respPicDiv'><img src='img/responseButtonOffersNo0L.png' class='respPic'></div></div>","5","","7","Benjamin","3","Kept","0.65,0.2","14","0.65","trustrating_stim/white_00757_941201_fa_edt.bmp","1","439","86"
"html-keyboard-response","385","648950","0.0-12.0-2.19","60fdb99f392d7600a5d42c1f","bdp_trlrn","Thu Jul 28 2022 09:00:12 GMT-0700 (Pacific Daylight Time)","791547","Untrustworthy,Trustworthy","","null","","","","decisionFB","","<div class='trialDiv'><img src='trustrating_stim/white_00757_941201_fa_edt.bmp'><br><font class='baseline'><strong>Benjamin</strong><p>Choose number of points to send.</font><div class='respPicDiv'><img src='img/responseButtonOffersNo0L5.png' class='respPic'></div></div>","null","","7","Benjamin","3","Kept","0.65,0.2","14","0.65","trustrating_stim/white_00757_941201_fa_edt.bmp","1","434","86"
"html-keyboard-response","386","649953","0.0-12.0-3.19","60fdb99f392d7600a5d42c1f","bdp_trlrn","Thu Jul 28 2022 09:00:12 GMT-0700 (Pacific Daylight Time)","791547","Untrustworthy,Trustworthy","","null","","","","feedback","","<div class='trialDiv'><img src='trustrating_stim/white_00757_941201_fa_edt.bmp'><br><font class='baseline'><strong>Benjamin</strong><p>Received: <strong>20</strong></font> &nbsp; &nbsp; &nbsp; &nbsp; &nbsp; &nbsp;<font class='negOutcome'>Shared back: <strong>0</strong></font></font><div class='respPicDiv'><img src='img/responseButtonOffersNo0_wht.png' class='respPic'></div></div>","null","","7","Benjamin","3","Kept","0.65,0.2","14","0.65","trustrating_stim/white_00757_941201_fa_edt.bmp","1","434","86"
"html-keyboard-response","387","650067","0.0-12.0-1.20","60fdb99f392d7600a5d42c1f","bdp_trlrn","Thu Jul 28 2022 09:00:12 GMT-0700 (Pacific Daylight Time)","791547","Untrustworthy,Trustworthy","","112","","","","decision","","<div class='trialDiv'><img src='trustrating_stim/white_mw089.bmp'><br><font class='baseline'><strong>Ryan</strong><p>Choose number of points to send.</font><div class='respPicDiv'><img src='img/responseButtonOffersNo0L.png' class='respPic'></div></div>","3","","7","Ryan","8","Kept","0.35,0.8","10","0.35","trustrating_stim/white_mw089.bmp","5","439","87"
"html-keyboard-response","388","650320","0.0-12.0-2.20","60fdb99f392d7600a5d42c1f","bdp_trlrn","Thu Jul 28 2022 09:00:12 GMT-0700 (Pacific Daylight Time)","791547","Untrustworthy,Trustworthy","","null","","","","decisionFB","","<div class='trialDiv'><img src='trustrating_stim/white_mw089.bmp'><br><font class='baseline'><strong>Ryan</strong><p>Choose number of points to send.</font><div class='respPicDiv'><img src='img/responseButtonOffersNo0L3.png' class='respPic'></div></div>","null","","7","Ryan","8","Kept","0.35,0.8","10","0.35","trustrating_stim/white_mw089.bmp","5","436","87"
"html-keyboard-response","389","651324","0.0-12.0-3.20","60fdb99f392d7600a5d42c1f","bdp_trlrn","Thu Jul 28 2022 09:00:12 GMT-0700 (Pacific Daylight Time)","791547","Untrustworthy,Trustworthy","","null","","","","feedback","","<div class='trialDiv'><img src='trustrating_stim/white_mw089.bmp'><br><font class='baseline'><strong>Ryan</strong><p>Received: <strong>12</strong></font> &nbsp; &nbsp; &nbsp; &nbsp; &nbsp; &nbsp;<font class='negOutcome'>Shared back: <strong>0</strong></font></font><div class='respPicDiv'><img src='img/responseButtonOffersNo0_wht.png' class='respPic'></div></div>","null","","7","Ryan","8","Kept","0.35,0.8","10","0.35","trustrating_stim/white_mw089.bmp","5","436","87"
"html-keyboard-response","390","651769","0.0-12.0-1.21","60fdb99f392d7600a5d42c1f","bdp_trlrn","Thu Jul 28 2022 09:00:12 GMT-0700 (Pacific Daylight Time)","791547","Untrustworthy,Trustworthy","","443","","","","decision","","<div class='trialDiv'><img src='trustrating_stim/white_00757_941201_fa_edt.bmp'><br><font class='baseline'><strong>Benjamin</strong><p>Choose number of points to send.</font><div class='respPicDiv'><img src='img/responseButtonOffersNo0L.png' class='respPic'></div></div>","3","","8","Benjamin","3","Kept","0.65,0.2","14","0.65","trustrating_stim/white_00757_941201_fa_edt.bmp","1","441","88"
"html-keyboard-response","391","652022","0.0-12.0-2.21","60fdb99f392d7600a5d42c1f","bdp_trlrn","Thu Jul 28 2022 09:00:12 GMT-0700 (Pacific Daylight Time)","791547","Untrustworthy,Trustworthy","","null","","","","decisionFB","","<div class='trialDiv'><img src='trustrating_stim/white_00757_941201_fa_edt.bmp'><br><font class='baseline'><strong>Benjamin</strong><p>Choose number of points to send.</font><div class='respPicDiv'><img src='img/responseButtonOffersNo0L3.png' class='respPic'></div></div>","null","","8","Benjamin","3","Kept","0.65,0.2","14","0.65","trustrating_stim/white_00757_941201_fa_edt.bmp","1","438","88"
"html-keyboard-response","392","653025","0.0-12.0-3.21","60fdb99f392d7600a5d42c1f","bdp_trlrn","Thu Jul 28 2022 09:00:12 GMT-0700 (Pacific Daylight Time)","791547","Untrustworthy,Trustworthy","","null","","","","feedback","","<div class='trialDiv'><img src='trustrating_stim/white_00757_941201_fa_edt.bmp'><br><font class='baseline'><strong>Benjamin</strong><p>Received: <strong>12</strong></font> &nbsp; &nbsp; &nbsp; &nbsp; &nbsp; &nbsp;<font class='negOutcome'>Shared back: <strong>0</strong></font></font><div class='respPicDiv'><img src='img/responseButtonOffersNo0_wht.png' class='respPic'></div></div>","null","","8","Benjamin","3","Kept","0.65,0.2","14","0.65","trustrating_stim/white_00757_941201_fa_edt.bmp","1","438","88"
"html-keyboard-response","393","653326","0.0-12.0-1.22","60fdb99f392d7600a5d42c1f","bdp_trlrn","Thu Jul 28 2022 09:00:12 GMT-0700 (Pacific Daylight Time)","791547","Untrustworthy,Trustworthy","","299","","","","decision","","<div class='trialDiv'><img src='trustrating_stim/white_00577_940928_fa_edt.bmp'><br><font class='baseline'><strong>Matthew</strong><p>Choose number of points to send.</font><div class='respPicDiv'><img src='img/responseButtonOffersNo0L.png' class='respPic'></div></div>","2","","8","Matthew","7","Kept","0.2,0.8","12","0.2","trustrating_stim/white_00577_940928_fa_edt.bmp","3","443","89"
"html-keyboard-response","394","653581","0.0-12.0-2.22","60fdb99f392d7600a5d42c1f","bdp_trlrn","Thu Jul 28 2022 09:00:12 GMT-0700 (Pacific Daylight Time)","791547","Untrustworthy,Trustworthy","","null","","","","decisionFB","","<div class='trialDiv'><img src='trustrating_stim/white_00577_940928_fa_edt.bmp'><br><font class='baseline'><strong>Matthew</strong><p>Choose number of points to send.</font><div class='respPicDiv'><img src='img/responseButtonOffersNo0L2.png' class='respPic'></div></div>","null","","8","Matthew","7","Kept","0.2,0.8","12","0.2","trustrating_stim/white_00577_940928_fa_edt.bmp","3","441","89"
"html-keyboard-response","395","654584","0.0-12.0-3.22","60fdb99f392d7600a5d42c1f","bdp_trlrn","Thu Jul 28 2022 09:00:12 GMT-0700 (Pacific Daylight Time)","791547","Untrustworthy,Trustworthy","","null","","","","feedback","","<div class='trialDiv'><img src='trustrating_stim/white_00577_940928_fa_edt.bmp'><br><font class='baseline'><strong>Matthew</strong><p>Received: <strong>8</strong></font> &nbsp; &nbsp; &nbsp; &nbsp; &nbsp; &nbsp;<font class='negOutcome'>Shared back: <strong>0</strong></font></font><div class='respPicDiv'><img src='img/responseButtonOffersNo0_wht.png' class='respPic'></div></div>","null","","8","Matthew","7","Kept","0.2,0.8","12","0.2","trustrating_stim/white_00577_940928_fa_edt.bmp","3","441","89"
"html-keyboard-response","396","654831","0.0-12.0-1.23","60fdb99f392d7600a5d42c1f","bdp_trlrn","Thu Jul 28 2022 09:00:12 GMT-0700 (Pacific Daylight Time)","791547","Untrustworthy,Trustworthy","","244","","","","decision","","<div class='trialDiv'><img src='trustrating_stim/white_mw089.bmp'><br><font class='baseline'><strong>Ryan</strong><p>Choose number of points to send.</font><div class='respPicDiv'><img src='img/responseButtonOffersNo0L.png' class='respPic'></div></div>","1","","8","Ryan","8","Kept","0.35,0.8","10","0.35","trustrating_stim/white_mw089.bmp","5","446","90"
"html-keyboard-response","397","655084","0.0-12.0-2.23","60fdb99f392d7600a5d42c1f","bdp_trlrn","Thu Jul 28 2022 09:00:12 GMT-0700 (Pacific Daylight Time)","791547","Untrustworthy,Trustworthy","","null","","","","decisionFB","","<div class='trialDiv'><img src='trustrating_stim/white_mw089.bmp'><br><font class='baseline'><strong>Ryan</strong><p>Choose number of points to send.</font><div class='respPicDiv'><img src='img/responseButtonOffersNo0L1.png' class='respPic'></div></div>","null","","8","Ryan","8","Kept","0.35,0.8","10","0.35","trustrating_stim/white_mw089.bmp","5","445","90"
"html-keyboard-response","398","656087","0.0-12.0-3.23","60fdb99f392d7600a5d42c1f","bdp_trlrn","Thu Jul 28 2022 09:00:12 GMT-0700 (Pacific Daylight Time)","791547","Untrustworthy,Trustworthy","","null","","","","feedback","","<div class='trialDiv'><img src='trustrating_stim/white_mw089.bmp'><br><font class='baseline'><strong>Ryan</strong><p>Received: <strong>4</strong></font> &nbsp; &nbsp; &nbsp; &nbsp; &nbsp; &nbsp;<font class='negOutcome'>Shared back: <strong>0</strong></font></font><div class='respPicDiv'><img src='img/responseButtonOffersNo0_wht.png' class='respPic'></div></div>","null","","8","Ryan","8","Kept","0.35,0.8","10","0.35","trustrating_stim/white_mw089.bmp","5","445","90"
"html-keyboard-response","399","656367","0.0-12.0-1.24","60fdb99f392d7600a5d42c1f","bdp_trlrn","Thu Jul 28 2022 09:00:12 GMT-0700 (Pacific Daylight Time)","791547","Untrustworthy,Trustworthy","","277","","","","decision","","<div class='trialDiv'><img src='trustrating_stim/white_00577_940928_fa_edt.bmp'><br><font class='baseline'><strong>Matthew</strong><p>Choose number of points to send.</font><div class='respPicDiv'><img src='img/responseButtonOffersNo0L.png' class='respPic'></div></div>","1","","9","Matthew","7","Shared","0.2,0.8","12","0.2","trustrating_stim/white_00577_940928_fa_edt.bmp","3","450","91"
"html-keyboard-response","400","656619","0.0-12.0-2.24","60fdb99f392d7600a5d42c1f","bdp_trlrn","Thu Jul 28 2022 09:00:12 GMT-0700 (Pacific Daylight Time)","791547","Untrustworthy,Trustworthy","","null","","","","decisionFB","","<div class='trialDiv'><img src='trustrating_stim/white_00577_940928_fa_edt.bmp'><br><font class='baseline'><strong>Matthew</strong><p>Choose number of points to send.</font><div class='respPicDiv'><img src='img/responseButtonOffersNo0L1.png' class='respPic'></div></div>","null","","9","Matthew","7","Shared","0.2,0.8","12","0.2","trustrating_stim/white_00577_940928_fa_edt.bmp","3","449","91"
"html-keyboard-response","401","657622","0.0-12.0-3.24","60fdb99f392d7600a5d42c1f","bdp_trlrn","Thu Jul 28 2022 09:00:12 GMT-0700 (Pacific Daylight Time)","791547","Untrustworthy,Trustworthy","","null","","","","feedback","","<div class='trialDiv'><img src='trustrating_stim/white_00577_940928_fa_edt.bmp'><br><font class='baseline'><strong>Matthew</strong><p>Received: <strong>4</strong></font> &nbsp; &nbsp; &nbsp; &nbsp; &nbsp; &nbsp;<font class='posOutcome'>Shared back: <strong>2</strong></font></font><div class='respPicDiv'><img src='img/responseButtonOffersNo0_wht.png' class='respPic'></div></div>","null","","9","Matthew","7","Shared","0.2,0.8","12","0.2","trustrating_stim/white_00577_940928_fa_edt.bmp","3","451","91"
"html-keyboard-response","402","657870","0.0-12.0-1.25","60fdb99f392d7600a5d42c1f","bdp_trlrn","Thu Jul 28 2022 09:00:12 GMT-0700 (Pacific Daylight Time)","791547","Untrustworthy,Trustworthy","","245","","","","decision","","<div class='trialDiv'><img src='trustrating_stim/white_mw089.bmp'><br><font class='baseline'><strong>Ryan</strong><p>Choose number of points to send.</font><div class='respPicDiv'><img src='img/responseButtonOffersNo0L.png' class='respPic'></div></div>","1","","9","Ryan","8","Kept","0.35,0.8","10","0.35","trustrating_stim/white_mw089.bmp","5","456","92"
"html-keyboard-response","403","658123","0.0-12.0-2.25","60fdb99f392d7600a5d42c1f","bdp_trlrn","Thu Jul 28 2022 09:00:12 GMT-0700 (Pacific Daylight Time)","791547","Untrustworthy,Trustworthy","","null","","","","decisionFB","","<div class='trialDiv'><img src='trustrating_stim/white_mw089.bmp'><br><font class='baseline'><strong>Ryan</strong><p>Choose number of points to send.</font><div class='respPicDiv'><img src='img/responseButtonOffersNo0L1.png' class='respPic'></div></div>","null","","9","Ryan","8","Kept","0.35,0.8","10","0.35","trustrating_stim/white_mw089.bmp","5","455","92"
"html-keyboard-response","404","659128","0.0-12.0-3.25","60fdb99f392d7600a5d42c1f","bdp_trlrn","Thu Jul 28 2022 09:00:12 GMT-0700 (Pacific Daylight Time)","791547","Untrustworthy,Trustworthy","","null","","","","feedback","","<div class='trialDiv'><img src='trustrating_stim/white_mw089.bmp'><br><font class='baseline'><strong>Ryan</strong><p>Received: <strong>4</strong></font> &nbsp; &nbsp; &nbsp; &nbsp; &nbsp; &nbsp;<font class='negOutcome'>Shared back: <strong>0</strong></font></font><div class='respPicDiv'><img src='img/responseButtonOffersNo0_wht.png' class='respPic'></div></div>","null","","9","Ryan","8","Kept","0.35,0.8","10","0.35","trustrating_stim/white_mw089.bmp","5","455","92"
"html-keyboard-response","405","659219","0.0-12.0-1.26","60fdb99f392d7600a5d42c1f","bdp_trlrn","Thu Jul 28 2022 09:00:12 GMT-0700 (Pacific Daylight Time)","791547","Untrustworthy,Trustworthy","","89","","","","decision","","<div class='trialDiv'><img src='trustrating_stim/white_00757_941201_fa_edt.bmp'><br><font class='baseline'><strong>Benjamin</strong><p>Choose number of points to send.</font><div class='respPicDiv'><img src='img/responseButtonOffersNo0L.png' class='respPic'></div></div>","1","","9","Benjamin","3","Shared","0.65,0.2","14","0.65","trustrating_stim/white_00757_941201_fa_edt.bmp","1","460","93"
"html-keyboard-response","406","659472","0.0-12.0-2.26","60fdb99f392d7600a5d42c1f","bdp_trlrn","Thu Jul 28 2022 09:00:12 GMT-0700 (Pacific Daylight Time)","791547","Untrustworthy,Trustworthy","","null","","","","decisionFB","","<div class='trialDiv'><img src='trustrating_stim/white_00757_941201_fa_edt.bmp'><br><font class='baseline'><strong>Benjamin</strong><p>Choose number of points to send.</font><div class='respPicDiv'><img src='img/responseButtonOffersNo0L1.png' class='respPic'></div></div>","null","","9","Benjamin","3","Shared","0.65,0.2","14","0.65","trustrating_stim/white_00757_941201_fa_edt.bmp","1","459","93"
"html-keyboard-response","407","660474","0.0-12.0-3.26","60fdb99f392d7600a5d42c1f","bdp_trlrn","Thu Jul 28 2022 09:00:12 GMT-0700 (Pacific Daylight Time)","791547","Untrustworthy,Trustworthy","","null","","","","feedback","","<div class='trialDiv'><img src='trustrating_stim/white_00757_941201_fa_edt.bmp'><br><font class='baseline'><strong>Benjamin</strong><p>Received: <strong>4</strong></font> &nbsp; &nbsp; &nbsp; &nbsp; &nbsp; &nbsp;<font class='posOutcome'>Shared back: <strong>2</strong></font></font><div class='respPicDiv'><img src='img/responseButtonOffersNo0_wht.png' class='respPic'></div></div>","null","","9","Benjamin","3","Shared","0.65,0.2","14","0.65","trustrating_stim/white_00757_941201_fa_edt.bmp","1","461","93"
"html-keyboard-response","408","660970","0.0-12.0-1.27","60fdb99f392d7600a5d42c1f","bdp_trlrn","Thu Jul 28 2022 09:00:12 GMT-0700 (Pacific Daylight Time)","791547","Untrustworthy,Trustworthy","","494","","","","decision","","<div class='trialDiv'><img src='trustrating_stim/white_00577_940928_fa_edt.bmp'><br><font class='baseline'><strong>Matthew</strong><p>Choose number of points to send.</font><div class='respPicDiv'><img src='img/responseButtonOffersNo0L.png' class='respPic'></div></div>","1","","10","Matthew","7","Kept","0.2,0.8","12","0.2","trustrating_stim/white_00577_940928_fa_edt.bmp","3","466","94"
"html-keyboard-response","409","661224","0.0-12.0-2.27","60fdb99f392d7600a5d42c1f","bdp_trlrn","Thu Jul 28 2022 09:00:12 GMT-0700 (Pacific Daylight Time)","791547","Untrustworthy,Trustworthy","","null","","","","decisionFB","","<div class='trialDiv'><img src='trustrating_stim/white_00577_940928_fa_edt.bmp'><br><font class='baseline'><strong>Matthew</strong><p>Choose number of points to send.</font><div class='respPicDiv'><img src='img/responseButtonOffersNo0L1.png' class='respPic'></div></div>","null","","10","Matthew","7","Kept","0.2,0.8","12","0.2","trustrating_stim/white_00577_940928_fa_edt.bmp","3","465","94"
"html-keyboard-response","410","662226","0.0-12.0-3.27","60fdb99f392d7600a5d42c1f","bdp_trlrn","Thu Jul 28 2022 09:00:12 GMT-0700 (Pacific Daylight Time)","791547","Untrustworthy,Trustworthy","","null","","","","feedback","","<div class='trialDiv'><img src='trustrating_stim/white_00577_940928_fa_edt.bmp'><br><font class='baseline'><strong>Matthew</strong><p>Received: <strong>4</strong></font> &nbsp; &nbsp; &nbsp; &nbsp; &nbsp; &nbsp;<font class='negOutcome'>Shared back: <strong>0</strong></font></font><div class='respPicDiv'><img src='img/responseButtonOffersNo0_wht.png' class='respPic'></div></div>","null","","10","Matthew","7","Kept","0.2,0.8","12","0.2","trustrating_stim/white_00577_940928_fa_edt.bmp","3","465","94"
"html-keyboard-response","411","663347","0.0-12.0-1.28","60fdb99f392d7600a5d42c1f","bdp_trlrn","Thu Jul 28 2022 09:00:12 GMT-0700 (Pacific Daylight Time)","791547","Untrustworthy,Trustworthy","","1119","","","","decision","","<div class='trialDiv'><img src='trustrating_stim/white_00757_941201_fa_edt.bmp'><br><font class='baseline'><strong>Benjamin</strong><p>Choose number of points to send.</font><div class='respPicDiv'><img src='img/responseButtonOffersNo0L.png' class='respPic'></div></div>","5","","10","Benjamin","3","Kept","0.65,0.2","14","0.65","trustrating_stim/white_00757_941201_fa_edt.bmp","1","470","95"
"html-keyboard-response","412","663601","0.0-12.0-2.28","60fdb99f392d7600a5d42c1f","bdp_trlrn","Thu Jul 28 2022 09:00:12 GMT-0700 (Pacific Daylight Time)","791547","Untrustworthy,Trustworthy","","null","","","","decisionFB","","<div class='trialDiv'><img src='trustrating_stim/white_00757_941201_fa_edt.bmp'><br><font class='baseline'><strong>Benjamin</strong><p>Choose number of points to send.</font><div class='respPicDiv'><img src='img/responseButtonOffersNo0L5.png' class='respPic'></div></div>","null","","10","Benjamin","3","Kept","0.65,0.2","14","0.65","trustrating_stim/white_00757_941201_fa_edt.bmp","1","465","95"
"html-keyboard-response","413","664603","0.0-12.0-3.28","60fdb99f392d7600a5d42c1f","bdp_trlrn","Thu Jul 28 2022 09:00:12 GMT-0700 (Pacific Daylight Time)","791547","Untrustworthy,Trustworthy","","null","","","","feedback","","<div class='trialDiv'><img src='trustrating_stim/white_00757_941201_fa_edt.bmp'><br><font class='baseline'><strong>Benjamin</strong><p>Received: <strong>20</strong></font> &nbsp; &nbsp; &nbsp; &nbsp; &nbsp; &nbsp;<font class='negOutcome'>Shared back: <strong>0</strong></font></font><div class='respPicDiv'><img src='img/responseButtonOffersNo0_wht.png' class='respPic'></div></div>","null","","10","Benjamin","3","Kept","0.65,0.2","14","0.65","trustrating_stim/white_00757_941201_fa_edt.bmp","1","465","95"
"html-keyboard-response","414","664723","0.0-12.0-1.29","60fdb99f392d7600a5d42c1f","bdp_trlrn","Thu Jul 28 2022 09:00:12 GMT-0700 (Pacific Daylight Time)","791547","Untrustworthy,Trustworthy","","118","","","","decision","","<div class='trialDiv'><img src='trustrating_stim/white_mw089.bmp'><br><font class='baseline'><strong>Ryan</strong><p>Choose number of points to send.</font><div class='respPicDiv'><img src='img/responseButtonOffersNo0L.png' class='respPic'></div></div>","1","","10","Ryan","8","Shared","0.35,0.8","10","0.35","trustrating_stim/white_mw089.bmp","5","470","96"
"html-keyboard-response","415","664976","0.0-12.0-2.29","60fdb99f392d7600a5d42c1f","bdp_trlrn","Thu Jul 28 2022 09:00:12 GMT-0700 (Pacific Daylight Time)","791547","Untrustworthy,Trustworthy","","null","","","","decisionFB","","<div class='trialDiv'><img src='trustrating_stim/white_mw089.bmp'><br><font class='baseline'><strong>Ryan</strong><p>Choose number of points to send.</font><div class='respPicDiv'><img src='img/responseButtonOffersNo0L1.png' class='respPic'></div></div>","null","","10","Ryan","8","Shared","0.35,0.8","10","0.35","trustrating_stim/white_mw089.bmp","5","469","96"
"html-keyboard-response","416","665979","0.0-12.0-3.29","60fdb99f392d7600a5d42c1f","bdp_trlrn","Thu Jul 28 2022 09:00:12 GMT-0700 (Pacific Daylight Time)","791547","Untrustworthy,Trustworthy","","null","","","","feedback","","<div class='trialDiv'><img src='trustrating_stim/white_mw089.bmp'><br><font class='baseline'><strong>Ryan</strong><p>Received: <strong>4</strong></font> &nbsp; &nbsp; &nbsp; &nbsp; &nbsp; &nbsp;<font class='posOutcome'>Shared back: <strong>2</strong></font></font><div class='respPicDiv'><img src='img/responseButtonOffersNo0_wht.png' class='respPic'></div></div>","null","","10","Ryan","8","Shared","0.35,0.8","10","0.35","trustrating_stim/white_mw089.bmp","5","471","96"
"html-keyboard-response","417","666000","0.0-12.0-1.30","60fdb99f392d7600a5d42c1f","bdp_trlrn","Thu Jul 28 2022 09:00:12 GMT-0700 (Pacific Daylight Time)","791547","Untrustworthy,Trustworthy","","18","","","","decision","","<div class='trialDiv'><img src='trustrating_stim/white_00757_941201_fa_edt.bmp'><br><font class='baseline'><strong>Benjamin</strong><p>Choose number of points to send.</font><div class='respPicDiv'><img src='img/responseButtonOffersNo0L.png' class='respPic'></div></div>","1","","11","Benjamin","3","Shared","0.65,0.2","14","0.65","trustrating_stim/white_00757_941201_fa_edt.bmp","1","476","97"
"html-keyboard-response","418","666253","0.0-12.0-2.30","60fdb99f392d7600a5d42c1f","bdp_trlrn","Thu Jul 28 2022 09:00:12 GMT-0700 (Pacific Daylight Time)","791547","Untrustworthy,Trustworthy","","null","","","","decisionFB","","<div class='trialDiv'><img src='trustrating_stim/white_00757_941201_fa_edt.bmp'><br><font class='baseline'><strong>Benjamin</strong><p>Choose number of points to send.</font><div class='respPicDiv'><img src='img/responseButtonOffersNo0L1.png' class='respPic'></div></div>","null","","11","Benjamin","3","Shared","0.65,0.2","14","0.65","trustrating_stim/white_00757_941201_fa_edt.bmp","1","475","97"
"html-keyboard-response","419","667255","0.0-12.0-3.30","60fdb99f392d7600a5d42c1f","bdp_trlrn","Thu Jul 28 2022 09:00:12 GMT-0700 (Pacific Daylight Time)","791547","Untrustworthy,Trustworthy","","null","","","","feedback","","<div class='trialDiv'><img src='trustrating_stim/white_00757_941201_fa_edt.bmp'><br><font class='baseline'><strong>Benjamin</strong><p>Received: <strong>4</strong></font> &nbsp; &nbsp; &nbsp; &nbsp; &nbsp; &nbsp;<font class='posOutcome'>Shared back: <strong>2</strong></font></font><div class='respPicDiv'><img src='img/responseButtonOffersNo0_wht.png' class='respPic'></div></div>","null","","11","Benjamin","3","Shared","0.65,0.2","14","0.65","trustrating_stim/white_00757_941201_fa_edt.bmp","1","477","97"
"html-keyboard-response","420","667333","0.0-12.0-1.31","60fdb99f392d7600a5d42c1f","bdp_trlrn","Thu Jul 28 2022 09:00:12 GMT-0700 (Pacific Daylight Time)","791547","Untrustworthy,Trustworthy","","75","","","","decision","","<div class='trialDiv'><img src='trustrating_stim/white_mw089.bmp'><br><font class='baseline'><strong>Ryan</strong><p>Choose number of points to send.</font><div class='respPicDiv'><img src='img/responseButtonOffersNo0L.png' class='respPic'></div></div>","1","","11","Ryan","8","Kept","0.35,0.8","10","0.35","trustrating_stim/white_mw089.bmp","5","482","98"
"html-keyboard-response","421","667585","0.0-12.0-2.31","60fdb99f392d7600a5d42c1f","bdp_trlrn","Thu Jul 28 2022 09:00:12 GMT-0700 (Pacific Daylight Time)","791547","Untrustworthy,Trustworthy","","null","","","","decisionFB","","<div class='trialDiv'><img src='trustrating_stim/white_mw089.bmp'><br><font class='baseline'><strong>Ryan</strong><p>Choose number of points to send.</font><div class='respPicDiv'><img src='img/responseButtonOffersNo0L1.png' class='respPic'></div></div>","null","","11","Ryan","8","Kept","0.35,0.8","10","0.35","trustrating_stim/white_mw089.bmp","5","481","98"
"html-keyboard-response","422","668589","0.0-12.0-3.31","60fdb99f392d7600a5d42c1f","bdp_trlrn","Thu Jul 28 2022 09:00:12 GMT-0700 (Pacific Daylight Time)","791547","Untrustworthy,Trustworthy","","null","","","","feedback","","<div class='trialDiv'><img src='trustrating_stim/white_mw089.bmp'><br><font class='baseline'><strong>Ryan</strong><p>Received: <strong>4</strong></font> &nbsp; &nbsp; &nbsp; &nbsp; &nbsp; &nbsp;<font class='negOutcome'>Shared back: <strong>0</strong></font></font><div class='respPicDiv'><img src='img/responseButtonOffersNo0_wht.png' class='respPic'></div></div>","null","","11","Ryan","8","Kept","0.35,0.8","10","0.35","trustrating_stim/white_mw089.bmp","5","481","98"
"html-keyboard-response","423","668905","0.0-12.0-1.32","60fdb99f392d7600a5d42c1f","bdp_trlrn","Thu Jul 28 2022 09:00:12 GMT-0700 (Pacific Daylight Time)","791547","Untrustworthy,Trustworthy","","312","","","","decision","","<div class='trialDiv'><img src='trustrating_stim/white_00577_940928_fa_edt.bmp'><br><font class='baseline'><strong>Matthew</strong><p>Choose number of points to send.</font><div class='respPicDiv'><img src='img/responseButtonOffersNo0L.png' class='respPic'></div></div>","1","","11","Matthew","7","Kept","0.2,0.8","12","0.2","trustrating_stim/white_00577_940928_fa_edt.bmp","3","486","99"
"html-keyboard-response","424","669158","0.0-12.0-2.32","60fdb99f392d7600a5d42c1f","bdp_trlrn","Thu Jul 28 2022 09:00:12 GMT-0700 (Pacific Daylight Time)","791547","Untrustworthy,Trustworthy","","null","","","","decisionFB","","<div class='trialDiv'><img src='trustrating_stim/white_00577_940928_fa_edt.bmp'><br><font class='baseline'><strong>Matthew</strong><p>Choose number of points to send.</font><div class='respPicDiv'><img src='img/responseButtonOffersNo0L1.png' class='respPic'></div></div>","null","","11","Matthew","7","Kept","0.2,0.8","12","0.2","trustrating_stim/white_00577_940928_fa_edt.bmp","3","485","99"
"html-keyboard-response","425","670161","0.0-12.0-3.32","60fdb99f392d7600a5d42c1f","bdp_trlrn","Thu Jul 28 2022 09:00:12 GMT-0700 (Pacific Daylight Time)","791547","Untrustworthy,Trustworthy","","null","","","","feedback","","<div class='trialDiv'><img src='trustrating_stim/white_00577_940928_fa_edt.bmp'><br><font class='baseline'><strong>Matthew</strong><p>Received: <strong>4</strong></font> &nbsp; &nbsp; &nbsp; &nbsp; &nbsp; &nbsp;<font class='negOutcome'>Shared back: <strong>0</strong></font></font><div class='respPicDiv'><img src='img/responseButtonOffersNo0_wht.png' class='respPic'></div></div>","null","","11","Matthew","7","Kept","0.2,0.8","12","0.2","trustrating_stim/white_00577_940928_fa_edt.bmp","3","485","99"
"html-keyboard-response","426","670775","0.0-12.0-1.33","60fdb99f392d7600a5d42c1f","bdp_trlrn","Thu Jul 28 2022 09:00:12 GMT-0700 (Pacific Daylight Time)","791547","Untrustworthy,Trustworthy","","612","","","","decision","","<div class='trialDiv'><img src='trustrating_stim/white_mw089.bmp'><br><font class='baseline'><strong>Ryan</strong><p>Choose number of points to send.</font><div class='respPicDiv'><img src='img/responseButtonOffersNo0L.png' class='respPic'></div></div>","1","","12","Ryan","8","Shared","0.35,0.8","10","0.35","trustrating_stim/white_mw089.bmp","5","490","100"
"html-keyboard-response","427","671028","0.0-12.0-2.33","60fdb99f392d7600a5d42c1f","bdp_trlrn","Thu Jul 28 2022 09:00:12 GMT-0700 (Pacific Daylight Time)","791547","Untrustworthy,Trustworthy","","null","","","","decisionFB","","<div class='trialDiv'><img src='trustrating_stim/white_mw089.bmp'><br><font class='baseline'><strong>Ryan</strong><p>Choose number of points to send.</font><div class='respPicDiv'><img src='img/responseButtonOffersNo0L1.png' class='respPic'></div></div>","null","","12","Ryan","8","Shared","0.35,0.8","10","0.35","trustrating_stim/white_mw089.bmp","5","489","100"
"html-keyboard-response","428","672030","0.0-12.0-3.33","60fdb99f392d7600a5d42c1f","bdp_trlrn","Thu Jul 28 2022 09:00:12 GMT-0700 (Pacific Daylight Time)","791547","Untrustworthy,Trustworthy","","null","","","","feedback","","<div class='trialDiv'><img src='trustrating_stim/white_mw089.bmp'><br><font class='baseline'><strong>Ryan</strong><p>Received: <strong>4</strong></font> &nbsp; &nbsp; &nbsp; &nbsp; &nbsp; &nbsp;<font class='posOutcome'>Shared back: <strong>2</strong></font></font><div class='respPicDiv'><img src='img/responseButtonOffersNo0_wht.png' class='respPic'></div></div>","null","","12","Ryan","8","Shared","0.35,0.8","10","0.35","trustrating_stim/white_mw089.bmp","5","491","100"
"html-keyboard-response","429","672327","0.0-12.0-1.34","60fdb99f392d7600a5d42c1f","bdp_trlrn","Thu Jul 28 2022 09:00:12 GMT-0700 (Pacific Daylight Time)","791547","Untrustworthy,Trustworthy","","295","","","","decision","","<div class='trialDiv'><img src='trustrating_stim/white_00577_940928_fa_edt.bmp'><br><font class='baseline'><strong>Matthew</strong><p>Choose number of points to send.</font><div class='respPicDiv'><img src='img/responseButtonOffersNo0L.png' class='respPic'></div></div>","1","","12","Matthew","7","Shared","0.2,0.8","12","0.2","trustrating_stim/white_00577_940928_fa_edt.bmp","3","496","101"
"html-keyboard-response","430","672579","0.0-12.0-2.34","60fdb99f392d7600a5d42c1f","bdp_trlrn","Thu Jul 28 2022 09:00:12 GMT-0700 (Pacific Daylight Time)","791547","Untrustworthy,Trustworthy","","null","","","","decisionFB","","<div class='trialDiv'><img src='trustrating_stim/white_00577_940928_fa_edt.bmp'><br><font class='baseline'><strong>Matthew</strong><p>Choose number of points to send.</font><div class='respPicDiv'><img src='img/responseButtonOffersNo0L1.png' class='respPic'></div></div>","null","","12","Matthew","7","Shared","0.2,0.8","12","0.2","trustrating_stim/white_00577_940928_fa_edt.bmp","3","495","101"
"html-keyboard-response","431","673582","0.0-12.0-3.34","60fdb99f392d7600a5d42c1f","bdp_trlrn","Thu Jul 28 2022 09:00:12 GMT-0700 (Pacific Daylight Time)","791547","Untrustworthy,Trustworthy","","null","","","","feedback","","<div class='trialDiv'><img src='trustrating_stim/white_00577_940928_fa_edt.bmp'><br><font class='baseline'><strong>Matthew</strong><p>Received: <strong>4</strong></font> &nbsp; &nbsp; &nbsp; &nbsp; &nbsp; &nbsp;<font class='posOutcome'>Shared back: <strong>2</strong></font></font><div class='respPicDiv'><img src='img/responseButtonOffersNo0_wht.png' class='respPic'></div></div>","null","","12","Matthew","7","Shared","0.2,0.8","12","0.2","trustrating_stim/white_00577_940928_fa_edt.bmp","3","497","101"
"html-keyboard-response","432","673873","0.0-12.0-1.35","60fdb99f392d7600a5d42c1f","bdp_trlrn","Thu Jul 28 2022 09:00:12 GMT-0700 (Pacific Daylight Time)","791547","Untrustworthy,Trustworthy","","289","","","","decision","","<div class='trialDiv'><img src='trustrating_stim/white_00757_941201_fa_edt.bmp'><br><font class='baseline'><strong>Benjamin</strong><p>Choose number of points to send.</font><div class='respPicDiv'><img src='img/responseButtonOffersNo0L.png' class='respPic'></div></div>","1","","12","Benjamin","3","Kept","0.65,0.2","14","0.65","trustrating_stim/white_00757_941201_fa_edt.bmp","1","502","102"
"html-keyboard-response","433","674126","0.0-12.0-2.35","60fdb99f392d7600a5d42c1f","bdp_trlrn","Thu Jul 28 2022 09:00:12 GMT-0700 (Pacific Daylight Time)","791547","Untrustworthy,Trustworthy","","null","","","","decisionFB","","<div class='trialDiv'><img src='trustrating_stim/white_00757_941201_fa_edt.bmp'><br><font class='baseline'><strong>Benjamin</strong><p>Choose number of points to send.</font><div class='respPicDiv'><img src='img/responseButtonOffersNo0L1.png' class='respPic'></div></div>","null","","12","Benjamin","3","Kept","0.65,0.2","14","0.65","trustrating_stim/white_00757_941201_fa_edt.bmp","1","501","102"
"html-keyboard-response","434","675130","0.0-12.0-3.35","60fdb99f392d7600a5d42c1f","bdp_trlrn","Thu Jul 28 2022 09:00:12 GMT-0700 (Pacific Daylight Time)","791547","Untrustworthy,Trustworthy","","null","","","","feedback","","<div class='trialDiv'><img src='trustrating_stim/white_00757_941201_fa_edt.bmp'><br><font class='baseline'><strong>Benjamin</strong><p>Received: <strong>4</strong></font> &nbsp; &nbsp; &nbsp; &nbsp; &nbsp; &nbsp;<font class='negOutcome'>Shared back: <strong>0</strong></font></font><div class='respPicDiv'><img src='img/responseButtonOffersNo0_wht.png' class='respPic'></div></div>","null","","12","Benjamin","3","Kept","0.65,0.2","14","0.65","trustrating_stim/white_00757_941201_fa_edt.bmp","1","501","102"
"html-keyboard-response","435","675616","0.0-12.0-1.36","60fdb99f392d7600a5d42c1f","bdp_trlrn","Thu Jul 28 2022 09:00:12 GMT-0700 (Pacific Daylight Time)","791547","Untrustworthy,Trustworthy","","484","","","","decision","","<div class='trialDiv'><img src='trustrating_stim/white_00577_940928_fa_edt.bmp'><br><font class='baseline'><strong>Matthew</strong><p>Choose number of points to send.</font><div class='respPicDiv'><img src='img/responseButtonOffersNo0L.png' class='respPic'></div></div>","4","","13","Matthew","7","Shared","0.2,0.8","12","0.2","trustrating_stim/white_00577_940928_fa_edt.bmp","3","506","103"
"html-keyboard-response","436","675868","0.0-12.0-2.36","60fdb99f392d7600a5d42c1f","bdp_trlrn","Thu Jul 28 2022 09:00:12 GMT-0700 (Pacific Daylight Time)","791547","Untrustworthy,Trustworthy","","null","","","","decisionFB","","<div class='trialDiv'><img src='trustrating_stim/white_00577_940928_fa_edt.bmp'><br><font class='baseline'><strong>Matthew</strong><p>Choose number of points to send.</font><div class='respPicDiv'><img src='img/responseButtonOffersNo0L4.png' class='respPic'></div></div>","null","","13","Matthew","7","Shared","0.2,0.8","12","0.2","trustrating_stim/white_00577_940928_fa_edt.bmp","3","502","103"
"html-keyboard-response","437","676871","0.0-12.0-3.36","60fdb99f392d7600a5d42c1f","bdp_trlrn","Thu Jul 28 2022 09:00:12 GMT-0700 (Pacific Daylight Time)","791547","Untrustworthy,Trustworthy","","null","","","","feedback","","<div class='trialDiv'><img src='trustrating_stim/white_00577_940928_fa_edt.bmp'><br><font class='baseline'><strong>Matthew</strong><p>Received: <strong>16</strong></font> &nbsp; &nbsp; &nbsp; &nbsp; &nbsp; &nbsp;<font class='posOutcome'>Shared back: <strong>8</strong></font></font><div class='respPicDiv'><img src='img/responseButtonOffersNo0_wht.png' class='respPic'></div></div>","null","","13","Matthew","7","Shared","0.2,0.8","12","0.2","trustrating_stim/white_00577_940928_fa_edt.bmp","3","510","103"
"html-keyboard-response","438","677113","0.0-12.0-1.37","60fdb99f392d7600a5d42c1f","bdp_trlrn","Thu Jul 28 2022 09:00:12 GMT-0700 (Pacific Daylight Time)","791547","Untrustworthy,Trustworthy","","239","","","","decision","","<div class='trialDiv'><img src='trustrating_stim/white_mw089.bmp'><br><font class='baseline'><strong>Ryan</strong><p>Choose number of points to send.</font><div class='respPicDiv'><img src='img/responseButtonOffersNo0L.png' class='respPic'></div></div>","1","","13","Ryan","8","Shared","0.35,0.8","10","0.35","trustrating_stim/white_mw089.bmp","5","515","104"
"html-keyboard-response","439","677366","0.0-12.0-2.37","60fdb99f392d7600a5d42c1f","bdp_trlrn","Thu Jul 28 2022 09:00:12 GMT-0700 (Pacific Daylight Time)","791547","Untrustworthy,Trustworthy","","null","","","","decisionFB","","<div class='trialDiv'><img src='trustrating_stim/white_mw089.bmp'><br><font class='baseline'><strong>Ryan</strong><p>Choose number of points to send.</font><div class='respPicDiv'><img src='img/responseButtonOffersNo0L1.png' class='respPic'></div></div>","null","","13","Ryan","8","Shared","0.35,0.8","10","0.35","trustrating_stim/white_mw089.bmp","5","514","104"
"html-keyboard-response","440","678369","0.0-12.0-3.37","60fdb99f392d7600a5d42c1f","bdp_trlrn","Thu Jul 28 2022 09:00:12 GMT-0700 (Pacific Daylight Time)","791547","Untrustworthy,Trustworthy","","null","","","","feedback","","<div class='trialDiv'><img src='trustrating_stim/white_mw089.bmp'><br><font class='baseline'><strong>Ryan</strong><p>Received: <strong>4</strong></font> &nbsp; &nbsp; &nbsp; &nbsp; &nbsp; &nbsp;<font class='posOutcome'>Shared back: <strong>2</strong></font></font><div class='respPicDiv'><img src='img/responseButtonOffersNo0_wht.png' class='respPic'></div></div>","null","","13","Ryan","8","Shared","0.35,0.8","10","0.35","trustrating_stim/white_mw089.bmp","5","516","104"
"html-keyboard-response","441","679412","0.0-12.0-1.38","60fdb99f392d7600a5d42c1f","bdp_trlrn","Thu Jul 28 2022 09:00:12 GMT-0700 (Pacific Daylight Time)","791547","Untrustworthy,Trustworthy","","1041","","","","decision","","<div class='trialDiv'><img src='trustrating_stim/white_00757_941201_fa_edt.bmp'><br><font class='baseline'><strong>Benjamin</strong><p>Choose number of points to send.</font><div class='respPicDiv'><img src='img/responseButtonOffersNo0L.png' class='respPic'></div></div>","3","","13","Benjamin","3","Shared","0.65,0.2","14","0.65","trustrating_stim/white_00757_941201_fa_edt.bmp","1","521","105"
"html-keyboard-response","442","679665","0.0-12.0-2.38","60fdb99f392d7600a5d42c1f","bdp_trlrn","Thu Jul 28 2022 09:00:12 GMT-0700 (Pacific Daylight Time)","791547","Untrustworthy,Trustworthy","","null","","","","decisionFB","","<div class='trialDiv'><img src='trustrating_stim/white_00757_941201_fa_edt.bmp'><br><font class='baseline'><strong>Benjamin</strong><p>Choose number of points to send.</font><div class='respPicDiv'><img src='img/responseButtonOffersNo0L3.png' class='respPic'></div></div>","null","","13","Benjamin","3","Shared","0.65,0.2","14","0.65","trustrating_stim/white_00757_941201_fa_edt.bmp","1","518","105"
"html-keyboard-response","443","680668","0.0-12.0-3.38","60fdb99f392d7600a5d42c1f","bdp_trlrn","Thu Jul 28 2022 09:00:12 GMT-0700 (Pacific Daylight Time)","791547","Untrustworthy,Trustworthy","","null","","","","feedback","","<div class='trialDiv'><img src='trustrating_stim/white_00757_941201_fa_edt.bmp'><br><font class='baseline'><strong>Benjamin</strong><p>Received: <strong>12</strong></font> &nbsp; &nbsp; &nbsp; &nbsp; &nbsp; &nbsp;<font class='posOutcome'>Shared back: <strong>6</strong></font></font><div class='respPicDiv'><img src='img/responseButtonOffersNo0_wht.png' class='respPic'></div></div>","null","","13","Benjamin","3","Shared","0.65,0.2","14","0.65","trustrating_stim/white_00757_941201_fa_edt.bmp","1","524","105"
"html-keyboard-response","444","680966","0.0-12.0-1.39","60fdb99f392d7600a5d42c1f","bdp_trlrn","Thu Jul 28 2022 09:00:12 GMT-0700 (Pacific Daylight Time)","791547","Untrustworthy,Trustworthy","","295","","","","decision","","<div class='trialDiv'><img src='trustrating_stim/white_mw089.bmp'><br><font class='baseline'><strong>Ryan</strong><p>Choose number of points to send.</font><div class='respPicDiv'><img src='img/responseButtonOffersNo0L.png' class='respPic'></div></div>","4","","14","Ryan","8","Shared","0.35,0.8","10","0.35","trustrating_stim/white_mw089.bmp","5","529","106"
"html-keyboard-response","445","681219","0.0-12.0-2.39","60fdb99f392d7600a5d42c1f","bdp_trlrn","Thu Jul 28 2022 09:00:12 GMT-0700 (Pacific Daylight Time)","791547","Untrustworthy,Trustworthy","","null","","","","decisionFB","","<div class='trialDiv'><img src='trustrating_stim/white_mw089.bmp'><br><font class='baseline'><strong>Ryan</strong><p>Choose number of points to send.</font><div class='respPicDiv'><img src='img/responseButtonOffersNo0L4.png' class='respPic'></div></div>","null","","14","Ryan","8","Shared","0.35,0.8","10","0.35","trustrating_stim/white_mw089.bmp","5","525","106"
"html-keyboard-response","446","682223","0.0-12.0-3.39","60fdb99f392d7600a5d42c1f","bdp_trlrn","Thu Jul 28 2022 09:00:12 GMT-0700 (Pacific Daylight Time)","791547","Untrustworthy,Trustworthy","","null","","","","feedback","","<div class='trialDiv'><img src='trustrating_stim/white_mw089.bmp'><br><font class='baseline'><strong>Ryan</strong><p>Received: <strong>16</strong></font> &nbsp; &nbsp; &nbsp; &nbsp; &nbsp; &nbsp;<font class='posOutcome'>Shared back: <strong>8</strong></font></font><div class='respPicDiv'><img src='img/responseButtonOffersNo0_wht.png' class='respPic'></div></div>","null","","14","Ryan","8","Shared","0.35,0.8","10","0.35","trustrating_stim/white_mw089.bmp","5","533","106"
"html-keyboard-response","447","683121","0.0-12.0-1.40","60fdb99f392d7600a5d42c1f","bdp_trlrn","Thu Jul 28 2022 09:00:12 GMT-0700 (Pacific Daylight Time)","791547","Untrustworthy,Trustworthy","","896","","","","decision","","<div class='trialDiv'><img src='trustrating_stim/white_00577_940928_fa_edt.bmp'><br><font class='baseline'><strong>Matthew</strong><p>Choose number of points to send.</font><div class='respPicDiv'><img src='img/responseButtonOffersNo0L.png' class='respPic'></div></div>","2","","14","Matthew","7","Shared","0.2,0.8","12","0.2","trustrating_stim/white_00577_940928_fa_edt.bmp","3","538","107"
"html-keyboard-response","448","683374","0.0-12.0-2.40","60fdb99f392d7600a5d42c1f","bdp_trlrn","Thu Jul 28 2022 09:00:12 GMT-0700 (Pacific Daylight Time)","791547","Untrustworthy,Trustworthy","","null","","","","decisionFB","","<div class='trialDiv'><img src='trustrating_stim/white_00577_940928_fa_edt.bmp'><br><font class='baseline'><strong>Matthew</strong><p>Choose number of points to send.</font><div class='respPicDiv'><img src='img/responseButtonOffersNo0L2.png' class='respPic'></div></div>","null","","14","Matthew","7","Shared","0.2,0.8","12","0.2","trustrating_stim/white_00577_940928_fa_edt.bmp","3","536","107"
"html-keyboard-response","449","684377","0.0-12.0-3.40","60fdb99f392d7600a5d42c1f","bdp_trlrn","Thu Jul 28 2022 09:00:12 GMT-0700 (Pacific Daylight Time)","791547","Untrustworthy,Trustworthy","","null","","","","feedback","","<div class='trialDiv'><img src='trustrating_stim/white_00577_940928_fa_edt.bmp'><br><font class='baseline'><strong>Matthew</strong><p>Received: <strong>8</strong></font> &nbsp; &nbsp; &nbsp; &nbsp; &nbsp; &nbsp;<font class='posOutcome'>Shared back: <strong>4</strong></font></font><div class='respPicDiv'><img src='img/responseButtonOffersNo0_wht.png' class='respPic'></div></div>","null","","14","Matthew","7","Shared","0.2,0.8","12","0.2","trustrating_stim/white_00577_940928_fa_edt.bmp","3","540","107"
"html-keyboard-response","450","684894","0.0-12.0-1.41","60fdb99f392d7600a5d42c1f","bdp_trlrn","Thu Jul 28 2022 09:00:12 GMT-0700 (Pacific Daylight Time)","791547","Untrustworthy,Trustworthy","","515","","","","decision","","<div class='trialDiv'><img src='trustrating_stim/white_00757_941201_fa_edt.bmp'><br><font class='baseline'><strong>Benjamin</strong><p>Choose number of points to send.</font><div class='respPicDiv'><img src='img/responseButtonOffersNo0L.png' class='respPic'></div></div>","4","","14","Benjamin","3","Kept","0.65,0.2","14","0.65","trustrating_stim/white_00757_941201_fa_edt.bmp","1","545","108"
"html-keyboard-response","451","685147","0.0-12.0-2.41","60fdb99f392d7600a5d42c1f","bdp_trlrn","Thu Jul 28 2022 09:00:12 GMT-0700 (Pacific Daylight Time)","791547","Untrustworthy,Trustworthy","","null","","","","decisionFB","","<div class='trialDiv'><img src='trustrating_stim/white_00757_941201_fa_edt.bmp'><br><font class='baseline'><strong>Benjamin</strong><p>Choose number of points to send.</font><div class='respPicDiv'><img src='img/responseButtonOffersNo0L4.png' class='respPic'></div></div>","null","","14","Benjamin","3","Kept","0.65,0.2","14","0.65","trustrating_stim/white_00757_941201_fa_edt.bmp","1","541","108"
"html-keyboard-response","452","686149","0.0-12.0-3.41","60fdb99f392d7600a5d42c1f","bdp_trlrn","Thu Jul 28 2022 09:00:12 GMT-0700 (Pacific Daylight Time)","791547","Untrustworthy,Trustworthy","","null","","","","feedback","","<div class='trialDiv'><img src='trustrating_stim/white_00757_941201_fa_edt.bmp'><br><font class='baseline'><strong>Benjamin</strong><p>Received: <strong>16</strong></font> &nbsp; &nbsp; &nbsp; &nbsp; &nbsp; &nbsp;<font class='negOutcome'>Shared back: <strong>0</strong></font></font><div class='respPicDiv'><img src='img/responseButtonOffersNo0_wht.png' class='respPic'></div></div>","null","","14","Benjamin","3","Kept","0.65,0.2","14","0.65","trustrating_stim/white_00757_941201_fa_edt.bmp","1","541","108"
"html-keyboard-response","453","686239","0.0-12.0-1.42","60fdb99f392d7600a5d42c1f","bdp_trlrn","Thu Jul 28 2022 09:00:12 GMT-0700 (Pacific Daylight Time)","791547","Untrustworthy,Trustworthy","","87","","","","decision","","<div class='trialDiv'><img src='trustrating_stim/white_mw089.bmp'><br><font class='baseline'><strong>Ryan</strong><p>Choose number of points to send.</font><div class='respPicDiv'><img src='img/responseButtonOffersNo0L.png' class='respPic'></div></div>","3","","15","Ryan","8","Shared","0.35,0.8","10","0.35","trustrating_stim/white_mw089.bmp","5","546","109"
"html-keyboard-response","454","686492","0.0-12.0-2.42","60fdb99f392d7600a5d42c1f","bdp_trlrn","Thu Jul 28 2022 09:00:12 GMT-0700 (Pacific Daylight Time)","791547","Untrustworthy,Trustworthy","","null","","","","decisionFB","","<div class='trialDiv'><img src='trustrating_stim/white_mw089.bmp'><br><font class='baseline'><strong>Ryan</strong><p>Choose number of points to send.</font><div class='respPicDiv'><img src='img/responseButtonOffersNo0L3.png' class='respPic'></div></div>","null","","15","Ryan","8","Shared","0.35,0.8","10","0.35","trustrating_stim/white_mw089.bmp","5","543","109"
"html-keyboard-response","455","687495","0.0-12.0-3.42","60fdb99f392d7600a5d42c1f","bdp_trlrn","Thu Jul 28 2022 09:00:12 GMT-0700 (Pacific Daylight Time)","791547","Untrustworthy,Trustworthy","","null","","","","feedback","","<div class='trialDiv'><img src='trustrating_stim/white_mw089.bmp'><br><font class='baseline'><strong>Ryan</strong><p>Received: <strong>12</strong></font> &nbsp; &nbsp; &nbsp; &nbsp; &nbsp; &nbsp;<font class='posOutcome'>Shared back: <strong>6</strong></font></font><div class='respPicDiv'><img src='img/responseButtonOffersNo0_wht.png' class='respPic'></div></div>","null","","15","Ryan","8","Shared","0.35,0.8","10","0.35","trustrating_stim/white_mw089.bmp","5","549","109"
"html-keyboard-response","456","687759","0.0-12.0-1.43","60fdb99f392d7600a5d42c1f","bdp_trlrn","Thu Jul 28 2022 09:00:12 GMT-0700 (Pacific Daylight Time)","791547","Untrustworthy,Trustworthy","","262","","","","decision","","<div class='trialDiv'><img src='trustrating_stim/white_00577_940928_fa_edt.bmp'><br><font class='baseline'><strong>Matthew</strong><p>Choose number of points to send.</font><div class='respPicDiv'><img src='img/responseButtonOffersNo0L.png' class='respPic'></div></div>","3","","15","Matthew","7","Kept","0.2,0.8","12","0.2","trustrating_stim/white_00577_940928_fa_edt.bmp","3","554","110"
"html-keyboard-response","457","688011","0.0-12.0-2.43","60fdb99f392d7600a5d42c1f","bdp_trlrn","Thu Jul 28 2022 09:00:12 GMT-0700 (Pacific Daylight Time)","791547","Untrustworthy,Trustworthy","","null","","","","decisionFB","","<div class='trialDiv'><img src='trustrating_stim/white_00577_940928_fa_edt.bmp'><br><font class='baseline'><strong>Matthew</strong><p>Choose number of points to send.</font><div class='respPicDiv'><img src='img/responseButtonOffersNo0L3.png' class='respPic'></div></div>","null","","15","Matthew","7","Kept","0.2,0.8","12","0.2","trustrating_stim/white_00577_940928_fa_edt.bmp","3","551","110"
"html-keyboard-response","458","689014","0.0-12.0-3.43","60fdb99f392d7600a5d42c1f","bdp_trlrn","Thu Jul 28 2022 09:00:12 GMT-0700 (Pacific Daylight Time)","791547","Untrustworthy,Trustworthy","","null","","","","feedback","","<div class='trialDiv'><img src='trustrating_stim/white_00577_940928_fa_edt.bmp'><br><font class='baseline'><strong>Matthew</strong><p>Received: <strong>12</strong></font> &nbsp; &nbsp; &nbsp; &nbsp; &nbsp; &nbsp;<font class='negOutcome'>Shared back: <strong>0</strong></font></font><div class='respPicDiv'><img src='img/responseButtonOffersNo0_wht.png' class='respPic'></div></div>","null","","15","Matthew","7","Kept","0.2,0.8","12","0.2","trustrating_stim/white_00577_940928_fa_edt.bmp","3","551","110"
"html-keyboard-response","459","689086","0.0-12.0-1.44","60fdb99f392d7600a5d42c1f","bdp_trlrn","Thu Jul 28 2022 09:00:12 GMT-0700 (Pacific Daylight Time)","791547","Untrustworthy,Trustworthy","","69","","","","decision","","<div class='trialDiv'><img src='trustrating_stim/white_00757_941201_fa_edt.bmp'><br><font class='baseline'><strong>Benjamin</strong><p>Choose number of points to send.</font><div class='respPicDiv'><img src='img/responseButtonOffersNo0L.png' class='respPic'></div></div>","2","","15","Benjamin","3","Kept","0.65,0.2","14","0.65","trustrating_stim/white_00757_941201_fa_edt.bmp","1","556","111"
"html-keyboard-response","460","689339","0.0-12.0-2.44","60fdb99f392d7600a5d42c1f","bdp_trlrn","Thu Jul 28 2022 09:00:12 GMT-0700 (Pacific Daylight Time)","791547","Untrustworthy,Trustworthy","","null","","","","decisionFB","","<div class='trialDiv'><img src='trustrating_stim/white_00757_941201_fa_edt.bmp'><br><font class='baseline'><strong>Benjamin</strong><p>Choose number of points to send.</font><div class='respPicDiv'><img src='img/responseButtonOffersNo0L2.png' class='respPic'></div></div>","null","","15","Benjamin","3","Kept","0.65,0.2","14","0.65","trustrating_stim/white_00757_941201_fa_edt.bmp","1","554","111"
"html-keyboard-response","461","690342","0.0-12.0-3.44","60fdb99f392d7600a5d42c1f","bdp_trlrn","Thu Jul 28 2022 09:00:12 GMT-0700 (Pacific Daylight Time)","791547","Untrustworthy,Trustworthy","","null","","","","feedback","","<div class='trialDiv'><img src='trustrating_stim/white_00757_941201_fa_edt.bmp'><br><font class='baseline'><strong>Benjamin</strong><p>Received: <strong>8</strong></font> &nbsp; &nbsp; &nbsp; &nbsp; &nbsp; &nbsp;<font class='negOutcome'>Shared back: <strong>0</strong></font></font><div class='respPicDiv'><img src='img/responseButtonOffersNo0_wht.png' class='respPic'></div></div>","null","","15","Benjamin","3","Kept","0.65,0.2","14","0.65","trustrating_stim/white_00757_941201_fa_edt.bmp","1","554","111"
"html-keyboard-response","462","690590","0.0-12.0-1.45","60fdb99f392d7600a5d42c1f","bdp_trlrn","Thu Jul 28 2022 09:00:12 GMT-0700 (Pacific Daylight Time)","791547","Untrustworthy,Trustworthy","","246","","","","decision","","<div class='trialDiv'><img src='trustrating_stim/white_00577_940928_fa_edt.bmp'><br><font class='baseline'><strong>Matthew</strong><p>Choose number of points to send.</font><div class='respPicDiv'><img src='img/responseButtonOffersNo0L.png' class='respPic'></div></div>","3","","16","Matthew","7","Shared","0.2,0.8","12","0.2","trustrating_stim/white_00577_940928_fa_edt.bmp","3","559","112"
"html-keyboard-response","463","690844","0.0-12.0-2.45","60fdb99f392d7600a5d42c1f","bdp_trlrn","Thu Jul 28 2022 09:00:12 GMT-0700 (Pacific Daylight Time)","791547","Untrustworthy,Trustworthy","","null","","","","decisionFB","","<div class='trialDiv'><img src='trustrating_stim/white_00577_940928_fa_edt.bmp'><br><font class='baseline'><strong>Matthew</strong><p>Choose number of points to send.</font><div class='respPicDiv'><img src='img/responseButtonOffersNo0L3.png' class='respPic'></div></div>","null","","16","Matthew","7","Shared","0.2,0.8","12","0.2","trustrating_stim/white_00577_940928_fa_edt.bmp","3","556","112"
"html-keyboard-response","464","691848","0.0-12.0-3.45","60fdb99f392d7600a5d42c1f","bdp_trlrn","Thu Jul 28 2022 09:00:12 GMT-0700 (Pacific Daylight Time)","791547","Untrustworthy,Trustworthy","","null","","","","feedback","","<div class='trialDiv'><img src='trustrating_stim/white_00577_940928_fa_edt.bmp'><br><font class='baseline'><strong>Matthew</strong><p>Received: <strong>12</strong></font> &nbsp; &nbsp; &nbsp; &nbsp; &nbsp; &nbsp;<font class='posOutcome'>Shared back: <strong>6</strong></font></font><div class='respPicDiv'><img src='img/responseButtonOffersNo0_wht.png' class='respPic'></div></div>","null","","16","Matthew","7","Shared","0.2,0.8","12","0.2","trustrating_stim/white_00577_940928_fa_edt.bmp","3","562","112"
"html-keyboard-response","465","692206","0.0-12.0-1.46","60fdb99f392d7600a5d42c1f","bdp_trlrn","Thu Jul 28 2022 09:00:12 GMT-0700 (Pacific Daylight Time)","791547","Untrustworthy,Trustworthy","","356","","","","decision","","<div class='trialDiv'><img src='trustrating_stim/white_mw089.bmp'><br><font class='baseline'><strong>Ryan</strong><p>Choose number of points to send.</font><div class='respPicDiv'><img src='img/responseButtonOffersNo0L.png' class='respPic'></div></div>","3","","16","Ryan","8","Shared","0.35,0.8","10","0.35","trustrating_stim/white_mw089.bmp","5","567","113"
"html-keyboard-response","466","692459","0.0-12.0-2.46","60fdb99f392d7600a5d42c1f","bdp_trlrn","Thu Jul 28 2022 09:00:12 GMT-0700 (Pacific Daylight Time)","791547","Untrustworthy,Trustworthy","","null","","","","decisionFB","","<div class='trialDiv'><img src='trustrating_stim/white_mw089.bmp'><br><font class='baseline'><strong>Ryan</strong><p>Choose number of points to send.</font><div class='respPicDiv'><img src='img/responseButtonOffersNo0L3.png' class='respPic'></div></div>","null","","16","Ryan","8","Shared","0.35,0.8","10","0.35","trustrating_stim/white_mw089.bmp","5","564","113"
"html-keyboard-response","467","693462","0.0-12.0-3.46","60fdb99f392d7600a5d42c1f","bdp_trlrn","Thu Jul 28 2022 09:00:12 GMT-0700 (Pacific Daylight Time)","791547","Untrustworthy,Trustworthy","","null","","","","feedback","","<div class='trialDiv'><img src='trustrating_stim/white_mw089.bmp'><br><font class='baseline'><strong>Ryan</strong><p>Received: <strong>12</strong></font> &nbsp; &nbsp; &nbsp; &nbsp; &nbsp; &nbsp;<font class='posOutcome'>Shared back: <strong>6</strong></font></font><div class='respPicDiv'><img src='img/responseButtonOffersNo0_wht.png' class='respPic'></div></div>","null","","16","Ryan","8","Shared","0.35,0.8","10","0.35","trustrating_stim/white_mw089.bmp","5","570","113"
"html-keyboard-response","468","693806","0.0-12.0-1.47","60fdb99f392d7600a5d42c1f","bdp_trlrn","Thu Jul 28 2022 09:00:12 GMT-0700 (Pacific Daylight Time)","791547","Untrustworthy,Trustworthy","","342","","","","decision","","<div class='trialDiv'><img src='trustrating_stim/white_00757_941201_fa_edt.bmp'><br><font class='baseline'><strong>Benjamin</strong><p>Choose number of points to send.</font><div class='respPicDiv'><img src='img/responseButtonOffersNo0L.png' class='respPic'></div></div>","2","","16","Benjamin","3","Kept","0.65,0.2","14","0.65","trustrating_stim/white_00757_941201_fa_edt.bmp","1","575","114"
"html-keyboard-response","469","694059","0.0-12.0-2.47","60fdb99f392d7600a5d42c1f","bdp_trlrn","Thu Jul 28 2022 09:00:12 GMT-0700 (Pacific Daylight Time)","791547","Untrustworthy,Trustworthy","","null","","","","decisionFB","","<div class='trialDiv'><img src='trustrating_stim/white_00757_941201_fa_edt.bmp'><br><font class='baseline'><strong>Benjamin</strong><p>Choose number of points to send.</font><div class='respPicDiv'><img src='img/responseButtonOffersNo0L2.png' class='respPic'></div></div>","null","","16","Benjamin","3","Kept","0.65,0.2","14","0.65","trustrating_stim/white_00757_941201_fa_edt.bmp","1","573","114"
"html-keyboard-response","470","695064","0.0-12.0-3.47","60fdb99f392d7600a5d42c1f","bdp_trlrn","Thu Jul 28 2022 09:00:12 GMT-0700 (Pacific Daylight Time)","791547","Untrustworthy,Trustworthy","","null","","","","feedback","","<div class='trialDiv'><img src='trustrating_stim/white_00757_941201_fa_edt.bmp'><br><font class='baseline'><strong>Benjamin</strong><p>Received: <strong>8</strong></font> &nbsp; &nbsp; &nbsp; &nbsp; &nbsp; &nbsp;<font class='negOutcome'>Shared back: <strong>0</strong></font></font><div class='respPicDiv'><img src='img/responseButtonOffersNo0_wht.png' class='respPic'></div></div>","null","","16","Benjamin","3","Kept","0.65,0.2","14","0.65","trustrating_stim/white_00757_941201_fa_edt.bmp","1","573","114"
"html-keyboard-response","471","695464","0.0-12.0-1.48","60fdb99f392d7600a5d42c1f","bdp_trlrn","Thu Jul 28 2022 09:00:12 GMT-0700 (Pacific Daylight Time)","791547","Untrustworthy,Trustworthy","","398","","","","decision","","<div class='trialDiv'><img src='trustrating_stim/white_00577_940928_fa_edt.bmp'><br><font class='baseline'><strong>Matthew</strong><p>Choose number of points to send.</font><div class='respPicDiv'><img src='img/responseButtonOffersNo0L.png' class='respPic'></div></div>","3","","17","Matthew","7","Shared","0.2,0.8","12","0.2","trustrating_stim/white_00577_940928_fa_edt.bmp","3","578","115"
"html-keyboard-response","472","695717","0.0-12.0-2.48","60fdb99f392d7600a5d42c1f","bdp_trlrn","Thu Jul 28 2022 09:00:12 GMT-0700 (Pacific Daylight Time)","791547","Untrustworthy,Trustworthy","","null","","","","decisionFB","","<div class='trialDiv'><img src='trustrating_stim/white_00577_940928_fa_edt.bmp'><br><font class='baseline'><strong>Matthew</strong><p>Choose number of points to send.</font><div class='respPicDiv'><img src='img/responseButtonOffersNo0L3.png' class='respPic'></div></div>","null","","17","Matthew","7","Shared","0.2,0.8","12","0.2","trustrating_stim/white_00577_940928_fa_edt.bmp","3","575","115"
"html-keyboard-response","473","696720","0.0-12.0-3.48","60fdb99f392d7600a5d42c1f","bdp_trlrn","Thu Jul 28 2022 09:00:12 GMT-0700 (Pacific Daylight Time)","791547","Untrustworthy,Trustworthy","","null","","","","feedback","","<div class='trialDiv'><img src='trustrating_stim/white_00577_940928_fa_edt.bmp'><br><font class='baseline'><strong>Matthew</strong><p>Received: <strong>12</strong></font> &nbsp; &nbsp; &nbsp; &nbsp; &nbsp; &nbsp;<font class='posOutcome'>Shared back: <strong>6</strong></font></font><div class='respPicDiv'><img src='img/responseButtonOffersNo0_wht.png' class='respPic'></div></div>","null","","17","Matthew","7","Shared","0.2,0.8","12","0.2","trustrating_stim/white_00577_940928_fa_edt.bmp","3","581","115"
"html-keyboard-response","474","697021","0.0-12.0-1.49","60fdb99f392d7600a5d42c1f","bdp_trlrn","Thu Jul 28 2022 09:00:12 GMT-0700 (Pacific Daylight Time)","791547","Untrustworthy,Trustworthy","","298","","","","decision","","<div class='trialDiv'><img src='trustrating_stim/white_00757_941201_fa_edt.bmp'><br><font class='baseline'><strong>Benjamin</strong><p>Choose number of points to send.</font><div class='respPicDiv'><img src='img/responseButtonOffersNo0L.png' class='respPic'></div></div>","3","","17","Benjamin","3","Kept","0.65,0.2","14","0.65","trustrating_stim/white_00757_941201_fa_edt.bmp","1","586","116"
"html-keyboard-response","475","697273","0.0-12.0-2.49","60fdb99f392d7600a5d42c1f","bdp_trlrn","Thu Jul 28 2022 09:00:12 GMT-0700 (Pacific Daylight Time)","791547","Untrustworthy,Trustworthy","","null","","","","decisionFB","","<div class='trialDiv'><img src='trustrating_stim/white_00757_941201_fa_edt.bmp'><br><font class='baseline'><strong>Benjamin</strong><p>Choose number of points to send.</font><div class='respPicDiv'><img src='img/responseButtonOffersNo0L3.png' class='respPic'></div></div>","null","","17","Benjamin","3","Kept","0.65,0.2","14","0.65","trustrating_stim/white_00757_941201_fa_edt.bmp","1","583","116"
"html-keyboard-response","476","698276","0.0-12.0-3.49","60fdb99f392d7600a5d42c1f","bdp_trlrn","Thu Jul 28 2022 09:00:12 GMT-0700 (Pacific Daylight Time)","791547","Untrustworthy,Trustworthy","","null","","","","feedback","","<div class='trialDiv'><img src='trustrating_stim/white_00757_941201_fa_edt.bmp'><br><font class='baseline'><strong>Benjamin</strong><p>Received: <strong>12</strong></font> &nbsp; &nbsp; &nbsp; &nbsp; &nbsp; &nbsp;<font class='negOutcome'>Shared back: <strong>0</strong></font></font><div class='respPicDiv'><img src='img/responseButtonOffersNo0_wht.png' class='respPic'></div></div>","null","","17","Benjamin","3","Kept","0.65,0.2","14","0.65","trustrating_stim/white_00757_941201_fa_edt.bmp","1","583","116"
"html-keyboard-response","477","698557","0.0-12.0-1.50","60fdb99f392d7600a5d42c1f","bdp_trlrn","Thu Jul 28 2022 09:00:12 GMT-0700 (Pacific Daylight Time)","791547","Untrustworthy,Trustworthy","","279","","","","decision","","<div class='trialDiv'><img src='trustrating_stim/white_mw089.bmp'><br><font class='baseline'><strong>Ryan</strong><p>Choose number of points to send.</font><div class='respPicDiv'><img src='img/responseButtonOffersNo0L.png' class='respPic'></div></div>","3","","17","Ryan","8","Shared","0.35,0.8","10","0.35","trustrating_stim/white_mw089.bmp","5","588","117"
"html-keyboard-response","478","698810","0.0-12.0-2.50","60fdb99f392d7600a5d42c1f","bdp_trlrn","Thu Jul 28 2022 09:00:12 GMT-0700 (Pacific Daylight Time)","791547","Untrustworthy,Trustworthy","","null","","","","decisionFB","","<div class='trialDiv'><img src='trustrating_stim/white_mw089.bmp'><br><font class='baseline'><strong>Ryan</strong><p>Choose number of points to send.</font><div class='respPicDiv'><img src='img/responseButtonOffersNo0L3.png' class='respPic'></div></div>","null","","17","Ryan","8","Shared","0.35,0.8","10","0.35","trustrating_stim/white_mw089.bmp","5","585","117"
"html-keyboard-response","479","699813","0.0-12.0-3.50","60fdb99f392d7600a5d42c1f","bdp_trlrn","Thu Jul 28 2022 09:00:12 GMT-0700 (Pacific Daylight Time)","791547","Untrustworthy,Trustworthy","","null","","","","feedback","","<div class='trialDiv'><img src='trustrating_stim/white_mw089.bmp'><br><font class='baseline'><strong>Ryan</strong><p>Received: <strong>12</strong></font> &nbsp; &nbsp; &nbsp; &nbsp; &nbsp; &nbsp;<font class='posOutcome'>Shared back: <strong>6</strong></font></font><div class='respPicDiv'><img src='img/responseButtonOffersNo0_wht.png' class='respPic'></div></div>","null","","17","Ryan","8","Shared","0.35,0.8","10","0.35","trustrating_stim/white_mw089.bmp","5","591","117"
"html-keyboard-response","480","700221","0.0-12.0-1.51","60fdb99f392d7600a5d42c1f","bdp_trlrn","Thu Jul 28 2022 09:00:12 GMT-0700 (Pacific Daylight Time)","791547","Untrustworthy,Trustworthy","","405","","","","decision","","<div class='trialDiv'><img src='trustrating_stim/white_00757_941201_fa_edt.bmp'><br><font class='baseline'><strong>Benjamin</strong><p>Choose number of points to send.</font><div class='respPicDiv'><img src='img/responseButtonOffersNo0L.png' class='respPic'></div></div>","2","","18","Benjamin","3","Kept","0.65,0.2","14","0.65","trustrating_stim/white_00757_941201_fa_edt.bmp","1","596","118"
"html-keyboard-response","481","700474","0.0-12.0-2.51","60fdb99f392d7600a5d42c1f","bdp_trlrn","Thu Jul 28 2022 09:00:12 GMT-0700 (Pacific Daylight Time)","791547","Untrustworthy,Trustworthy","","null","","","","decisionFB","","<div class='trialDiv'><img src='trustrating_stim/white_00757_941201_fa_edt.bmp'><br><font class='baseline'><strong>Benjamin</strong><p>Choose number of points to send.</font><div class='respPicDiv'><img src='img/responseButtonOffersNo0L2.png' class='respPic'></div></div>","null","","18","Benjamin","3","Kept","0.65,0.2","14","0.65","trustrating_stim/white_00757_941201_fa_edt.bmp","1","594","118"
"html-keyboard-response","482","701477","0.0-12.0-3.51","60fdb99f392d7600a5d42c1f","bdp_trlrn","Thu Jul 28 2022 09:00:12 GMT-0700 (Pacific Daylight Time)","791547","Untrustworthy,Trustworthy","","null","","","","feedback","","<div class='trialDiv'><img src='trustrating_stim/white_00757_941201_fa_edt.bmp'><br><font class='baseline'><strong>Benjamin</strong><p>Received: <strong>8</strong></font> &nbsp; &nbsp; &nbsp; &nbsp; &nbsp; &nbsp;<font class='negOutcome'>Shared back: <strong>0</strong></font></font><div class='respPicDiv'><img src='img/responseButtonOffersNo0_wht.png' class='respPic'></div></div>","null","","18","Benjamin","3","Kept","0.65,0.2","14","0.65","trustrating_stim/white_00757_941201_fa_edt.bmp","1","594","118"
"html-keyboard-response","483","701484","0.0-12.0-1.52","60fdb99f392d7600a5d42c1f","bdp_trlrn","Thu Jul 28 2022 09:00:12 GMT-0700 (Pacific Daylight Time)","791547","Untrustworthy,Trustworthy","","5","","","","decision","","<div class='trialDiv'><img src='trustrating_stim/white_00577_940928_fa_edt.bmp'><br><font class='baseline'><strong>Matthew</strong><p>Choose number of points to send.</font><div class='respPicDiv'><img src='img/responseButtonOffersNo0L.png' class='respPic'></div></div>","3","","18","Matthew","7","Kept","0.2,0.8","12","0.2","trustrating_stim/white_00577_940928_fa_edt.bmp","3","599","119"
"html-keyboard-response","484","701738","0.0-12.0-2.52","60fdb99f392d7600a5d42c1f","bdp_trlrn","Thu Jul 28 2022 09:00:12 GMT-0700 (Pacific Daylight Time)","791547","Untrustworthy,Trustworthy","","null","","","","decisionFB","","<div class='trialDiv'><img src='trustrating_stim/white_00577_940928_fa_edt.bmp'><br><font class='baseline'><strong>Matthew</strong><p>Choose number of points to send.</font><div class='respPicDiv'><img src='img/responseButtonOffersNo0L3.png' class='respPic'></div></div>","null","","18","Matthew","7","Kept","0.2,0.8","12","0.2","trustrating_stim/white_00577_940928_fa_edt.bmp","3","596","119"
"html-keyboard-response","485","702741","0.0-12.0-3.52","60fdb99f392d7600a5d42c1f","bdp_trlrn","Thu Jul 28 2022 09:00:12 GMT-0700 (Pacific Daylight Time)","791547","Untrustworthy,Trustworthy","","null","","","","feedback","","<div class='trialDiv'><img src='trustrating_stim/white_00577_940928_fa_edt.bmp'><br><font class='baseline'><strong>Matthew</strong><p>Received: <strong>12</strong></font> &nbsp; &nbsp; &nbsp; &nbsp; &nbsp; &nbsp;<font class='negOutcome'>Shared back: <strong>0</strong></font></font><div class='respPicDiv'><img src='img/responseButtonOffersNo0_wht.png' class='respPic'></div></div>","null","","18","Matthew","7","Kept","0.2,0.8","12","0.2","trustrating_stim/white_00577_940928_fa_edt.bmp","3","596","119"
"html-keyboard-response","486","703229","0.0-12.0-1.53","60fdb99f392d7600a5d42c1f","bdp_trlrn","Thu Jul 28 2022 09:00:12 GMT-0700 (Pacific Daylight Time)","791547","Untrustworthy,Trustworthy","","485","","","","decision","","<div class='trialDiv'><img src='trustrating_stim/white_mw089.bmp'><br><font class='baseline'><strong>Ryan</strong><p>Choose number of points to send.</font><div class='respPicDiv'><img src='img/responseButtonOffersNo0L.png' class='respPic'></div></div>","1","","18","Ryan","8","Shared","0.35,0.8","10","0.35","trustrating_stim/white_mw089.bmp","5","601","120"
"html-keyboard-response","487","703481","0.0-12.0-2.53","60fdb99f392d7600a5d42c1f","bdp_trlrn","Thu Jul 28 2022 09:00:12 GMT-0700 (Pacific Daylight Time)","791547","Untrustworthy,Trustworthy","","null","","","","decisionFB","","<div class='trialDiv'><img src='trustrating_stim/white_mw089.bmp'><br><font class='baseline'><strong>Ryan</strong><p>Choose number of points to send.</font><div class='respPicDiv'><img src='img/responseButtonOffersNo0L1.png' class='respPic'></div></div>","null","","18","Ryan","8","Shared","0.35,0.8","10","0.35","trustrating_stim/white_mw089.bmp","5","600","120"
"html-keyboard-response","488","704484","0.0-12.0-3.53","60fdb99f392d7600a5d42c1f","bdp_trlrn","Thu Jul 28 2022 09:00:12 GMT-0700 (Pacific Daylight Time)","791547","Untrustworthy,Trustworthy","","null","","","","feedback","","<div class='trialDiv'><img src='trustrating_stim/white_mw089.bmp'><br><font class='baseline'><strong>Ryan</strong><p>Received: <strong>4</strong></font> &nbsp; &nbsp; &nbsp; &nbsp; &nbsp; &nbsp;<font class='posOutcome'>Shared back: <strong>2</strong></font></font><div class='respPicDiv'><img src='img/responseButtonOffersNo0_wht.png' class='respPic'></div></div>","null","","18","Ryan","8","Shared","0.35,0.8","10","0.35","trustrating_stim/white_mw089.bmp","5","602","120"
"html-keyboard-response","489","704669","0.0-12.0-1.54","60fdb99f392d7600a5d42c1f","bdp_trlrn","Thu Jul 28 2022 09:00:12 GMT-0700 (Pacific Daylight Time)","791547","Untrustworthy,Trustworthy","","182","","","","decision","","<div class='trialDiv'><img src='trustrating_stim/white_00577_940928_fa_edt.bmp'><br><font class='baseline'><strong>Matthew</strong><p>Choose number of points to send.</font><div class='respPicDiv'><img src='img/responseButtonOffersNo0L.png' class='respPic'></div></div>","1","","19","Matthew","7","Shared","0.2,0.8","12","0.2","trustrating_stim/white_00577_940928_fa_edt.bmp","3","607","121"
"html-keyboard-response","490","704922","0.0-12.0-2.54","60fdb99f392d7600a5d42c1f","bdp_trlrn","Thu Jul 28 2022 09:00:12 GMT-0700 (Pacific Daylight Time)","791547","Untrustworthy,Trustworthy","","null","","","","decisionFB","","<div class='trialDiv'><img src='trustrating_stim/white_00577_940928_fa_edt.bmp'><br><font class='baseline'><strong>Matthew</strong><p>Choose number of points to send.</font><div class='respPicDiv'><img src='img/responseButtonOffersNo0L1.png' class='respPic'></div></div>","null","","19","Matthew","7","Shared","0.2,0.8","12","0.2","trustrating_stim/white_00577_940928_fa_edt.bmp","3","606","121"
"html-keyboard-response","491","705924","0.0-12.0-3.54","60fdb99f392d7600a5d42c1f","bdp_trlrn","Thu Jul 28 2022 09:00:12 GMT-0700 (Pacific Daylight Time)","791547","Untrustworthy,Trustworthy","","null","","","","feedback","","<div class='trialDiv'><img src='trustrating_stim/white_00577_940928_fa_edt.bmp'><br><font class='baseline'><strong>Matthew</strong><p>Received: <strong>4</strong></font> &nbsp; &nbsp; &nbsp; &nbsp; &nbsp; &nbsp;<font class='posOutcome'>Shared back: <strong>2</strong></font></font><div class='respPicDiv'><img src='img/responseButtonOffersNo0_wht.png' class='respPic'></div></div>","null","","19","Matthew","7","Shared","0.2,0.8","12","0.2","trustrating_stim/white_00577_940928_fa_edt.bmp","3","608","121"
"html-keyboard-response","492","705939","0.0-12.0-1.55","60fdb99f392d7600a5d42c1f","bdp_trlrn","Thu Jul 28 2022 09:00:12 GMT-0700 (Pacific Daylight Time)","791547","Untrustworthy,Trustworthy","","14","","","","decision","","<div class='trialDiv'><img src='trustrating_stim/white_00757_941201_fa_edt.bmp'><br><font class='baseline'><strong>Benjamin</strong><p>Choose number of points to send.</font><div class='respPicDiv'><img src='img/responseButtonOffersNo0L.png' class='respPic'></div></div>","3","","19","Benjamin","3","Kept","0.65,0.2","14","0.65","trustrating_stim/white_00757_941201_fa_edt.bmp","1","613","122"
"html-keyboard-response","493","706192","0.0-12.0-2.55","60fdb99f392d7600a5d42c1f","bdp_trlrn","Thu Jul 28 2022 09:00:12 GMT-0700 (Pacific Daylight Time)","791547","Untrustworthy,Trustworthy","","null","","","","decisionFB","","<div class='trialDiv'><img src='trustrating_stim/white_00757_941201_fa_edt.bmp'><br><font class='baseline'><strong>Benjamin</strong><p>Choose number of points to send.</font><div class='respPicDiv'><img src='img/responseButtonOffersNo0L3.png' class='respPic'></div></div>","null","","19","Benjamin","3","Kept","0.65,0.2","14","0.65","trustrating_stim/white_00757_941201_fa_edt.bmp","1","610","122"
"html-keyboard-response","494","707195","0.0-12.0-3.55","60fdb99f392d7600a5d42c1f","bdp_trlrn","Thu Jul 28 2022 09:00:12 GMT-0700 (Pacific Daylight Time)","791547","Untrustworthy,Trustworthy","","null","","","","feedback","","<div class='trialDiv'><img src='trustrating_stim/white_00757_941201_fa_edt.bmp'><br><font class='baseline'><strong>Benjamin</strong><p>Received: <strong>12</strong></font> &nbsp; &nbsp; &nbsp; &nbsp; &nbsp; &nbsp;<font class='negOutcome'>Shared back: <strong>0</strong></font></font><div class='respPicDiv'><img src='img/responseButtonOffersNo0_wht.png' class='respPic'></div></div>","null","","19","Benjamin","3","Kept","0.65,0.2","14","0.65","trustrating_stim/white_00757_941201_fa_edt.bmp","1","610","122"
"html-keyboard-response","495","707741","0.0-12.0-1.56","60fdb99f392d7600a5d42c1f","bdp_trlrn","Thu Jul 28 2022 09:00:12 GMT-0700 (Pacific Daylight Time)","791547","Untrustworthy,Trustworthy","","543","","","","decision","","<div class='trialDiv'><img src='trustrating_stim/white_mw089.bmp'><br><font class='baseline'><strong>Ryan</strong><p>Choose number of points to send.</font><div class='respPicDiv'><img src='img/responseButtonOffersNo0L.png' class='respPic'></div></div>","4","","19","Ryan","8","Shared","0.35,0.8","10","0.35","trustrating_stim/white_mw089.bmp","5","615","123"
"html-keyboard-response","496","707994","0.0-12.0-2.56","60fdb99f392d7600a5d42c1f","bdp_trlrn","Thu Jul 28 2022 09:00:12 GMT-0700 (Pacific Daylight Time)","791547","Untrustworthy,Trustworthy","","null","","","","decisionFB","","<div class='trialDiv'><img src='trustrating_stim/white_mw089.bmp'><br><font class='baseline'><strong>Ryan</strong><p>Choose number of points to send.</font><div class='respPicDiv'><img src='img/responseButtonOffersNo0L4.png' class='respPic'></div></div>","null","","19","Ryan","8","Shared","0.35,0.8","10","0.35","trustrating_stim/white_mw089.bmp","5","611","123"
"html-keyboard-response","497","708998","0.0-12.0-3.56","60fdb99f392d7600a5d42c1f","bdp_trlrn","Thu Jul 28 2022 09:00:12 GMT-0700 (Pacific Daylight Time)","791547","Untrustworthy,Trustworthy","","null","","","","feedback","","<div class='trialDiv'><img src='trustrating_stim/white_mw089.bmp'><br><font class='baseline'><strong>Ryan</strong><p>Received: <strong>16</strong></font> &nbsp; &nbsp; &nbsp; &nbsp; &nbsp; &nbsp;<font class='posOutcome'>Shared back: <strong>8</strong></font></font><div class='respPicDiv'><img src='img/responseButtonOffersNo0_wht.png' class='respPic'></div></div>","null","","19","Ryan","8","Shared","0.35,0.8","10","0.35","trustrating_stim/white_mw089.bmp","5","619","123"
"html-keyboard-response","498","709320","0.0-12.0-1.57","60fdb99f392d7600a5d42c1f","bdp_trlrn","Thu Jul 28 2022 09:00:12 GMT-0700 (Pacific Daylight Time)","791547","Untrustworthy,Trustworthy","","320","","","","decision","","<div class='trialDiv'><img src='trustrating_stim/white_00577_940928_fa_edt.bmp'><br><font class='baseline'><strong>Matthew</strong><p>Choose number of points to send.</font><div class='respPicDiv'><img src='img/responseButtonOffersNo0L.png' class='respPic'></div></div>","5","","20","Matthew","7","Shared","0.2,0.8","12","0.2","trustrating_stim/white_00577_940928_fa_edt.bmp","3","624","124"
"html-keyboard-response","499","709573","0.0-12.0-2.57","60fdb99f392d7600a5d42c1f","bdp_trlrn","Thu Jul 28 2022 09:00:12 GMT-0700 (Pacific Daylight Time)","791547","Untrustworthy,Trustworthy","","null","","","","decisionFB","","<div class='trialDiv'><img src='trustrating_stim/white_00577_940928_fa_edt.bmp'><br><font class='baseline'><strong>Matthew</strong><p>Choose number of points to send.</font><div class='respPicDiv'><img src='img/responseButtonOffersNo0L5.png' class='respPic'></div></div>","null","","20","Matthew","7","Shared","0.2,0.8","12","0.2","trustrating_stim/white_00577_940928_fa_edt.bmp","3","619","124"
"html-keyboard-response","500","710576","0.0-12.0-3.57","60fdb99f392d7600a5d42c1f","bdp_trlrn","Thu Jul 28 2022 09:00:12 GMT-0700 (Pacific Daylight Time)","791547","Untrustworthy,Trustworthy","","null","","","","feedback","","<div class='trialDiv'><img src='trustrating_stim/white_00577_940928_fa_edt.bmp'><br><font class='baseline'><strong>Matthew</strong><p>Received: <strong>20</strong></font> &nbsp; &nbsp; &nbsp; &nbsp; &nbsp; &nbsp;<font class='posOutcome'>Shared back: <strong>10</strong></font></font><div class='respPicDiv'><img src='img/responseButtonOffersNo0_wht.png' class='respPic'></div></div>","null","","20","Matthew","7","Shared","0.2,0.8","12","0.2","trustrating_stim/white_00577_940928_fa_edt.bmp","3","629","124"
"html-keyboard-response","501","710616","0.0-12.0-1.58","60fdb99f392d7600a5d42c1f","bdp_trlrn","Thu Jul 28 2022 09:00:12 GMT-0700 (Pacific Daylight Time)","791547","Untrustworthy,Trustworthy","","37","","","","decision","","<div class='trialDiv'><img src='trustrating_stim/white_mw089.bmp'><br><font class='baseline'><strong>Ryan</strong><p>Choose number of points to send.</font><div class='respPicDiv'><img src='img/responseButtonOffersNo0L.png' class='respPic'></div></div>","3","","20","Ryan","8","Shared","0.35,0.8","10","0.35","trustrating_stim/white_mw089.bmp","5","634","125"
"html-keyboard-response","502","710869","0.0-12.0-2.58","60fdb99f392d7600a5d42c1f","bdp_trlrn","Thu Jul 28 2022 09:00:12 GMT-0700 (Pacific Daylight Time)","791547","Untrustworthy,Trustworthy","","null","","","","decisionFB","","<div class='trialDiv'><img src='trustrating_stim/white_mw089.bmp'><br><font class='baseline'><strong>Ryan</strong><p>Choose number of points to send.</font><div class='respPicDiv'><img src='img/responseButtonOffersNo0L3.png' class='respPic'></div></div>","null","","20","Ryan","8","Shared","0.35,0.8","10","0.35","trustrating_stim/white_mw089.bmp","5","631","125"
"html-keyboard-response","503","711872","0.0-12.0-3.58","60fdb99f392d7600a5d42c1f","bdp_trlrn","Thu Jul 28 2022 09:00:12 GMT-0700 (Pacific Daylight Time)","791547","Untrustworthy,Trustworthy","","null","","","","feedback","","<div class='trialDiv'><img src='trustrating_stim/white_mw089.bmp'><br><font class='baseline'><strong>Ryan</strong><p>Received: <strong>12</strong></font> &nbsp; &nbsp; &nbsp; &nbsp; &nbsp; &nbsp;<font class='posOutcome'>Shared back: <strong>6</strong></font></font><div class='respPicDiv'><img src='img/responseButtonOffersNo0_wht.png' class='respPic'></div></div>","null","","20","Ryan","8","Shared","0.35,0.8","10","0.35","trustrating_stim/white_mw089.bmp","5","637","125"
"html-keyboard-response","504","712014","0.0-12.0-1.59","60fdb99f392d7600a5d42c1f","bdp_trlrn","Thu Jul 28 2022 09:00:12 GMT-0700 (Pacific Daylight Time)","791547","Untrustworthy,Trustworthy","","139","","","","decision","","<div class='trialDiv'><img src='trustrating_stim/white_00757_941201_fa_edt.bmp'><br><font class='baseline'><strong>Benjamin</strong><p>Choose number of points to send.</font><div class='respPicDiv'><img src='img/responseButtonOffersNo0L.png' class='respPic'></div></div>","2","","20","Benjamin","3","Kept","0.65,0.2","14","0.65","trustrating_stim/white_00757_941201_fa_edt.bmp","1","642","126"
"html-keyboard-response","505","712267","0.0-12.0-2.59","60fdb99f392d7600a5d42c1f","bdp_trlrn","Thu Jul 28 2022 09:00:12 GMT-0700 (Pacific Daylight Time)","791547","Untrustworthy,Trustworthy","","null","","","","decisionFB","","<div class='trialDiv'><img src='trustrating_stim/white_00757_941201_fa_edt.bmp'><br><font class='baseline'><strong>Benjamin</strong><p>Choose number of points to send.</font><div class='respPicDiv'><img src='img/responseButtonOffersNo0L2.png' class='respPic'></div></div>","null","","20","Benjamin","3","Kept","0.65,0.2","14","0.65","trustrating_stim/white_00757_941201_fa_edt.bmp","1","640","126"
"html-keyboard-response","506","713270","0.0-12.0-3.59","60fdb99f392d7600a5d42c1f","bdp_trlrn","Thu Jul 28 2022 09:00:12 GMT-0700 (Pacific Daylight Time)","791547","Untrustworthy,Trustworthy","","null","","","","feedback","","<div class='trialDiv'><img src='trustrating_stim/white_00757_941201_fa_edt.bmp'><br><font class='baseline'><strong>Benjamin</strong><p>Received: <strong>8</strong></font> &nbsp; &nbsp; &nbsp; &nbsp; &nbsp; &nbsp;<font class='negOutcome'>Shared back: <strong>0</strong></font></font><div class='respPicDiv'><img src='img/responseButtonOffersNo0_wht.png' class='respPic'></div></div>","null","","20","Benjamin","3","Kept","0.65,0.2","14","0.65","trustrating_stim/white_00757_941201_fa_edt.bmp","1","640","126"
"html-keyboard-response","507","713687","0.0-12.0-1.60","60fdb99f392d7600a5d42c1f","bdp_trlrn","Thu Jul 28 2022 09:00:12 GMT-0700 (Pacific Daylight Time)","791547","Untrustworthy,Trustworthy","","415","","","","decision","","<div class='trialDiv'><img src='trustrating_stim/white_00577_940928_fa_edt.bmp'><br><font class='baseline'><strong>Matthew</strong><p>Choose number of points to send.</font><div class='respPicDiv'><img src='img/responseButtonOffersNo0L.png' class='respPic'></div></div>","1","","21","Matthew","7","Kept","0.2,0.8","12","0.2","trustrating_stim/white_00577_940928_fa_edt.bmp","3","645","127"
"html-keyboard-response","508","713952","0.0-12.0-2.60","60fdb99f392d7600a5d42c1f","bdp_trlrn","Thu Jul 28 2022 09:00:12 GMT-0700 (Pacific Daylight Time)","791547","Untrustworthy,Trustworthy","","null","","","","decisionFB","","<div class='trialDiv'><img src='trustrating_stim/white_00577_940928_fa_edt.bmp'><br><font class='baseline'><strong>Matthew</strong><p>Choose number of points to send.</font><div class='respPicDiv'><img src='img/responseButtonOffersNo0L1.png' class='respPic'></div></div>","null","","21","Matthew","7","Kept","0.2,0.8","12","0.2","trustrating_stim/white_00577_940928_fa_edt.bmp","3","644","127"
"html-keyboard-response","509","714955","0.0-12.0-3.60","60fdb99f392d7600a5d42c1f","bdp_trlrn","Thu Jul 28 2022 09:00:12 GMT-0700 (Pacific Daylight Time)","791547","Untrustworthy,Trustworthy","","null","","","","feedback","","<div class='trialDiv'><img src='trustrating_stim/white_00577_940928_fa_edt.bmp'><br><font class='baseline'><strong>Matthew</strong><p>Received: <strong>4</strong></font> &nbsp; &nbsp; &nbsp; &nbsp; &nbsp; &nbsp;<font class='negOutcome'>Shared back: <strong>0</strong></font></font><div class='respPicDiv'><img src='img/responseButtonOffersNo0_wht.png' class='respPic'></div></div>","null","","21","Matthew","7","Kept","0.2,0.8","12","0.2","trustrating_stim/white_00577_940928_fa_edt.bmp","3","644","127"
"html-keyboard-response","510","715206","0.0-12.0-1.61","60fdb99f392d7600a5d42c1f","bdp_trlrn","Thu Jul 28 2022 09:00:12 GMT-0700 (Pacific Daylight Time)","791547","Untrustworthy,Trustworthy","","248","","","","decision","","<div class='trialDiv'><img src='trustrating_stim/white_00757_941201_fa_edt.bmp'><br><font class='baseline'><strong>Benjamin</strong><p>Choose number of points to send.</font><div class='respPicDiv'><img src='img/responseButtonOffersNo0L.png' class='respPic'></div></div>","5","","21","Benjamin","3","Kept","0.65,0.2","14","0.65","trustrating_stim/white_00757_941201_fa_edt.bmp","1","649","128"
"html-keyboard-response","511","715458","0.0-12.0-2.61","60fdb99f392d7600a5d42c1f","bdp_trlrn","Thu Jul 28 2022 09:00:12 GMT-0700 (Pacific Daylight Time)","791547","Untrustworthy,Trustworthy","","null","","","","decisionFB","","<div class='trialDiv'><img src='trustrating_stim/white_00757_941201_fa_edt.bmp'><br><font class='baseline'><strong>Benjamin</strong><p>Choose number of points to send.</font><div class='respPicDiv'><img src='img/responseButtonOffersNo0L5.png' class='respPic'></div></div>","null","","21","Benjamin","3","Kept","0.65,0.2","14","0.65","trustrating_stim/white_00757_941201_fa_edt.bmp","1","644","128"
"html-keyboard-response","512","716462","0.0-12.0-3.61","60fdb99f392d7600a5d42c1f","bdp_trlrn","Thu Jul 28 2022 09:00:12 GMT-0700 (Pacific Daylight Time)","791547","Untrustworthy,Trustworthy","","null","","","","feedback","","<div class='trialDiv'><img src='trustrating_stim/white_00757_941201_fa_edt.bmp'><br><font class='baseline'><strong>Benjamin</strong><p>Received: <strong>20</strong></font> &nbsp; &nbsp; &nbsp; &nbsp; &nbsp; &nbsp;<font class='negOutcome'>Shared back: <strong>0</strong></font></font><div class='respPicDiv'><img src='img/responseButtonOffersNo0_wht.png' class='respPic'></div></div>","null","","21","Benjamin","3","Kept","0.65,0.2","14","0.65","trustrating_stim/white_00757_941201_fa_edt.bmp","1","644","128"
"html-keyboard-response","513","716530","0.0-12.0-1.62","60fdb99f392d7600a5d42c1f","bdp_trlrn","Thu Jul 28 2022 09:00:12 GMT-0700 (Pacific Daylight Time)","791547","Untrustworthy,Trustworthy","","65","","","","decision","","<div class='trialDiv'><img src='trustrating_stim/white_mw089.bmp'><br><font class='baseline'><strong>Ryan</strong><p>Choose number of points to send.</font><div class='respPicDiv'><img src='img/responseButtonOffersNo0L.png' class='respPic'></div></div>","1","","21","Ryan","8","Shared","0.35,0.8","10","0.35","trustrating_stim/white_mw089.bmp","5","649","129"
"html-keyboard-response","514","716793","0.0-12.0-2.62","60fdb99f392d7600a5d42c1f","bdp_trlrn","Thu Jul 28 2022 09:00:12 GMT-0700 (Pacific Daylight Time)","791547","Untrustworthy,Trustworthy","","null","","","","decisionFB","","<div class='trialDiv'><img src='trustrating_stim/white_mw089.bmp'><br><font class='baseline'><strong>Ryan</strong><p>Choose number of points to send.</font><div class='respPicDiv'><img src='img/responseButtonOffersNo0L1.png' class='respPic'></div></div>","null","","21","Ryan","8","Shared","0.35,0.8","10","0.35","trustrating_stim/white_mw089.bmp","5","648","129"
"html-keyboard-response","515","717801","0.0-12.0-3.62","60fdb99f392d7600a5d42c1f","bdp_trlrn","Thu Jul 28 2022 09:00:12 GMT-0700 (Pacific Daylight Time)","791547","Untrustworthy,Trustworthy","","null","","","","feedback","","<div class='trialDiv'><img src='trustrating_stim/white_mw089.bmp'><br><font class='baseline'><strong>Ryan</strong><p>Received: <strong>4</strong></font> &nbsp; &nbsp; &nbsp; &nbsp; &nbsp; &nbsp;<font class='posOutcome'>Shared back: <strong>2</strong></font></font><div class='respPicDiv'><img src='img/responseButtonOffersNo0_wht.png' class='respPic'></div></div>","null","","21","Ryan","8","Shared","0.35,0.8","10","0.35","trustrating_stim/white_mw089.bmp","5","650","129"
"html-keyboard-response","516","718037","0.0-12.0-1.63","60fdb99f392d7600a5d42c1f","bdp_trlrn","Thu Jul 28 2022 09:00:12 GMT-0700 (Pacific Daylight Time)","791547","Untrustworthy,Trustworthy","","233","","","","decision","","<div class='trialDiv'><img src='trustrating_stim/white_00577_940928_fa_edt.bmp'><br><font class='baseline'><strong>Matthew</strong><p>Choose number of points to send.</font><div class='respPicDiv'><img src='img/responseButtonOffersNo0L.png' class='respPic'></div></div>","2","","22","Matthew","7","Kept","0.2,0.8","12","0.2","trustrating_stim/white_00577_940928_fa_edt.bmp","3","655","130"
"html-keyboard-response","517","718290","0.0-12.0-2.63","60fdb99f392d7600a5d42c1f","bdp_trlrn","Thu Jul 28 2022 09:00:12 GMT-0700 (Pacific Daylight Time)","791547","Untrustworthy,Trustworthy","","null","","","","decisionFB","","<div class='trialDiv'><img src='trustrating_stim/white_00577_940928_fa_edt.bmp'><br><font class='baseline'><strong>Matthew</strong><p>Choose number of points to send.</font><div class='respPicDiv'><img src='img/responseButtonOffersNo0L2.png' class='respPic'></div></div>","null","","22","Matthew","7","Kept","0.2,0.8","12","0.2","trustrating_stim/white_00577_940928_fa_edt.bmp","3","653","130"
"html-keyboard-response","518","719293","0.0-12.0-3.63","60fdb99f392d7600a5d42c1f","bdp_trlrn","Thu Jul 28 2022 09:00:12 GMT-0700 (Pacific Daylight Time)","791547","Untrustworthy,Trustworthy","","null","","","","feedback","","<div class='trialDiv'><img src='trustrating_stim/white_00577_940928_fa_edt.bmp'><br><font class='baseline'><strong>Matthew</strong><p>Received: <strong>8</strong></font> &nbsp; &nbsp; &nbsp; &nbsp; &nbsp; &nbsp;<font class='negOutcome'>Shared back: <strong>0</strong></font></font><div class='respPicDiv'><img src='img/responseButtonOffersNo0_wht.png' class='respPic'></div></div>","null","","22","Matthew","7","Kept","0.2,0.8","12","0.2","trustrating_stim/white_00577_940928_fa_edt.bmp","3","653","130"
"html-keyboard-response","519","719972","0.0-12.0-1.64","60fdb99f392d7600a5d42c1f","bdp_trlrn","Thu Jul 28 2022 09:00:12 GMT-0700 (Pacific Daylight Time)","791547","Untrustworthy,Trustworthy","","677","","","","decision","","<div class='trialDiv'><img src='trustrating_stim/white_mw089.bmp'><br><font class='baseline'><strong>Ryan</strong><p>Choose number of points to send.</font><div class='respPicDiv'><img src='img/responseButtonOffersNo0L.png' class='respPic'></div></div>","3","","22","Ryan","8","Shared","0.35,0.8","10","0.35","trustrating_stim/white_mw089.bmp","5","658","131"
"html-keyboard-response","520","720225","0.0-12.0-2.64","60fdb99f392d7600a5d42c1f","bdp_trlrn","Thu Jul 28 2022 09:00:12 GMT-0700 (Pacific Daylight Time)","791547","Untrustworthy,Trustworthy","","null","","","","decisionFB","","<div class='trialDiv'><img src='trustrating_stim/white_mw089.bmp'><br><font class='baseline'><strong>Ryan</strong><p>Choose number of points to send.</font><div class='respPicDiv'><img src='img/responseButtonOffersNo0L3.png' class='respPic'></div></div>","null","","22","Ryan","8","Shared","0.35,0.8","10","0.35","trustrating_stim/white_mw089.bmp","5","655","131"
"html-keyboard-response","521","721228","0.0-12.0-3.64","60fdb99f392d7600a5d42c1f","bdp_trlrn","Thu Jul 28 2022 09:00:12 GMT-0700 (Pacific Daylight Time)","791547","Untrustworthy,Trustworthy","","null","","","","feedback","","<div class='trialDiv'><img src='trustrating_stim/white_mw089.bmp'><br><font class='baseline'><strong>Ryan</strong><p>Received: <strong>12</strong></font> &nbsp; &nbsp; &nbsp; &nbsp; &nbsp; &nbsp;<font class='posOutcome'>Shared back: <strong>6</strong></font></font><div class='respPicDiv'><img src='img/responseButtonOffersNo0_wht.png' class='respPic'></div></div>","null","","22","Ryan","8","Shared","0.35,0.8","10","0.35","trustrating_stim/white_mw089.bmp","5","661","131"
"html-keyboard-response","522","721400","0.0-12.0-1.65","60fdb99f392d7600a5d42c1f","bdp_trlrn","Thu Jul 28 2022 09:00:12 GMT-0700 (Pacific Daylight Time)","791547","Untrustworthy,Trustworthy","","169","","","","decision","","<div class='trialDiv'><img src='trustrating_stim/white_00757_941201_fa_edt.bmp'><br><font class='baseline'><strong>Benjamin</strong><p>Choose number of points to send.</font><div class='respPicDiv'><img src='img/responseButtonOffersNo0L.png' class='respPic'></div></div>","4","","22","Benjamin","3","Kept","0.65,0.2","14","0.65","trustrating_stim/white_00757_941201_fa_edt.bmp","1","666","132"
"html-keyboard-response","523","721652","0.0-12.0-2.65","60fdb99f392d7600a5d42c1f","bdp_trlrn","Thu Jul 28 2022 09:00:12 GMT-0700 (Pacific Daylight Time)","791547","Untrustworthy,Trustworthy","","null","","","","decisionFB","","<div class='trialDiv'><img src='trustrating_stim/white_00757_941201_fa_edt.bmp'><br><font class='baseline'><strong>Benjamin</strong><p>Choose number of points to send.</font><div class='respPicDiv'><img src='img/responseButtonOffersNo0L4.png' class='respPic'></div></div>","null","","22","Benjamin","3","Kept","0.65,0.2","14","0.65","trustrating_stim/white_00757_941201_fa_edt.bmp","1","662","132"
"html-keyboard-response","524","722655","0.0-12.0-3.65","60fdb99f392d7600a5d42c1f","bdp_trlrn","Thu Jul 28 2022 09:00:12 GMT-0700 (Pacific Daylight Time)","791547","Untrustworthy,Trustworthy","","null","","","","feedback","","<div class='trialDiv'><img src='trustrating_stim/white_00757_941201_fa_edt.bmp'><br><font class='baseline'><strong>Benjamin</strong><p>Received: <strong>16</strong></font> &nbsp; &nbsp; &nbsp; &nbsp; &nbsp; &nbsp;<font class='negOutcome'>Shared back: <strong>0</strong></font></font><div class='respPicDiv'><img src='img/responseButtonOffersNo0_wht.png' class='respPic'></div></div>","null","","22","Benjamin","3","Kept","0.65,0.2","14","0.65","trustrating_stim/white_00757_941201_fa_edt.bmp","1","662","132"
"instructions","525","771480","0.0-13.0","60fdb99f392d7600a5d42c1f","bdp_trlrn","Thu Jul 28 2022 09:00:12 GMT-0700 (Pacific Daylight Time)","791547","Untrustworthy,Trustworthy","[{""page_index"":0,""viewing_time"":5037},{""page_index"":1,""viewing_time"":42335},{""page_index"":2,""viewing_time"":1449}]","48822","","","","","","","","","","","","","","","","","","",""
"image-keyboard-response","526","773374","0.0-14.0-1.0","60fdb99f392d7600a5d42c1f","bdp_trlrn","Thu Jul 28 2022 09:00:12 GMT-0700 (Pacific Daylight Time)","791547","Untrustworthy,Trustworthy","","1890","","","","final_rating","","trustrating_stim/white_00577_940928_fa_edt.bmp","5","","","","7","","","","","trustrating_stim/white_00577_940928_fa_edt.bmp","3","",""
"image-keyboard-response","527","773576","0.0-14.0-2.0","60fdb99f392d7600a5d42c1f","bdp_trlrn","Thu Jul 28 2022 09:00:12 GMT-0700 (Pacific Daylight Time)","791547","Untrustworthy,Trustworthy","","null","","","","final_ratingFB","","trustrating_stim/white_00577_940928_fa_edt.bmp","null","","","","7","","","","","","3","",""
"image-keyboard-response","528","776040","0.0-14.0-1.1","60fdb99f392d7600a5d42c1f","bdp_trlrn","Thu Jul 28 2022 09:00:12 GMT-0700 (Pacific Daylight Time)","791547","Untrustworthy,Trustworthy","","2360","","","","final_rating","","trustrating_stim/white_00757_941201_fa_edt.bmp","3","","","","3","","","","","trustrating_stim/white_00757_941201_fa_edt.bmp","1","",""
"image-keyboard-response","529","776242","0.0-14.0-2.1","60fdb99f392d7600a5d42c1f","bdp_trlrn","Thu Jul 28 2022 09:00:12 GMT-0700 (Pacific Daylight Time)","791547","Untrustworthy,Trustworthy","","null","","","","final_ratingFB","","trustrating_stim/white_00757_941201_fa_edt.bmp","null","","","","3","","","","","","1","",""
"image-keyboard-response","530","777407","0.0-14.0-1.2","60fdb99f392d7600a5d42c1f","bdp_trlrn","Thu Jul 28 2022 09:00:12 GMT-0700 (Pacific Daylight Time)","791547","Untrustworthy,Trustworthy","","1061","","","","final_rating","","trustrating_stim/white_00223_940128_fb_edt.bmp","3","","","","0","","","","","trustrating_stim/white_00223_940128_fb_edt.bmp","1","",""
"image-keyboard-response","531","777609","0.0-14.0-2.2","60fdb99f392d7600a5d42c1f","bdp_trlrn","Thu Jul 28 2022 09:00:12 GMT-0700 (Pacific Daylight Time)","791547","Untrustworthy,Trustworthy","","null","","","","final_ratingFB","","trustrating_stim/white_00223_940128_fb_edt.bmp","null","","","","0","","","","","","1","",""
"image-keyboard-response","532","779436","0.0-14.0-1.3","60fdb99f392d7600a5d42c1f","bdp_trlrn","Thu Jul 28 2022 09:00:12 GMT-0700 (Pacific Daylight Time)","791547","Untrustworthy,Trustworthy","","1724","","","","final_rating","","trustrating_stim/white_00898_960530_fa_edt.bmp","8","","","","10","","","","","trustrating_stim/white_00898_960530_fa_edt.bmp","5.5","",""
"image-keyboard-response","533","779638","0.0-14.0-2.3","60fdb99f392d7600a5d42c1f","bdp_trlrn","Thu Jul 28 2022 09:00:12 GMT-0700 (Pacific Daylight Time)","791547","Untrustworthy,Trustworthy","","null","","","","final_ratingFB","","trustrating_stim/white_00898_960530_fa_edt.bmp","null","","","","10","","","","","","5.5","",""
"image-keyboard-response","534","780831","0.0-14.0-1.4","60fdb99f392d7600a5d42c1f","bdp_trlrn","Thu Jul 28 2022 09:00:12 GMT-0700 (Pacific Daylight Time)","791547","Untrustworthy,Trustworthy","","1091","","","","final_rating","","trustrating_stim/white_00340_940422_fa_edt.bmp","1","","","","4","","","","","trustrating_stim/white_00340_940422_fa_edt.bmp","2.5","",""
"image-keyboard-response","535","781032","0.0-14.0-2.4","60fdb99f392d7600a5d42c1f","bdp_trlrn","Thu Jul 28 2022 09:00:12 GMT-0700 (Pacific Daylight Time)","791547","Untrustworthy,Trustworthy","","null","","","","final_ratingFB","","trustrating_stim/white_00340_940422_fa_edt.bmp","null","","","","4","","","","","","2.5","",""
"image-keyboard-response","536","783200","0.0-14.0-1.5","60fdb99f392d7600a5d42c1f","bdp_trlrn","Thu Jul 28 2022 09:00:12 GMT-0700 (Pacific Daylight Time)","791547","Untrustworthy,Trustworthy","","2065","","","","final_rating","","trustrating_stim/white_mw089.bmp","3","","","","8","","","","","trustrating_stim/white_mw089.bmp","5","",""
"image-keyboard-response","537","783402","0.0-14.0-2.5","60fdb99f392d7600a5d42c1f","bdp_trlrn","Thu Jul 28 2022 09:00:12 GMT-0700 (Pacific Daylight Time)","791547","Untrustworthy,Trustworthy","","null","","","","final_ratingFB","","trustrating_stim/white_mw089.bmp","null","","","","8","","","","","","5","",""
"image-keyboard-response","538","784096","0.0-14.0-1.6","60fdb99f392d7600a5d42c1f","bdp_trlrn","Thu Jul 28 2022 09:00:12 GMT-0700 (Pacific Daylight Time)","791547","Untrustworthy,Trustworthy","","591","","","","final_rating","","trustrating_stim/white_00120_931230_fa_edt.bmp","5","","","","6","","","","","trustrating_stim/white_00120_931230_fa_edt.bmp","3","",""
"image-keyboard-response","539","784298","0.0-14.0-2.6","60fdb99f392d7600a5d42c1f","bdp_trlrn","Thu Jul 28 2022 09:00:12 GMT-0700 (Pacific Daylight Time)","791547","Untrustworthy,Trustworthy","","null","","","","final_ratingFB","","trustrating_stim/white_00120_931230_fa_edt.bmp","null","","","","6","","","","","","3","",""
"image-keyboard-response","540","785152","0.0-14.0-1.7","60fdb99f392d7600a5d42c1f","bdp_trlrn","Thu Jul 28 2022 09:00:12 GMT-0700 (Pacific Daylight Time)","791547","Untrustworthy,Trustworthy","","750","","","","final_rating","","trustrating_stim/white_00659_941121_fa_edt.bmp","1","","","","2","","","","","trustrating_stim/white_00659_941121_fa_edt.bmp","1","",""
"image-keyboard-response","541","785354","0.0-14.0-2.7","60fdb99f392d7600a5d42c1f","bdp_trlrn","Thu Jul 28 2022 09:00:12 GMT-0700 (Pacific Daylight Time)","791547","Untrustworthy,Trustworthy","","null","","","","final_ratingFB","","trustrating_stim/white_00659_941121_fa_edt.bmp","null","","","","2","","","","","","1","",""
"image-keyboard-response","542","786282","0.0-14.0-1.8","60fdb99f392d7600a5d42c1f","bdp_trlrn","Thu Jul 28 2022 09:00:12 GMT-0700 (Pacific Daylight Time)","791547","Untrustworthy,Trustworthy","","825","","","","final_rating","","trustrating_stim/white_00761_941201_fb_edt.bmp","5","","","","9","","","","","trustrating_stim/white_00761_941201_fb_edt.bmp","5","",""
"image-keyboard-response","543","786485","0.0-14.0-2.8","60fdb99f392d7600a5d42c1f","bdp_trlrn","Thu Jul 28 2022 09:00:12 GMT-0700 (Pacific Daylight Time)","791547","Untrustworthy,Trustworthy","","null","","","","final_ratingFB","","trustrating_stim/white_00761_941201_fb_edt.bmp","null","","","","9","","","","","","5","",""
"image-keyboard-response","544","787642","0.0-14.0-1.9","60fdb99f392d7600a5d42c1f","bdp_trlrn","Thu Jul 28 2022 09:00:12 GMT-0700 (Pacific Daylight Time)","791547","Untrustworthy,Trustworthy","","1054","","","","final_rating","","trustrating_stim/white_mw053.bmp","8","","","","5","","","","","trustrating_stim/white_mw053.bmp","3","",""
"image-keyboard-response","545","787844","0.0-14.0-2.9","60fdb99f392d7600a5d42c1f","bdp_trlrn","Thu Jul 28 2022 09:00:12 GMT-0700 (Pacific Daylight Time)","791547","Untrustworthy,Trustworthy","","null","","","","final_ratingFB","","trustrating_stim/white_mw053.bmp","null","","","","5","","","","","","3","",""
"image-keyboard-response","546","789210","0.0-14.0-1.10","60fdb99f392d7600a5d42c1f","bdp_trlrn","Thu Jul 28 2022 09:00:12 GMT-0700 (Pacific Daylight Time)","791547","Untrustworthy,Trustworthy","","1263","","","","final_rating","","trustrating_stim/white_mw048.bmp","1","","","","1","","","","","trustrating_stim/white_mw048.bmp","1","",""
"image-keyboard-response","547","789413","0.0-14.0-2.10","60fdb99f392d7600a5d42c1f","bdp_trlrn","Thu Jul 28 2022 09:00:12 GMT-0700 (Pacific Daylight Time)","791547","Untrustworthy,Trustworthy","","null","","","","final_ratingFB","","trustrating_stim/white_mw048.bmp","null","","","","1","","","","","","1","",""
"image-keyboard-response","548","790240","0.0-14.0-1.11","60fdb99f392d7600a5d42c1f","bdp_trlrn","Thu Jul 28 2022 09:00:12 GMT-0700 (Pacific Daylight Time)","791547","Untrustworthy,Trustworthy","","724","","","","final_rating","","trustrating_stim/white_00109_931230_fa_edt.bmp","5","","","","11","","","","","trustrating_stim/white_00109_931230_fa_edt.bmp","6","",""
"image-keyboard-response","549","790443","0.0-14.0-2.11","60fdb99f392d7600a5d42c1f","bdp_trlrn","Thu Jul 28 2022 09:00:12 GMT-0700 (Pacific Daylight Time)","791547","Untrustworthy,Trustworthy","","null","","","","final_ratingFB","","trustrating_stim/white_00109_931230_fa_edt.bmp","null","","","","11","","","","","","6","",""
"fullscreen","550","791546","0.0-15.0","60fdb99f392d7600a5d42c1f","bdp_trlrn","Thu Jul 28 2022 09:00:12 GMT-0700 (Pacific Daylight Time)","791547","Untrustworthy,Trustworthy","","","","","","","true","","","","","","","","","","","","","",""
"html-keyboard-response","551","792054","0.0-16.0","","","","","","","null","","","","","","","null","","","","","","","","","","","",""
